Year,Geography,Economic family type,Demographic characteristics,Household food security status,GeoCode,Value
2018,,,,,,11.6
2019,,,,,,10.8
2020,,,,,,11.2
2021,,,,,,12.9
2022,,,,,,16.9
2020,Yukon,,,Food insecure,60,21.2
2020,Yukon,,,Food secure,60,78.8
2020,Northwest Territories,,,Food insecure,61,20.4
2020,Northwest Territories,,,Food secure,61,79.6
2020,Nunavut,,,Food insecure,62,49.5
2020,Nunavut,,,Food secure,62,50.5
2021,Yukon,,,Food insecure,60,12.8
2021,Yukon,,,Food secure,60,87.2
2021,Northwest Territories,,,Food insecure,61,22.2
2021,Northwest Territories,,,Food secure,61,77.8
2021,Nunavut,,,Food insecure,62,46.1
2021,Nunavut,,,Food secure,62,53.9
2018,Canada,All persons,,Food secure,,83.2
2018,Canada,All persons,,Food insecure,,16.8
2018,Canada,All persons,,"Food insecure, marginal",,5.2
2018,Canada,All persons,,"Food insecure, moderate",,8.0
2018,Canada,All persons,,"Food insecure, severe",,3.6
2018,Canada,Persons in economic families,,Food secure,,83.9
2018,Canada,Persons in economic families,,Food insecure,,16.1
2018,Canada,Persons in economic families,,"Food insecure, marginal",,5.2
2018,Canada,Persons in economic families,,"Food insecure, moderate or severe",,10.9
2018,Canada,Persons in economic families,,"Food insecure, moderate",,7.9
2018,Canada,Persons in economic families,,"Food insecure, severe",,3.0
2018,Canada,Persons in elderly families,,Food secure,,92.9
2018,Canada,Persons in elderly families,,Food insecure,,7.1
2018,Canada,Persons in elderly families,,"Food insecure, marginal",,2.7
2018,Canada,Persons in elderly families,,"Food insecure, moderate or severe",,4.5
2018,Canada,Persons in elderly families,,"Food insecure, moderate",,3.0
2018,Canada,Persons in elderly families,,"Food insecure, severe",,1.5
2018,Canada,Persons in elderly couples,,Food secure,,95.1
2018,Canada,Persons in elderly couples,,Food insecure,,4.9
2018,Canada,Persons in elderly couples,,"Food insecure, marginal",,2.0
2018,Canada,Persons in elderly couples,,"Food insecure, moderate or severe",,2.9
2018,Canada,Persons in elderly couples,,"Food insecure, moderate",,2.1
2018,Canada,Persons in elderly couples,,"Food insecure, severe",,0.8
2018,Canada,Persons in other elderly families,,Food secure,,87.4
2018,Canada,Persons in other elderly families,,Food insecure,,12.6
2018,Canada,Persons in other elderly families,,"Food insecure, marginal",,4.2
2018,Canada,Persons in other elderly families,,"Food insecure, moderate or severe",,8.3
2018,Canada,Persons in other elderly families,,"Food insecure, moderate",,5.1
2018,Canada,Persons in other elderly families,,"Food insecure, severe",,3.2
2018,Canada,Persons in non-elderly families,,Food secure,,82.4
2018,Canada,Persons in non-elderly families,,Food insecure,,17.6
2018,Canada,Persons in non-elderly families,,"Food insecure, marginal",,5.7
2018,Canada,Persons in non-elderly families,,"Food insecure, moderate or severe",,12.0
2018,Canada,Persons in non-elderly families,,"Food insecure, moderate",,8.8
2018,Canada,Persons in non-elderly families,,"Food insecure, severe",,3.2
2018,Canada,Persons in couples,,Food secure,,88.5
2018,Canada,Persons in couples,,Food insecure,,11.5
2018,Canada,Persons in couples,,"Food insecure, marginal",,3.9
2018,Canada,Persons in couples,,"Food insecure, moderate or severe",,7.6
2018,Canada,Persons in couples,,"Food insecure, moderate",,4.7
2018,Canada,Persons in couples,,"Food insecure, severe",,2.9
2018,Canada,Persons in couple families with children,,Food secure,,82.1
2018,Canada,Persons in couple families with children,,Food insecure,,17.9
2018,Canada,Persons in couple families with children,,"Food insecure, marginal",,6.6
2018,Canada,Persons in couple families with children,,"Food insecure, moderate or severe",,11.2
2018,Canada,Persons in couple families with children,,"Food insecure, moderate",,8.9
2018,Canada,Persons in couple families with children,,"Food insecure, severe",,2.3
2018,Canada,Persons in couple families with other relatives,,Food secure,,89.1
2018,Canada,Persons in couple families with other relatives,,Food insecure,,10.9
2018,Canada,Persons in couple families with other relatives,,"Food insecure, marginal",,2.7
2018,Canada,Persons in couple families with other relatives,,"Food insecure, moderate or severe",,8.2
2018,Canada,Persons in couple families with other relatives,,"Food insecure, moderate",,6.5
2018,Canada,Persons in couple families with other relatives,,"Food insecure, severe",,1.6
2018,Canada,Persons in lone-parent families,,Food secure,,57.8
2018,Canada,Persons in lone-parent families,,Food insecure,,42.2
2018,Canada,Persons in lone-parent families,,"Food insecure, marginal",,9.8
2018,Canada,Persons in lone-parent families,,"Food insecure, moderate or severe",,32.3
2018,Canada,Persons in lone-parent families,,"Food insecure, moderate",,21.4
2018,Canada,Persons in lone-parent families,,"Food insecure, severe",,11.0
2018,Canada,Persons in male lone-parent families,,Food secure,,69.1
2018,Canada,Persons in male lone-parent families,,Food insecure,,30.9
2018,Canada,Persons in male lone-parent families,,"Food insecure, marginal",,7.7
2018,Canada,Persons in male lone-parent families,,"Food insecure, moderate or severe",,23.2
2018,Canada,Persons in male lone-parent families,,"Food insecure, moderate",,17.1
2018,Canada,Persons in male lone-parent families,,"Food insecure, severe",,6.1
2018,Canada,Persons in female lone-parent families,,Food secure,,55.6
2018,Canada,Persons in female lone-parent families,,Food insecure,,44.4
2018,Canada,Persons in female lone-parent families,,"Food insecure, marginal",,10.3
2018,Canada,Persons in female lone-parent families,,"Food insecure, moderate or severe",,34.1
2018,Canada,Persons in female lone-parent families,,"Food insecure, moderate",,22.2
2018,Canada,Persons in female lone-parent families,,"Food insecure, severe",,11.9
2018,Canada,Persons in other non-elderly families,,Food secure,,78.5
2018,Canada,Persons in other non-elderly families,,Food insecure,,21.5
2018,Canada,Persons in other non-elderly families,,"Food insecure, marginal",,5.7
2018,Canada,Persons in other non-elderly families,,"Food insecure, moderate or severe",,15.8
2018,Canada,Persons in other non-elderly families,,"Food insecure, moderate",,10.4
2018,Canada,Persons in other non-elderly families,,"Food insecure, severe",,5.4
2018,Canada,Persons not in an economic family,,Food secure,,79.8
2018,Canada,Persons not in an economic family,,Food insecure,,20.2
2018,Canada,Persons not in an economic family,,"Food insecure, marginal",,4.9
2018,Canada,Persons not in an economic family,,"Food insecure, moderate or severe",,15.3
2018,Canada,Persons not in an economic family,,"Food insecure, moderate",,8.4
2018,Canada,Persons not in an economic family,,"Food insecure, severe",,6.9
2018,Canada,Elderly persons not in an economic family,,Food secure,,89.6
2018,Canada,Elderly persons not in an economic family,,Food insecure,,10.4
2018,Canada,Elderly persons not in an economic family,,"Food insecure, marginal",,3.5
2018,Canada,Elderly persons not in an economic family,,"Food insecure, moderate or severe",,6.9
2018,Canada,Elderly persons not in an economic family,,"Food insecure, moderate",,4.8
2018,Canada,Elderly persons not in an economic family,,"Food insecure, severe",,2.1
2018,Canada,Elderly males not in an economic family,,Food secure,,87.3
2018,Canada,Elderly males not in an economic family,,Food insecure,,12.7
2018,Canada,Elderly males not in an economic family,,"Food insecure, marginal",,3.3
2018,Canada,Elderly males not in an economic family,,"Food insecure, moderate or severe",,9.4
2018,Canada,Elderly males not in an economic family,,"Food insecure, moderate",,6.1
2018,Canada,Elderly males not in an economic family,,"Food insecure, severe",,3.2
2018,Canada,Elderly females not in an economic family,,Food secure,,90.7
2018,Canada,Elderly females not in an economic family,,Food insecure,,9.3
2018,Canada,Elderly females not in an economic family,,"Food insecure, marginal",,3.7
2018,Canada,Elderly females not in an economic family,,"Food insecure, moderate or severe",,5.6
2018,Canada,Elderly females not in an economic family,,"Food insecure, moderate",,4.1
2018,Canada,Elderly females not in an economic family,,"Food insecure, severe",,1.6
2018,Canada,Non-elderly persons not in an economic family,,Food secure,,75.5
2018,Canada,Non-elderly persons not in an economic family,,Food insecure,,24.5
2018,Canada,Non-elderly persons not in an economic family,,"Food insecure, marginal",,5.5
2018,Canada,Non-elderly persons not in an economic family,,"Food insecure, moderate or severe",,18.9
2018,Canada,Non-elderly persons not in an economic family,,"Food insecure, moderate",,9.9
2018,Canada,Non-elderly persons not in an economic family,,"Food insecure, severe",,9.0
2018,Canada,Non-elderly males not in an economic family,,Food secure,,75.5
2018,Canada,Non-elderly males not in an economic family,,Food insecure,,24.5
2018,Canada,Non-elderly males not in an economic family,,"Food insecure, marginal",,5.8
2018,Canada,Non-elderly males not in an economic family,,"Food insecure, moderate or severe",,18.7
2018,Canada,Non-elderly males not in an economic family,,"Food insecure, moderate",,9.0
2018,Canada,Non-elderly males not in an economic family,,"Food insecure, severe",,9.7
2018,Canada,Non-elderly females not in an economic family,,Food secure,,75.6
2018,Canada,Non-elderly females not in an economic family,,Food insecure,,24.4
2018,Canada,Non-elderly females not in an economic family,,"Food insecure, marginal",,5.2
2018,Canada,Non-elderly females not in an economic family,,"Food insecure, moderate or severe",,19.2
2018,Canada,Non-elderly females not in an economic family,,"Food insecure, moderate",,11.1
2018,Canada,Non-elderly females not in an economic family,,"Food insecure, severe",,8.1
2018,Atlantic provinces,All persons,,Food secure,,80.8
2018,Atlantic provinces,All persons,,Food insecure,,19.2
2018,Atlantic provinces,All persons,,"Food insecure, marginal",,5.6
2018,Atlantic provinces,All persons,,"Food insecure, moderate or severe",,13.6
2018,Atlantic provinces,All persons,,"Food insecure, moderate",,8.6
2018,Atlantic provinces,All persons,,"Food insecure, severe",,5.0
2018,Atlantic provinces,Persons in economic families,,Food secure,,81.6
2018,Atlantic provinces,Persons in economic families,,Food insecure,,18.4
2018,Atlantic provinces,Persons in economic families,,"Food insecure, marginal",,5.6
2018,Atlantic provinces,Persons in economic families,,"Food insecure, moderate or severe",,12.8
2018,Atlantic provinces,Persons in economic families,,"Food insecure, moderate",,8.5
2018,Atlantic provinces,Persons in economic families,,"Food insecure, severe",,4.3
2018,Atlantic provinces,Persons in elderly families,,Food secure,,90.8
2018,Atlantic provinces,Persons in elderly families,,Food insecure,,9.2
2018,Atlantic provinces,Persons in elderly families,,"Food insecure, marginal",,3.6
2018,Atlantic provinces,Persons in elderly families,,"Food insecure, moderate or severe",,5.6
2018,Atlantic provinces,Persons in elderly families,,"Food insecure, moderate",,3.7
2018,Atlantic provinces,Persons in elderly families,,"Food insecure, severe",,1.9
2018,Atlantic provinces,Persons in elderly couples,,Food secure,,92.7
2018,Atlantic provinces,Persons in elderly couples,,Food insecure,,7.3
2018,Atlantic provinces,Persons in elderly couples,,"Food insecure, marginal",,2.9
2018,Atlantic provinces,Persons in elderly couples,,"Food insecure, moderate or severe",,4.5
2018,Atlantic provinces,Persons in elderly couples,,"Food insecure, moderate",,3.0
2018,Atlantic provinces,Persons in elderly couples,,"Food insecure, severe",,1.5
2018,Atlantic provinces,Persons in other elderly families,,Food secure,,84.9
2018,Atlantic provinces,Persons in other elderly families,,Food insecure,,15.1
2018,Atlantic provinces,Persons in other elderly families,,"Food insecure, marginal",,6.0
2018,Atlantic provinces,Persons in other elderly families,,"Food insecure, moderate or severe",,9.1
2018,Atlantic provinces,Persons in other elderly families,,"Food insecure, moderate",,5.9
2018,Atlantic provinces,Persons in other elderly families,,"Food insecure, severe",,
2018,Atlantic provinces,Persons in non-elderly families,,Food secure,,79.6
2018,Atlantic provinces,Persons in non-elderly families,,Food insecure,,20.4
2018,Atlantic provinces,Persons in non-elderly families,,"Food insecure, marginal",,6.0
2018,Atlantic provinces,Persons in non-elderly families,,"Food insecure, moderate or severe",,14.4
2018,Atlantic provinces,Persons in non-elderly families,,"Food insecure, moderate",,9.5
2018,Atlantic provinces,Persons in non-elderly families,,"Food insecure, severe",,4.8
2018,Atlantic provinces,Persons in couples,,Food secure,,85.9
2018,Atlantic provinces,Persons in couples,,Food insecure,,14.1
2018,Atlantic provinces,Persons in couples,,"Food insecure, marginal",,3.9
2018,Atlantic provinces,Persons in couples,,"Food insecure, moderate or severe",,10.2
2018,Atlantic provinces,Persons in couples,,"Food insecure, moderate",,5.7
2018,Atlantic provinces,Persons in couples,,"Food insecure, severe",,4.5
2018,Atlantic provinces,Persons in couple families with children,,Food secure,,79.2
2018,Atlantic provinces,Persons in couple families with children,,Food insecure,,20.8
2018,Atlantic provinces,Persons in couple families with children,,"Food insecure, marginal",,7.8
2018,Atlantic provinces,Persons in couple families with children,,"Food insecure, moderate or severe",,13.0
2018,Atlantic provinces,Persons in couple families with children,,"Food insecure, moderate",,9.5
2018,Atlantic provinces,Persons in couple families with children,,"Food insecure, severe",,3.5
2018,Atlantic provinces,Persons in couple families with other relatives,,Food secure,,88.4
2018,Atlantic provinces,Persons in couple families with other relatives,,Food insecure,,11.6
2018,Atlantic provinces,Persons in couple families with other relatives,,"Food insecure, marginal",,
2018,Atlantic provinces,Persons in couple families with other relatives,,"Food insecure, moderate or severe",,9.9
2018,Atlantic provinces,Persons in couple families with other relatives,,"Food insecure, moderate",,8.3
2018,Atlantic provinces,Persons in couple families with other relatives,,"Food insecure, severe",,
2018,Atlantic provinces,Persons in lone-parent families,,Food secure,,56.3
2018,Atlantic provinces,Persons in lone-parent families,,Food insecure,,43.7
2018,Atlantic provinces,Persons in lone-parent families,,"Food insecure, marginal",,7.3
2018,Atlantic provinces,Persons in lone-parent families,,"Food insecure, moderate or severe",,36.4
2018,Atlantic provinces,Persons in lone-parent families,,"Food insecure, moderate",,21.7
2018,Atlantic provinces,Persons in lone-parent families,,"Food insecure, severe",,14.7
2018,Atlantic provinces,Persons in male lone-parent families,,Food secure,,65.7
2018,Atlantic provinces,Persons in male lone-parent families,,Food insecure,,34.3
2018,Atlantic provinces,Persons in male lone-parent families,,"Food insecure, marginal",,
2018,Atlantic provinces,Persons in male lone-parent families,,"Food insecure, moderate or severe",,26.4
2018,Atlantic provinces,Persons in male lone-parent families,,"Food insecure, moderate",,
2018,Atlantic provinces,Persons in male lone-parent families,,"Food insecure, severe",,
2018,Atlantic provinces,Persons in female lone-parent families,,Food secure,,54.3
2018,Atlantic provinces,Persons in female lone-parent families,,Food insecure,,45.7
2018,Atlantic provinces,Persons in female lone-parent families,,"Food insecure, marginal",,7.3
2018,Atlantic provinces,Persons in female lone-parent families,,"Food insecure, moderate or severe",,38.4
2018,Atlantic provinces,Persons in female lone-parent families,,"Food insecure, moderate",,22.5
2018,Atlantic provinces,Persons in female lone-parent families,,"Food insecure, severe",,16.0
2018,Atlantic provinces,Persons in other non-elderly families,,Food secure,,73.8
2018,Atlantic provinces,Persons in other non-elderly families,,Food insecure,,26.2
2018,Atlantic provinces,Persons in other non-elderly families,,"Food insecure, marginal",,8.7
2018,Atlantic provinces,Persons in other non-elderly families,,"Food insecure, moderate or severe",,17.4
2018,Atlantic provinces,Persons in other non-elderly families,,"Food insecure, moderate",,9.8
2018,Atlantic provinces,Persons in other non-elderly families,,"Food insecure, severe",,7.6
2018,Atlantic provinces,Persons not in an economic family,,Food secure,,76.6
2018,Atlantic provinces,Persons not in an economic family,,Food insecure,,23.4
2018,Atlantic provinces,Persons not in an economic family,,"Food insecure, marginal",,5.7
2018,Atlantic provinces,Persons not in an economic family,,"Food insecure, moderate or severe",,17.6
2018,Atlantic provinces,Persons not in an economic family,,"Food insecure, moderate",,9.0
2018,Atlantic provinces,Persons not in an economic family,,"Food insecure, severe",,8.6
2018,Atlantic provinces,Elderly persons not in an economic family,,Food secure,,84.2
2018,Atlantic provinces,Elderly persons not in an economic family,,Food insecure,,15.8
2018,Atlantic provinces,Elderly persons not in an economic family,,"Food insecure, marginal",,4.9
2018,Atlantic provinces,Elderly persons not in an economic family,,"Food insecure, moderate or severe",,10.9
2018,Atlantic provinces,Elderly persons not in an economic family,,"Food insecure, moderate",,6.6
2018,Atlantic provinces,Elderly persons not in an economic family,,"Food insecure, severe",,4.3
2018,Atlantic provinces,Elderly males not in an economic family,,Food secure,,78.9
2018,Atlantic provinces,Elderly males not in an economic family,,Food insecure,,21.1
2018,Atlantic provinces,Elderly males not in an economic family,,"Food insecure, marginal",,6.8
2018,Atlantic provinces,Elderly males not in an economic family,,"Food insecure, moderate or severe",,14.3
2018,Atlantic provinces,Elderly males not in an economic family,,"Food insecure, moderate",,8.2
2018,Atlantic provinces,Elderly males not in an economic family,,"Food insecure, severe",,6.1
2018,Atlantic provinces,Elderly females not in an economic family,,Food secure,,87.2
2018,Atlantic provinces,Elderly females not in an economic family,,Food insecure,,12.8
2018,Atlantic provinces,Elderly females not in an economic family,,"Food insecure, marginal",,3.9
2018,Atlantic provinces,Elderly females not in an economic family,,"Food insecure, moderate or severe",,9.0
2018,Atlantic provinces,Elderly females not in an economic family,,"Food insecure, moderate",,5.7
2018,Atlantic provinces,Elderly females not in an economic family,,"Food insecure, severe",,3.3
2018,Atlantic provinces,Non-elderly persons not in an economic family,,Food secure,,72.7
2018,Atlantic provinces,Non-elderly persons not in an economic family,,Food insecure,,27.3
2018,Atlantic provinces,Non-elderly persons not in an economic family,,"Food insecure, marginal",,6.2
2018,Atlantic provinces,Non-elderly persons not in an economic family,,"Food insecure, moderate or severe",,21.1
2018,Atlantic provinces,Non-elderly persons not in an economic family,,"Food insecure, moderate",,10.3
2018,Atlantic provinces,Non-elderly persons not in an economic family,,"Food insecure, severe",,10.8
2018,Atlantic provinces,Non-elderly males not in an economic family,,Food secure,,73.2
2018,Atlantic provinces,Non-elderly males not in an economic family,,Food insecure,,26.8
2018,Atlantic provinces,Non-elderly males not in an economic family,,"Food insecure, marginal",,6.2
2018,Atlantic provinces,Non-elderly males not in an economic family,,"Food insecure, moderate or severe",,20.6
2018,Atlantic provinces,Non-elderly males not in an economic family,,"Food insecure, moderate",,10.2
2018,Atlantic provinces,Non-elderly males not in an economic family,,"Food insecure, severe",,10.4
2018,Atlantic provinces,Non-elderly females not in an economic family,,Food secure,,72.1
2018,Atlantic provinces,Non-elderly females not in an economic family,,Food insecure,,27.9
2018,Atlantic provinces,Non-elderly females not in an economic family,,"Food insecure, marginal",,6.1
2018,Atlantic provinces,Non-elderly females not in an economic family,,"Food insecure, moderate or severe",,21.8
2018,Atlantic provinces,Non-elderly females not in an economic family,,"Food insecure, moderate",,10.5
2018,Atlantic provinces,Non-elderly females not in an economic family,,"Food insecure, severe",,11.3
2018,Newfoundland and Labrador,All persons,,Food secure,10,81.1
2018,Newfoundland and Labrador,All persons,,Food insecure,10,18.9
2018,Newfoundland and Labrador,All persons,,"Food insecure, marginal",10,6.9
2018,Newfoundland and Labrador,All persons,,"Food insecure, moderate or severe",10,12.0
2018,Newfoundland and Labrador,All persons,,"Food insecure, moderate",10,8.0
2018,Newfoundland and Labrador,All persons,,"Food insecure, severe",10,4.0
2018,Newfoundland and Labrador,Persons in economic families,,Food secure,10,81.8
2018,Newfoundland and Labrador,Persons in economic families,,Food insecure,10,18.2
2018,Newfoundland and Labrador,Persons in economic families,,"Food insecure, marginal",10,7.4
2018,Newfoundland and Labrador,Persons in economic families,,"Food insecure, moderate or severe",10,10.9
2018,Newfoundland and Labrador,Persons in economic families,,"Food insecure, moderate",10,7.3
2018,Newfoundland and Labrador,Persons in economic families,,"Food insecure, severe",10,3.6
2018,Newfoundland and Labrador,Persons in elderly families,,Food secure,10,90.3
2018,Newfoundland and Labrador,Persons in elderly families,,Food insecure,10,9.7
2018,Newfoundland and Labrador,Persons in elderly families,,"Food insecure, marginal",10,3.3
2018,Newfoundland and Labrador,Persons in elderly families,,"Food insecure, moderate or severe",10,6.4
2018,Newfoundland and Labrador,Persons in elderly families,,"Food insecure, moderate",10,4.5
2018,Newfoundland and Labrador,Persons in elderly families,,"Food insecure, severe",10,
2018,Newfoundland and Labrador,Persons in elderly couples,,Food secure,10,89.4
2018,Newfoundland and Labrador,Persons in elderly couples,,Food insecure,10,10.6
2018,Newfoundland and Labrador,Persons in elderly couples,,"Food insecure, marginal",10,4.2
2018,Newfoundland and Labrador,Persons in elderly couples,,"Food insecure, moderate or severe",10,6.4
2018,Newfoundland and Labrador,Persons in elderly couples,,"Food insecure, moderate",10,4.0
2018,Newfoundland and Labrador,Persons in elderly couples,,"Food insecure, severe",10,
2018,Newfoundland and Labrador,Persons in other elderly families,,Food secure,10,93.7
2018,Newfoundland and Labrador,Persons in other elderly families,,Food insecure,10,
2018,Newfoundland and Labrador,Persons in other elderly families,,"Food insecure, marginal",10,
2018,Newfoundland and Labrador,Persons in other elderly families,,"Food insecure, moderate or severe",10,
2018,Newfoundland and Labrador,Persons in other elderly families,,"Food insecure, moderate",10,
2018,Newfoundland and Labrador,Persons in other elderly families,,"Food insecure, severe",10,
2018,Newfoundland and Labrador,Persons in non-elderly families,,Food secure,10,79.9
2018,Newfoundland and Labrador,Persons in non-elderly families,,Food insecure,10,20.1
2018,Newfoundland and Labrador,Persons in non-elderly families,,"Food insecure, marginal",10,8.3
2018,Newfoundland and Labrador,Persons in non-elderly families,,"Food insecure, moderate or severe",10,11.9
2018,Newfoundland and Labrador,Persons in non-elderly families,,"Food insecure, moderate",10,7.9
2018,Newfoundland and Labrador,Persons in non-elderly families,,"Food insecure, severe",10,3.9
2018,Newfoundland and Labrador,Persons in couples,,Food secure,10,88.9
2018,Newfoundland and Labrador,Persons in couples,,Food insecure,10,11.1
2018,Newfoundland and Labrador,Persons in couples,,"Food insecure, marginal",10,
2018,Newfoundland and Labrador,Persons in couples,,"Food insecure, moderate or severe",10,8.1
2018,Newfoundland and Labrador,Persons in couples,,"Food insecure, moderate",10,5.0
2018,Newfoundland and Labrador,Persons in couples,,"Food insecure, severe",10,
2018,Newfoundland and Labrador,Persons in couple families with children,,Food secure,10,80.2
2018,Newfoundland and Labrador,Persons in couple families with children,,Food insecure,10,19.8
2018,Newfoundland and Labrador,Persons in couple families with children,,"Food insecure, marginal",10,10.9
2018,Newfoundland and Labrador,Persons in couple families with children,,"Food insecure, moderate or severe",10,8.8
2018,Newfoundland and Labrador,Persons in couple families with children,,"Food insecure, moderate",10,5.8
2018,Newfoundland and Labrador,Persons in couple families with children,,"Food insecure, severe",10,
2018,Newfoundland and Labrador,Persons in couple families with other relatives,,Food secure,10,89.1
2018,Newfoundland and Labrador,Persons in couple families with other relatives,,Food insecure,10,10.9
2018,Newfoundland and Labrador,Persons in couple families with other relatives,,"Food insecure, marginal",10,
2018,Newfoundland and Labrador,Persons in couple families with other relatives,,"Food insecure, moderate or severe",10,
2018,Newfoundland and Labrador,Persons in couple families with other relatives,,"Food insecure, moderate",10,
2018,Newfoundland and Labrador,Persons in couple families with other relatives,,"Food insecure, severe",10,
2018,Newfoundland and Labrador,Persons in lone-parent families,,Food secure,10,52.7
2018,Newfoundland and Labrador,Persons in lone-parent families,,Food insecure,10,47.3
2018,Newfoundland and Labrador,Persons in lone-parent families,,"Food insecure, marginal",10,
2018,Newfoundland and Labrador,Persons in lone-parent families,,"Food insecure, moderate or severe",10,37.5
2018,Newfoundland and Labrador,Persons in lone-parent families,,"Food insecure, moderate",10,26.0
2018,Newfoundland and Labrador,Persons in lone-parent families,,"Food insecure, severe",10,
2018,Newfoundland and Labrador,Persons in male lone-parent families,,Food secure,10,
2018,Newfoundland and Labrador,Persons in male lone-parent families,,Food insecure,10,
2018,Newfoundland and Labrador,Persons in male lone-parent families,,"Food insecure, marginal",10,
2018,Newfoundland and Labrador,Persons in male lone-parent families,,"Food insecure, moderate or severe",10,
2018,Newfoundland and Labrador,Persons in male lone-parent families,,"Food insecure, moderate",10,
2018,Newfoundland and Labrador,Persons in male lone-parent families,,"Food insecure, severe",10,
2018,Newfoundland and Labrador,Persons in female lone-parent families,,Food secure,10,52.5
2018,Newfoundland and Labrador,Persons in female lone-parent families,,Food insecure,10,47.5
2018,Newfoundland and Labrador,Persons in female lone-parent families,,"Food insecure, marginal",10,
2018,Newfoundland and Labrador,Persons in female lone-parent families,,"Food insecure, moderate or severe",10,36.1
2018,Newfoundland and Labrador,Persons in female lone-parent families,,"Food insecure, moderate",10,22.6
2018,Newfoundland and Labrador,Persons in female lone-parent families,,"Food insecure, severe",10,
2018,Newfoundland and Labrador,Persons in other non-elderly families,,Food secure,10,70.7
2018,Newfoundland and Labrador,Persons in other non-elderly families,,Food insecure,10,29.3
2018,Newfoundland and Labrador,Persons in other non-elderly families,,"Food insecure, marginal",10,10.8
2018,Newfoundland and Labrador,Persons in other non-elderly families,,"Food insecure, moderate or severe",10,18.5
2018,Newfoundland and Labrador,Persons in other non-elderly families,,"Food insecure, moderate",10,10.6
2018,Newfoundland and Labrador,Persons in other non-elderly families,,"Food insecure, severe",10,
2018,Newfoundland and Labrador,Persons not in an economic family,,Food secure,10,77.1
2018,Newfoundland and Labrador,Persons not in an economic family,,Food insecure,10,22.9
2018,Newfoundland and Labrador,Persons not in an economic family,,"Food insecure, marginal",10,4.3
2018,Newfoundland and Labrador,Persons not in an economic family,,"Food insecure, moderate or severe",10,18.6
2018,Newfoundland and Labrador,Persons not in an economic family,,"Food insecure, moderate",10,11.8
2018,Newfoundland and Labrador,Persons not in an economic family,,"Food insecure, severe",10,6.8
2018,Newfoundland and Labrador,Elderly persons not in an economic family,,Food secure,10,82.9
2018,Newfoundland and Labrador,Elderly persons not in an economic family,,Food insecure,10,17.1
2018,Newfoundland and Labrador,Elderly persons not in an economic family,,"Food insecure, marginal",10,4.8
2018,Newfoundland and Labrador,Elderly persons not in an economic family,,"Food insecure, moderate or severe",10,12.3
2018,Newfoundland and Labrador,Elderly persons not in an economic family,,"Food insecure, moderate",10,9.7
2018,Newfoundland and Labrador,Elderly persons not in an economic family,,"Food insecure, severe",10,
2018,Newfoundland and Labrador,Elderly males not in an economic family,,Food secure,10,77.7
2018,Newfoundland and Labrador,Elderly males not in an economic family,,Food insecure,10,22.3
2018,Newfoundland and Labrador,Elderly males not in an economic family,,"Food insecure, marginal",10,
2018,Newfoundland and Labrador,Elderly males not in an economic family,,"Food insecure, moderate or severe",10,14.3
2018,Newfoundland and Labrador,Elderly males not in an economic family,,"Food insecure, moderate",10,
2018,Newfoundland and Labrador,Elderly males not in an economic family,,"Food insecure, severe",10,
2018,Newfoundland and Labrador,Elderly females not in an economic family,,Food secure,10,86.0
2018,Newfoundland and Labrador,Elderly females not in an economic family,,Food insecure,10,14.0
2018,Newfoundland and Labrador,Elderly females not in an economic family,,"Food insecure, marginal",10,
2018,Newfoundland and Labrador,Elderly females not in an economic family,,"Food insecure, moderate or severe",10,11.0
2018,Newfoundland and Labrador,Elderly females not in an economic family,,"Food insecure, moderate",10,7.9
2018,Newfoundland and Labrador,Elderly females not in an economic family,,"Food insecure, severe",10,
2018,Newfoundland and Labrador,Non-elderly persons not in an economic family,,Food secure,10,73.9
2018,Newfoundland and Labrador,Non-elderly persons not in an economic family,,Food insecure,10,26.1
2018,Newfoundland and Labrador,Non-elderly persons not in an economic family,,"Food insecure, marginal",10,4.0
2018,Newfoundland and Labrador,Non-elderly persons not in an economic family,,"Food insecure, moderate or severe",10,22.1
2018,Newfoundland and Labrador,Non-elderly persons not in an economic family,,"Food insecure, moderate",10,13.0
2018,Newfoundland and Labrador,Non-elderly persons not in an economic family,,"Food insecure, severe",10,9.1
2018,Newfoundland and Labrador,Non-elderly males not in an economic family,,Food secure,10,77.6
2018,Newfoundland and Labrador,Non-elderly males not in an economic family,,Food insecure,10,22.4
2018,Newfoundland and Labrador,Non-elderly males not in an economic family,,"Food insecure, marginal",10,
2018,Newfoundland and Labrador,Non-elderly males not in an economic family,,"Food insecure, moderate or severe",10,19.0
2018,Newfoundland and Labrador,Non-elderly males not in an economic family,,"Food insecure, moderate",10,11.8
2018,Newfoundland and Labrador,Non-elderly males not in an economic family,,"Food insecure, severe",10,7.2
2018,Newfoundland and Labrador,Non-elderly females not in an economic family,,Food secure,10,68.5
2018,Newfoundland and Labrador,Non-elderly females not in an economic family,,Food insecure,10,31.5
2018,Newfoundland and Labrador,Non-elderly females not in an economic family,,"Food insecure, marginal",10,
2018,Newfoundland and Labrador,Non-elderly females not in an economic family,,"Food insecure, moderate or severe",10,26.5
2018,Newfoundland and Labrador,Non-elderly females not in an economic family,,"Food insecure, moderate",10,14.7
2018,Newfoundland and Labrador,Non-elderly females not in an economic family,,"Food insecure, severe",10,11.8
2018,Prince Edward Island,All persons,,Food secure,11,82.7
2018,Prince Edward Island,All persons,,Food insecure,11,17.3
2018,Prince Edward Island,All persons,,"Food insecure, marginal",11,5.0
2018,Prince Edward Island,All persons,,"Food insecure, moderate or severe",11,12.3
2018,Prince Edward Island,All persons,,"Food insecure, moderate",11,7.4
2018,Prince Edward Island,All persons,,"Food insecure, severe",11,4.9
2018,Prince Edward Island,Persons in economic families,,Food secure,11,83.6
2018,Prince Edward Island,Persons in economic families,,Food insecure,11,16.4
2018,Prince Edward Island,Persons in economic families,,"Food insecure, marginal",11,4.7
2018,Prince Edward Island,Persons in economic families,,"Food insecure, moderate or severe",11,11.7
2018,Prince Edward Island,Persons in economic families,,"Food insecure, moderate",11,7.6
2018,Prince Edward Island,Persons in economic families,,"Food insecure, severe",11,4.1
2018,Prince Edward Island,Persons in elderly families,,Food secure,11,92.9
2018,Prince Edward Island,Persons in elderly families,,Food insecure,11,
2018,Prince Edward Island,Persons in elderly families,,"Food insecure, marginal",11,
2018,Prince Edward Island,Persons in elderly families,,"Food insecure, moderate or severe",11,
2018,Prince Edward Island,Persons in elderly families,,"Food insecure, moderate",11,
2018,Prince Edward Island,Persons in elderly families,,"Food insecure, severe",11,
2018,Prince Edward Island,Persons in elderly couples,,Food secure,11,97.7
2018,Prince Edward Island,Persons in elderly couples,,Food insecure,11,
2018,Prince Edward Island,Persons in elderly couples,,"Food insecure, marginal",11,
2018,Prince Edward Island,Persons in elderly couples,,"Food insecure, moderate or severe",11,
2018,Prince Edward Island,Persons in elderly couples,,"Food insecure, moderate",11,
2018,Prince Edward Island,Persons in elderly couples,,"Food insecure, severe",11,
2018,Prince Edward Island,Persons in other elderly families,,Food secure,11,82.5
2018,Prince Edward Island,Persons in other elderly families,,Food insecure,11,
2018,Prince Edward Island,Persons in other elderly families,,"Food insecure, marginal",11,
2018,Prince Edward Island,Persons in other elderly families,,"Food insecure, moderate or severe",11,
2018,Prince Edward Island,Persons in other elderly families,,"Food insecure, moderate",11,
2018,Prince Edward Island,Persons in other elderly families,,"Food insecure, severe",11,
2018,Prince Edward Island,Persons in non-elderly families,,Food secure,11,81.7
2018,Prince Edward Island,Persons in non-elderly families,,Food insecure,11,18.3
2018,Prince Edward Island,Persons in non-elderly families,,"Food insecure, marginal",11,5.0
2018,Prince Edward Island,Persons in non-elderly families,,"Food insecure, moderate or severe",11,13.3
2018,Prince Edward Island,Persons in non-elderly families,,"Food insecure, moderate",11,8.8
2018,Prince Edward Island,Persons in non-elderly families,,"Food insecure, severe",11,4.5
2018,Prince Edward Island,Persons in couples,,Food secure,11,87.1
2018,Prince Edward Island,Persons in couples,,Food insecure,11,12.9
2018,Prince Edward Island,Persons in couples,,"Food insecure, marginal",11,
2018,Prince Edward Island,Persons in couples,,"Food insecure, moderate or severe",11,11.1
2018,Prince Edward Island,Persons in couples,,"Food insecure, moderate",11,6.8
2018,Prince Edward Island,Persons in couples,,"Food insecure, severe",11,4.3
2018,Prince Edward Island,Persons in couple families with children,,Food secure,11,83.1
2018,Prince Edward Island,Persons in couple families with children,,Food insecure,11,16.9
2018,Prince Edward Island,Persons in couple families with children,,"Food insecure, marginal",11,5.3
2018,Prince Edward Island,Persons in couple families with children,,"Food insecure, moderate or severe",11,11.6
2018,Prince Edward Island,Persons in couple families with children,,"Food insecure, moderate",11,7.3
2018,Prince Edward Island,Persons in couple families with children,,"Food insecure, severe",11,
2018,Prince Edward Island,Persons in couple families with other relatives,,Food secure,11,92.8
2018,Prince Edward Island,Persons in couple families with other relatives,,Food insecure,11,
2018,Prince Edward Island,Persons in couple families with other relatives,,"Food insecure, marginal",11,
2018,Prince Edward Island,Persons in couple families with other relatives,,"Food insecure, moderate or severe",11,
2018,Prince Edward Island,Persons in couple families with other relatives,,"Food insecure, moderate",11,
2018,Prince Edward Island,Persons in couple families with other relatives,,"Food insecure, severe",11,
2018,Prince Edward Island,Persons in lone-parent families,,Food secure,11,48.6
2018,Prince Edward Island,Persons in lone-parent families,,Food insecure,11,51.4
2018,Prince Edward Island,Persons in lone-parent families,,"Food insecure, marginal",11,
2018,Prince Edward Island,Persons in lone-parent families,,"Food insecure, moderate or severe",11,34.5
2018,Prince Edward Island,Persons in lone-parent families,,"Food insecure, moderate",11,21.9
2018,Prince Edward Island,Persons in lone-parent families,,"Food insecure, severe",11,
2018,Prince Edward Island,Persons in male lone-parent families,,Food secure,11,
2018,Prince Edward Island,Persons in male lone-parent families,,Food insecure,11,
2018,Prince Edward Island,Persons in male lone-parent families,,"Food insecure, marginal",11,
2018,Prince Edward Island,Persons in male lone-parent families,,"Food insecure, moderate or severe",11,
2018,Prince Edward Island,Persons in male lone-parent families,,"Food insecure, moderate",11,
2018,Prince Edward Island,Persons in male lone-parent families,,"Food insecure, severe",11,
2018,Prince Edward Island,Persons in female lone-parent families,,Food secure,11,47.3
2018,Prince Edward Island,Persons in female lone-parent families,,Food insecure,11,52.7
2018,Prince Edward Island,Persons in female lone-parent families,,"Food insecure, marginal",11,
2018,Prince Edward Island,Persons in female lone-parent families,,"Food insecure, moderate or severe",11,33.8
2018,Prince Edward Island,Persons in female lone-parent families,,"Food insecure, moderate",11,
2018,Prince Edward Island,Persons in female lone-parent families,,"Food insecure, severe",11,
2018,Prince Edward Island,Persons in other non-elderly families,,Food secure,11,73.7
2018,Prince Edward Island,Persons in other non-elderly families,,Food insecure,11,26.3
2018,Prince Edward Island,Persons in other non-elderly families,,"Food insecure, marginal",11,
2018,Prince Edward Island,Persons in other non-elderly families,,"Food insecure, moderate or severe",11,19.5
2018,Prince Edward Island,Persons in other non-elderly families,,"Food insecure, moderate",11,13.8
2018,Prince Edward Island,Persons in other non-elderly families,,"Food insecure, severe",11,
2018,Prince Edward Island,Persons not in an economic family,,Food secure,11,78.4
2018,Prince Edward Island,Persons not in an economic family,,Food insecure,11,21.6
2018,Prince Edward Island,Persons not in an economic family,,"Food insecure, marginal",11,6.1
2018,Prince Edward Island,Persons not in an economic family,,"Food insecure, moderate or severe",11,15.5
2018,Prince Edward Island,Persons not in an economic family,,"Food insecure, moderate",11,6.4
2018,Prince Edward Island,Persons not in an economic family,,"Food insecure, severe",11,9.2
2018,Prince Edward Island,Elderly persons not in an economic family,,Food secure,11,85.7
2018,Prince Edward Island,Elderly persons not in an economic family,,Food insecure,11,14.3
2018,Prince Edward Island,Elderly persons not in an economic family,,"Food insecure, marginal",11,6.9
2018,Prince Edward Island,Elderly persons not in an economic family,,"Food insecure, moderate or severe",11,7.4
2018,Prince Edward Island,Elderly persons not in an economic family,,"Food insecure, moderate",11,
2018,Prince Edward Island,Elderly persons not in an economic family,,"Food insecure, severe",11,
2018,Prince Edward Island,Elderly males not in an economic family,,Food secure,11,81.0
2018,Prince Edward Island,Elderly males not in an economic family,,Food insecure,11,19.0
2018,Prince Edward Island,Elderly males not in an economic family,,"Food insecure, marginal",11,
2018,Prince Edward Island,Elderly males not in an economic family,,"Food insecure, moderate or severe",11,
2018,Prince Edward Island,Elderly males not in an economic family,,"Food insecure, moderate",11,
2018,Prince Edward Island,Elderly males not in an economic family,,"Food insecure, severe",11,
2018,Prince Edward Island,Elderly females not in an economic family,,Food secure,11,88.0
2018,Prince Edward Island,Elderly females not in an economic family,,Food insecure,11,12.0
2018,Prince Edward Island,Elderly females not in an economic family,,"Food insecure, marginal",11,
2018,Prince Edward Island,Elderly females not in an economic family,,"Food insecure, moderate or severe",11,
2018,Prince Edward Island,Elderly females not in an economic family,,"Food insecure, moderate",11,
2018,Prince Edward Island,Elderly females not in an economic family,,"Food insecure, severe",11,
2018,Prince Edward Island,Non-elderly persons not in an economic family,,Food secure,11,74.3
2018,Prince Edward Island,Non-elderly persons not in an economic family,,Food insecure,11,25.7
2018,Prince Edward Island,Non-elderly persons not in an economic family,,"Food insecure, marginal",11,5.7
2018,Prince Edward Island,Non-elderly persons not in an economic family,,"Food insecure, moderate or severe",11,20.0
2018,Prince Edward Island,Non-elderly persons not in an economic family,,"Food insecure, moderate",11,8.5
2018,Prince Edward Island,Non-elderly persons not in an economic family,,"Food insecure, severe",11,11.5
2018,Prince Edward Island,Non-elderly males not in an economic family,,Food secure,11,74.1
2018,Prince Edward Island,Non-elderly males not in an economic family,,Food insecure,11,25.9
2018,Prince Edward Island,Non-elderly males not in an economic family,,"Food insecure, marginal",11,
2018,Prince Edward Island,Non-elderly males not in an economic family,,"Food insecure, moderate or severe",11,21.6
2018,Prince Edward Island,Non-elderly males not in an economic family,,"Food insecure, moderate",11,9.6
2018,Prince Edward Island,Non-elderly males not in an economic family,,"Food insecure, severe",11,12.0
2018,Prince Edward Island,Non-elderly females not in an economic family,,Food secure,11,74.5
2018,Prince Edward Island,Non-elderly females not in an economic family,,Food insecure,11,25.5
2018,Prince Edward Island,Non-elderly females not in an economic family,,"Food insecure, marginal",11,
2018,Prince Edward Island,Non-elderly females not in an economic family,,"Food insecure, moderate or severe",11,17.9
2018,Prince Edward Island,Non-elderly females not in an economic family,,"Food insecure, moderate",11,
2018,Prince Edward Island,Non-elderly females not in an economic family,,"Food insecure, severe",11,10.9
2018,Nova Scotia,All persons,,Food secure,12,79.1
2018,Nova Scotia,All persons,,Food insecure,12,20.9
2018,Nova Scotia,All persons,,"Food insecure, marginal",12,5.4
2018,Nova Scotia,All persons,,"Food insecure, moderate or severe",12,15.5
2018,Nova Scotia,All persons,,"Food insecure, moderate",12,9.6
2018,Nova Scotia,All persons,,"Food insecure, severe",12,5.9
2018,Nova Scotia,Persons in economic families,,Food secure,12,79.8
2018,Nova Scotia,Persons in economic families,,Food insecure,12,20.2
2018,Nova Scotia,Persons in economic families,,"Food insecure, marginal",12,5.3
2018,Nova Scotia,Persons in economic families,,"Food insecure, moderate or severe",12,14.9
2018,Nova Scotia,Persons in economic families,,"Food insecure, moderate",12,10.0
2018,Nova Scotia,Persons in economic families,,"Food insecure, severe",12,4.9
2018,Nova Scotia,Persons in elderly families,,Food secure,12,91.9
2018,Nova Scotia,Persons in elderly families,,Food insecure,12,8.1
2018,Nova Scotia,Persons in elderly families,,"Food insecure, marginal",12,3.7
2018,Nova Scotia,Persons in elderly families,,"Food insecure, moderate or severe",12,4.3
2018,Nova Scotia,Persons in elderly families,,"Food insecure, moderate",12,
2018,Nova Scotia,Persons in elderly families,,"Food insecure, severe",12,
2018,Nova Scotia,Persons in elderly couples,,Food secure,12,93.9
2018,Nova Scotia,Persons in elderly couples,,Food insecure,12,6.1
2018,Nova Scotia,Persons in elderly couples,,"Food insecure, marginal",12,2.7
2018,Nova Scotia,Persons in elderly couples,,"Food insecure, moderate or severe",12,3.4
2018,Nova Scotia,Persons in elderly couples,,"Food insecure, moderate",12,
2018,Nova Scotia,Persons in elderly couples,,"Food insecure, severe",12,
2018,Nova Scotia,Persons in other elderly families,,Food secure,12,86.0
2018,Nova Scotia,Persons in other elderly families,,Food insecure,12,
2018,Nova Scotia,Persons in other elderly families,,"Food insecure, marginal",12,
2018,Nova Scotia,Persons in other elderly families,,"Food insecure, moderate or severe",12,
2018,Nova Scotia,Persons in other elderly families,,"Food insecure, moderate",12,
2018,Nova Scotia,Persons in other elderly families,,"Food insecure, severe",12,
2018,Nova Scotia,Persons in non-elderly families,,Food secure,12,77.1
2018,Nova Scotia,Persons in non-elderly families,,Food insecure,12,22.9
2018,Nova Scotia,Persons in non-elderly families,,"Food insecure, marginal",12,5.6
2018,Nova Scotia,Persons in non-elderly families,,"Food insecure, moderate or severe",12,17.3
2018,Nova Scotia,Persons in non-elderly families,,"Food insecure, moderate",12,11.8
2018,Nova Scotia,Persons in non-elderly families,,"Food insecure, severe",12,5.5
2018,Nova Scotia,Persons in couples,,Food secure,12,83.2
2018,Nova Scotia,Persons in couples,,Food insecure,12,16.8
2018,Nova Scotia,Persons in couples,,"Food insecure, marginal",12,4.8
2018,Nova Scotia,Persons in couples,,"Food insecure, moderate or severe",12,12.0
2018,Nova Scotia,Persons in couples,,"Food insecure, moderate",12,6.5
2018,Nova Scotia,Persons in couples,,"Food insecure, severe",12,5.6
2018,Nova Scotia,Persons in couple families with children,,Food secure,12,77.2
2018,Nova Scotia,Persons in couple families with children,,Food insecure,12,22.8
2018,Nova Scotia,Persons in couple families with children,,"Food insecure, marginal",12,7.0
2018,Nova Scotia,Persons in couple families with children,,"Food insecure, moderate or severe",12,15.8
2018,Nova Scotia,Persons in couple families with children,,"Food insecure, moderate",12,12.7
2018,Nova Scotia,Persons in couple families with children,,"Food insecure, severe",12,3.2
2018,Nova Scotia,Persons in couple families with other relatives,,Food secure,12,86.8
2018,Nova Scotia,Persons in couple families with other relatives,,Food insecure,12,13.2
2018,Nova Scotia,Persons in couple families with other relatives,,"Food insecure, marginal",12,
2018,Nova Scotia,Persons in couple families with other relatives,,"Food insecure, moderate or severe",12,12.8
2018,Nova Scotia,Persons in couple families with other relatives,,"Food insecure, moderate",12,10.8
2018,Nova Scotia,Persons in couple families with other relatives,,"Food insecure, severe",12,
2018,Nova Scotia,Persons in lone-parent families,,Food secure,12,55.2
2018,Nova Scotia,Persons in lone-parent families,,Food insecure,12,44.8
2018,Nova Scotia,Persons in lone-parent families,,"Food insecure, marginal",12,
2018,Nova Scotia,Persons in lone-parent families,,"Food insecure, moderate or severe",12,39.0
2018,Nova Scotia,Persons in lone-parent families,,"Food insecure, moderate",12,22.1
2018,Nova Scotia,Persons in lone-parent families,,"Food insecure, severe",12,16.9
2018,Nova Scotia,Persons in male lone-parent families,,Food secure,12,65.1
2018,Nova Scotia,Persons in male lone-parent families,,Food insecure,12,
2018,Nova Scotia,Persons in male lone-parent families,,"Food insecure, marginal",12,
2018,Nova Scotia,Persons in male lone-parent families,,"Food insecure, moderate or severe",12,
2018,Nova Scotia,Persons in male lone-parent families,,"Food insecure, moderate",12,
2018,Nova Scotia,Persons in male lone-parent families,,"Food insecure, severe",12,
2018,Nova Scotia,Persons in female lone-parent families,,Food secure,12,52.6
2018,Nova Scotia,Persons in female lone-parent families,,Food insecure,12,47.4
2018,Nova Scotia,Persons in female lone-parent families,,"Food insecure, marginal",12,
2018,Nova Scotia,Persons in female lone-parent families,,"Food insecure, moderate or severe",12,43.5
2018,Nova Scotia,Persons in female lone-parent families,,"Food insecure, moderate",12,24.6
2018,Nova Scotia,Persons in female lone-parent families,,"Food insecure, severe",12,18.9
2018,Nova Scotia,Persons in other non-elderly families,,Food secure,12,65.7
2018,Nova Scotia,Persons in other non-elderly families,,Food insecure,12,34.3
2018,Nova Scotia,Persons in other non-elderly families,,"Food insecure, marginal",12,
2018,Nova Scotia,Persons in other non-elderly families,,"Food insecure, moderate or severe",12,24.9
2018,Nova Scotia,Persons in other non-elderly families,,"Food insecure, moderate",12,13.0
2018,Nova Scotia,Persons in other non-elderly families,,"Food insecure, severe",12,11.9
2018,Nova Scotia,Persons not in an economic family,,Food secure,12,76.3
2018,Nova Scotia,Persons not in an economic family,,Food insecure,12,23.7
2018,Nova Scotia,Persons not in an economic family,,"Food insecure, marginal",12,6.0
2018,Nova Scotia,Persons not in an economic family,,"Food insecure, moderate or severe",12,17.7
2018,Nova Scotia,Persons not in an economic family,,"Food insecure, moderate",12,7.5
2018,Nova Scotia,Persons not in an economic family,,"Food insecure, severe",12,10.2
2018,Nova Scotia,Elderly persons not in an economic family,,Food secure,12,82.0
2018,Nova Scotia,Elderly persons not in an economic family,,Food insecure,12,18.0
2018,Nova Scotia,Elderly persons not in an economic family,,"Food insecure, marginal",12,5.0
2018,Nova Scotia,Elderly persons not in an economic family,,"Food insecure, moderate or severe",12,13.0
2018,Nova Scotia,Elderly persons not in an economic family,,"Food insecure, moderate",12,6.7
2018,Nova Scotia,Elderly persons not in an economic family,,"Food insecure, severe",12,6.3
2018,Nova Scotia,Elderly males not in an economic family,,Food secure,12,75.7
2018,Nova Scotia,Elderly males not in an economic family,,Food insecure,12,24.3
2018,Nova Scotia,Elderly males not in an economic family,,"Food insecure, marginal",12,
2018,Nova Scotia,Elderly males not in an economic family,,"Food insecure, moderate or severe",12,17.4
2018,Nova Scotia,Elderly males not in an economic family,,"Food insecure, moderate",12,
2018,Nova Scotia,Elderly males not in an economic family,,"Food insecure, severe",12,11.0
2018,Nova Scotia,Elderly females not in an economic family,,Food secure,12,85.4
2018,Nova Scotia,Elderly females not in an economic family,,Food insecure,12,14.6
2018,Nova Scotia,Elderly females not in an economic family,,"Food insecure, marginal",12,4.1
2018,Nova Scotia,Elderly females not in an economic family,,"Food insecure, moderate or severe",12,10.6
2018,Nova Scotia,Elderly females not in an economic family,,"Food insecure, moderate",12,6.8
2018,Nova Scotia,Elderly females not in an economic family,,"Food insecure, severe",12,
2018,Nova Scotia,Non-elderly persons not in an economic family,,Food secure,12,73.6
2018,Nova Scotia,Non-elderly persons not in an economic family,,Food insecure,12,26.4
2018,Nova Scotia,Non-elderly persons not in an economic family,,"Food insecure, marginal",12,6.5
2018,Nova Scotia,Non-elderly persons not in an economic family,,"Food insecure, moderate or severe",12,19.9
2018,Nova Scotia,Non-elderly persons not in an economic family,,"Food insecure, moderate",12,7.8
2018,Nova Scotia,Non-elderly persons not in an economic family,,"Food insecure, severe",12,12.1
2018,Nova Scotia,Non-elderly males not in an economic family,,Food secure,12,73.7
2018,Nova Scotia,Non-elderly males not in an economic family,,Food insecure,12,26.3
2018,Nova Scotia,Non-elderly males not in an economic family,,"Food insecure, marginal",12,7.0
2018,Nova Scotia,Non-elderly males not in an economic family,,"Food insecure, moderate or severe",12,19.3
2018,Nova Scotia,Non-elderly males not in an economic family,,"Food insecure, moderate",12,7.2
2018,Nova Scotia,Non-elderly males not in an economic family,,"Food insecure, severe",12,12.1
2018,Nova Scotia,Non-elderly females not in an economic family,,Food secure,12,73.4
2018,Nova Scotia,Non-elderly females not in an economic family,,Food insecure,12,26.6
2018,Nova Scotia,Non-elderly females not in an economic family,,"Food insecure, marginal",12,6.0
2018,Nova Scotia,Non-elderly females not in an economic family,,"Food insecure, moderate or severe",12,20.6
2018,Nova Scotia,Non-elderly females not in an economic family,,"Food insecure, moderate",12,8.5
2018,Nova Scotia,Non-elderly females not in an economic family,,"Food insecure, severe",12,12.1
2018,New Brunswick,All persons,,Food secure,13,82.2
2018,New Brunswick,All persons,,Food insecure,13,17.8
2018,New Brunswick,All persons,,"Food insecure, marginal",13,5.1
2018,New Brunswick,All persons,,"Food insecure, moderate or severe",13,12.7
2018,New Brunswick,All persons,,"Food insecure, moderate",13,8.0
2018,New Brunswick,All persons,,"Food insecure, severe",13,4.7
2018,New Brunswick,Persons in economic families,,Food secure,13,83.4
2018,New Brunswick,Persons in economic families,,Food insecure,13,16.6
2018,New Brunswick,Persons in economic families,,"Food insecure, marginal",13,4.9
2018,New Brunswick,Persons in economic families,,"Food insecure, moderate or severe",13,11.7
2018,New Brunswick,Persons in economic families,,"Food insecure, moderate",13,7.6
2018,New Brunswick,Persons in economic families,,"Food insecure, severe",13,4.1
2018,New Brunswick,Persons in elderly families,,Food secure,13,89.4
2018,New Brunswick,Persons in elderly families,,Food insecure,13,10.6
2018,New Brunswick,Persons in elderly families,,"Food insecure, marginal",13,3.7
2018,New Brunswick,Persons in elderly families,,"Food insecure, moderate or severe",13,6.9
2018,New Brunswick,Persons in elderly families,,"Food insecure, moderate",13,5.1
2018,New Brunswick,Persons in elderly families,,"Food insecure, severe",13,
2018,New Brunswick,Persons in elderly couples,,Food secure,13,92.7
2018,New Brunswick,Persons in elderly couples,,Food insecure,13,7.3
2018,New Brunswick,Persons in elderly couples,,"Food insecure, marginal",13,
2018,New Brunswick,Persons in elderly couples,,"Food insecure, moderate or severe",13,4.7
2018,New Brunswick,Persons in elderly couples,,"Food insecure, moderate",13,3.6
2018,New Brunswick,Persons in elderly couples,,"Food insecure, severe",13,
2018,New Brunswick,Persons in other elderly families,,Food secure,13,77.5
2018,New Brunswick,Persons in other elderly families,,Food insecure,13,22.5
2018,New Brunswick,Persons in other elderly families,,"Food insecure, marginal",13,
2018,New Brunswick,Persons in other elderly families,,"Food insecure, moderate or severe",13,
2018,New Brunswick,Persons in other elderly families,,"Food insecure, moderate",13,
2018,New Brunswick,Persons in other elderly families,,"Food insecure, severe",13,
2018,New Brunswick,Persons in non-elderly families,,Food secure,13,82.1
2018,New Brunswick,Persons in non-elderly families,,Food insecure,13,17.9
2018,New Brunswick,Persons in non-elderly families,,"Food insecure, marginal",13,5.2
2018,New Brunswick,Persons in non-elderly families,,"Food insecure, moderate or severe",13,12.7
2018,New Brunswick,Persons in non-elderly families,,"Food insecure, moderate",13,8.1
2018,New Brunswick,Persons in non-elderly families,,"Food insecure, severe",13,4.6
2018,New Brunswick,Persons in couples,,Food secure,13,87.1
2018,New Brunswick,Persons in couples,,Food insecure,13,12.9
2018,New Brunswick,Persons in couples,,"Food insecure, marginal",13,3.7
2018,New Brunswick,Persons in couples,,"Food insecure, moderate or severe",13,9.2
2018,New Brunswick,Persons in couples,,"Food insecure, moderate",13,5.1
2018,New Brunswick,Persons in couples,,"Food insecure, severe",13,4.1
2018,New Brunswick,Persons in couple families with children,,Food secure,13,80.1
2018,New Brunswick,Persons in couple families with children,,Food insecure,13,19.9
2018,New Brunswick,Persons in couple families with children,,"Food insecure, marginal",13,7.1
2018,New Brunswick,Persons in couple families with children,,"Food insecure, moderate or severe",13,12.7
2018,New Brunswick,Persons in couple families with children,,"Food insecure, moderate",13,8.7
2018,New Brunswick,Persons in couple families with children,,"Food insecure, severe",13,4.0
2018,New Brunswick,Persons in couple families with other relatives,,Food secure,13,89.2
2018,New Brunswick,Persons in couple families with other relatives,,Food insecure,13,10.8
2018,New Brunswick,Persons in couple families with other relatives,,"Food insecure, marginal",13,
2018,New Brunswick,Persons in couple families with other relatives,,"Food insecure, moderate or severe",13,10.0
2018,New Brunswick,Persons in couple families with other relatives,,"Food insecure, moderate",13,7.4
2018,New Brunswick,Persons in couple families with other relatives,,"Food insecure, severe",13,
2018,New Brunswick,Persons in lone-parent families,,Food secure,13,61.1
2018,New Brunswick,Persons in lone-parent families,,Food insecure,13,38.9
2018,New Brunswick,Persons in lone-parent families,,"Food insecure, marginal",13,
2018,New Brunswick,Persons in lone-parent families,,"Food insecure, moderate or severe",13,33.0
2018,New Brunswick,Persons in lone-parent families,,"Food insecure, moderate",13,18.3
2018,New Brunswick,Persons in lone-parent families,,"Food insecure, severe",13,14.7
2018,New Brunswick,Persons in male lone-parent families,,Food secure,13,77.5
2018,New Brunswick,Persons in male lone-parent families,,Food insecure,13,
2018,New Brunswick,Persons in male lone-parent families,,"Food insecure, marginal",13,
2018,New Brunswick,Persons in male lone-parent families,,"Food insecure, moderate or severe",13,
2018,New Brunswick,Persons in male lone-parent families,,"Food insecure, moderate",13,
2018,New Brunswick,Persons in male lone-parent families,,"Food insecure, severe",13,
2018,New Brunswick,Persons in female lone-parent families,,Food secure,13,58.4
2018,New Brunswick,Persons in female lone-parent families,,Food insecure,13,41.6
2018,New Brunswick,Persons in female lone-parent families,,"Food insecure, marginal",13,
2018,New Brunswick,Persons in female lone-parent families,,"Food insecure, moderate or severe",13,35.6
2018,New Brunswick,Persons in female lone-parent families,,"Food insecure, moderate",13,21.0
2018,New Brunswick,Persons in female lone-parent families,,"Food insecure, severe",13,14.6
2018,New Brunswick,Persons in other non-elderly families,,Food secure,13,86.8
2018,New Brunswick,Persons in other non-elderly families,,Food insecure,13,13.2
2018,New Brunswick,Persons in other non-elderly families,,"Food insecure, marginal",13,
2018,New Brunswick,Persons in other non-elderly families,,"Food insecure, moderate or severe",13,
2018,New Brunswick,Persons in other non-elderly families,,"Food insecure, moderate",13,
2018,New Brunswick,Persons in other non-elderly families,,"Food insecure, severe",13,
2018,New Brunswick,Persons not in an economic family,,Food secure,13,76.5
2018,New Brunswick,Persons not in an economic family,,Food insecure,13,23.5
2018,New Brunswick,Persons not in an economic family,,"Food insecure, marginal",13,6.1
2018,New Brunswick,Persons not in an economic family,,"Food insecure, moderate or severe",13,17.4
2018,New Brunswick,Persons not in an economic family,,"Food insecure, moderate",13,10.0
2018,New Brunswick,Persons not in an economic family,,"Food insecure, severe",13,7.4
2018,New Brunswick,Elderly persons not in an economic family,,Food secure,13,87.5
2018,New Brunswick,Elderly persons not in an economic family,,Food insecure,13,12.5
2018,New Brunswick,Elderly persons not in an economic family,,"Food insecure, marginal",13,4.5
2018,New Brunswick,Elderly persons not in an economic family,,"Food insecure, moderate or severe",13,8.1
2018,New Brunswick,Elderly persons not in an economic family,,"Food insecure, moderate",13,5.3
2018,New Brunswick,Elderly persons not in an economic family,,"Food insecure, severe",13,
2018,New Brunswick,Elderly males not in an economic family,,Food secure,13,83.1
2018,New Brunswick,Elderly males not in an economic family,,Food insecure,13,16.9
2018,New Brunswick,Elderly males not in an economic family,,"Food insecure, marginal",13,
2018,New Brunswick,Elderly males not in an economic family,,"Food insecure, moderate or severe",13,11.0
2018,New Brunswick,Elderly males not in an economic family,,"Food insecure, moderate",13,
2018,New Brunswick,Elderly males not in an economic family,,"Food insecure, severe",13,
2018,New Brunswick,Elderly females not in an economic family,,Food secure,13,89.8
2018,New Brunswick,Elderly females not in an economic family,,Food insecure,13,10.2
2018,New Brunswick,Elderly females not in an economic family,,"Food insecure, marginal",13,
2018,New Brunswick,Elderly females not in an economic family,,"Food insecure, moderate or severe",13,6.5
2018,New Brunswick,Elderly females not in an economic family,,"Food insecure, moderate",13,
2018,New Brunswick,Elderly females not in an economic family,,"Food insecure, severe",13,
2018,New Brunswick,Non-elderly persons not in an economic family,,Food secure,13,70.5
2018,New Brunswick,Non-elderly persons not in an economic family,,Food insecure,13,29.5
2018,New Brunswick,Non-elderly persons not in an economic family,,"Food insecure, marginal",13,7.0
2018,New Brunswick,Non-elderly persons not in an economic family,,"Food insecure, moderate or severe",13,22.5
2018,New Brunswick,Non-elderly persons not in an economic family,,"Food insecure, moderate",13,12.6
2018,New Brunswick,Non-elderly persons not in an economic family,,"Food insecure, severe",13,9.9
2018,New Brunswick,Non-elderly males not in an economic family,,Food secure,13,69.5
2018,New Brunswick,Non-elderly males not in an economic family,,Food insecure,13,30.5
2018,New Brunswick,Non-elderly males not in an economic family,,"Food insecure, marginal",13,7.4
2018,New Brunswick,Non-elderly males not in an economic family,,"Food insecure, moderate or severe",13,23.1
2018,New Brunswick,Non-elderly males not in an economic family,,"Food insecure, moderate",13,13.2
2018,New Brunswick,Non-elderly males not in an economic family,,"Food insecure, severe",13,9.9
2018,New Brunswick,Non-elderly females not in an economic family,,Food secure,13,71.7
2018,New Brunswick,Non-elderly females not in an economic family,,Food insecure,13,28.3
2018,New Brunswick,Non-elderly females not in an economic family,,"Food insecure, marginal",13,6.6
2018,New Brunswick,Non-elderly females not in an economic family,,"Food insecure, moderate or severe",13,21.8
2018,New Brunswick,Non-elderly females not in an economic family,,"Food insecure, moderate",13,11.9
2018,New Brunswick,Non-elderly females not in an economic family,,"Food insecure, severe",13,9.9
2018,Quebec,All persons,,Food secure,24,85.6
2018,Quebec,All persons,,Food insecure,24,14.4
2018,Quebec,All persons,,"Food insecure, marginal",24,5.2
2018,Quebec,All persons,,"Food insecure, moderate or severe",24,9.2
2018,Quebec,All persons,,"Food insecure, moderate",24,7.0
2018,Quebec,All persons,,"Food insecure, severe",24,2.2
2018,Quebec,Persons in economic families,,Food secure,24,86.3
2018,Quebec,Persons in economic families,,Food insecure,24,13.7
2018,Quebec,Persons in economic families,,"Food insecure, marginal",24,5.4
2018,Quebec,Persons in economic families,,"Food insecure, moderate or severe",24,8.3
2018,Quebec,Persons in economic families,,"Food insecure, moderate",24,6.7
2018,Quebec,Persons in economic families,,"Food insecure, severe",24,1.7
2018,Quebec,Persons in elderly families,,Food secure,24,94.5
2018,Quebec,Persons in elderly families,,Food insecure,24,5.5
2018,Quebec,Persons in elderly families,,"Food insecure, marginal",24,2.9
2018,Quebec,Persons in elderly families,,"Food insecure, moderate or severe",24,2.6
2018,Quebec,Persons in elderly families,,"Food insecure, moderate",24,
2018,Quebec,Persons in elderly families,,"Food insecure, severe",24,
2018,Quebec,Persons in elderly couples,,Food secure,24,95.6
2018,Quebec,Persons in elderly couples,,Food insecure,24,4.4
2018,Quebec,Persons in elderly couples,,"Food insecure, marginal",24,2.3
2018,Quebec,Persons in elderly couples,,"Food insecure, moderate or severe",24,2.1
2018,Quebec,Persons in elderly couples,,"Food insecure, moderate",24,
2018,Quebec,Persons in elderly couples,,"Food insecure, severe",24,
2018,Quebec,Persons in other elderly families,,Food secure,24,91.2
2018,Quebec,Persons in other elderly families,,Food insecure,24,
2018,Quebec,Persons in other elderly families,,"Food insecure, marginal",24,
2018,Quebec,Persons in other elderly families,,"Food insecure, moderate or severe",24,
2018,Quebec,Persons in other elderly families,,"Food insecure, moderate",24,
2018,Quebec,Persons in other elderly families,,"Food insecure, severe",24,
2018,Quebec,Persons in non-elderly families,,Food secure,24,84.7
2018,Quebec,Persons in non-elderly families,,Food insecure,24,15.3
2018,Quebec,Persons in non-elderly families,,"Food insecure, marginal",24,5.9
2018,Quebec,Persons in non-elderly families,,"Food insecure, moderate or severe",24,9.4
2018,Quebec,Persons in non-elderly families,,"Food insecure, moderate",24,7.6
2018,Quebec,Persons in non-elderly families,,"Food insecure, severe",24,1.8
2018,Quebec,Persons in couples,,Food secure,24,91.0
2018,Quebec,Persons in couples,,Food insecure,24,9.0
2018,Quebec,Persons in couples,,"Food insecure, marginal",24,3.1
2018,Quebec,Persons in couples,,"Food insecure, moderate or severe",24,5.9
2018,Quebec,Persons in couples,,"Food insecure, moderate",24,3.9
2018,Quebec,Persons in couples,,"Food insecure, severe",24,2.0
2018,Quebec,Persons in couple families with children,,Food secure,24,83.5
2018,Quebec,Persons in couple families with children,,Food insecure,24,16.5
2018,Quebec,Persons in couple families with children,,"Food insecure, marginal",24,7.7
2018,Quebec,Persons in couple families with children,,"Food insecure, moderate or severe",24,8.7
2018,Quebec,Persons in couple families with children,,"Food insecure, moderate",24,7.6
2018,Quebec,Persons in couple families with children,,"Food insecure, severe",24,
2018,Quebec,Persons in couple families with other relatives,,Food secure,24,92.2
2018,Quebec,Persons in couple families with other relatives,,Food insecure,24,7.8
2018,Quebec,Persons in couple families with other relatives,,"Food insecure, marginal",24,
2018,Quebec,Persons in couple families with other relatives,,"Food insecure, moderate or severe",24,
2018,Quebec,Persons in couple families with other relatives,,"Food insecure, moderate",24,
2018,Quebec,Persons in couple families with other relatives,,"Food insecure, severe",24,
2018,Quebec,Persons in lone-parent families,,Food secure,24,58.9
2018,Quebec,Persons in lone-parent families,,Food insecure,24,41.1
2018,Quebec,Persons in lone-parent families,,"Food insecure, marginal",24,
2018,Quebec,Persons in lone-parent families,,"Food insecure, moderate or severe",24,32.5
2018,Quebec,Persons in lone-parent families,,"Food insecure, moderate",24,25.4
2018,Quebec,Persons in lone-parent families,,"Food insecure, severe",24,
2018,Quebec,Persons in male lone-parent families,,Food secure,24,83.1
2018,Quebec,Persons in male lone-parent families,,Food insecure,24,
2018,Quebec,Persons in male lone-parent families,,"Food insecure, marginal",24,
2018,Quebec,Persons in male lone-parent families,,"Food insecure, moderate or severe",24,
2018,Quebec,Persons in male lone-parent families,,"Food insecure, moderate",24,
2018,Quebec,Persons in male lone-parent families,,"Food insecure, severe",24,
2018,Quebec,Persons in female lone-parent families,,Food secure,24,54.4
2018,Quebec,Persons in female lone-parent families,,Food insecure,24,45.6
2018,Quebec,Persons in female lone-parent families,,"Food insecure, marginal",24,
2018,Quebec,Persons in female lone-parent families,,"Food insecure, moderate or severe",24,36.1
2018,Quebec,Persons in female lone-parent families,,"Food insecure, moderate",24,28.0
2018,Quebec,Persons in female lone-parent families,,"Food insecure, severe",24,
2018,Quebec,Persons in other non-elderly families,,Food secure,24,82.9
2018,Quebec,Persons in other non-elderly families,,Food insecure,24,17.1
2018,Quebec,Persons in other non-elderly families,,"Food insecure, marginal",24,
2018,Quebec,Persons in other non-elderly families,,"Food insecure, moderate or severe",24,12.1
2018,Quebec,Persons in other non-elderly families,,"Food insecure, moderate",24,8.3
2018,Quebec,Persons in other non-elderly families,,"Food insecure, severe",24,
2018,Quebec,Persons not in an economic family,,Food secure,24,82.9
2018,Quebec,Persons not in an economic family,,Food insecure,24,17.1
2018,Quebec,Persons not in an economic family,,"Food insecure, marginal",24,4.3
2018,Quebec,Persons not in an economic family,,"Food insecure, moderate or severe",24,12.8
2018,Quebec,Persons not in an economic family,,"Food insecure, moderate",24,8.3
2018,Quebec,Persons not in an economic family,,"Food insecure, severe",24,4.5
2018,Quebec,Elderly persons not in an economic family,,Food secure,24,92.8
2018,Quebec,Elderly persons not in an economic family,,Food insecure,24,7.2
2018,Quebec,Elderly persons not in an economic family,,"Food insecure, marginal",24,2.6
2018,Quebec,Elderly persons not in an economic family,,"Food insecure, moderate or severe",24,4.6
2018,Quebec,Elderly persons not in an economic family,,"Food insecure, moderate",24,3.3
2018,Quebec,Elderly persons not in an economic family,,"Food insecure, severe",24,
2018,Quebec,Elderly males not in an economic family,,Food secure,24,91.2
2018,Quebec,Elderly males not in an economic family,,Food insecure,24,8.8
2018,Quebec,Elderly males not in an economic family,,"Food insecure, marginal",24,
2018,Quebec,Elderly males not in an economic family,,"Food insecure, moderate or severe",24,6.7
2018,Quebec,Elderly males not in an economic family,,"Food insecure, moderate",24,
2018,Quebec,Elderly males not in an economic family,,"Food insecure, severe",24,
2018,Quebec,Elderly females not in an economic family,,Food secure,24,93.6
2018,Quebec,Elderly females not in an economic family,,Food insecure,24,6.4
2018,Quebec,Elderly females not in an economic family,,"Food insecure, marginal",24,2.8
2018,Quebec,Elderly females not in an economic family,,"Food insecure, moderate or severe",24,3.6
2018,Quebec,Elderly females not in an economic family,,"Food insecure, moderate",24,2.7
2018,Quebec,Elderly females not in an economic family,,"Food insecure, severe",24,
2018,Quebec,Non-elderly persons not in an economic family,,Food secure,24,78.0
2018,Quebec,Non-elderly persons not in an economic family,,Food insecure,24,22.0
2018,Quebec,Non-elderly persons not in an economic family,,"Food insecure, marginal",24,5.1
2018,Quebec,Non-elderly persons not in an economic family,,"Food insecure, moderate or severe",24,16.9
2018,Quebec,Non-elderly persons not in an economic family,,"Food insecure, moderate",24,10.8
2018,Quebec,Non-elderly persons not in an economic family,,"Food insecure, severe",24,6.1
2018,Quebec,Non-elderly males not in an economic family,,Food secure,24,79.3
2018,Quebec,Non-elderly males not in an economic family,,Food insecure,24,20.7
2018,Quebec,Non-elderly males not in an economic family,,"Food insecure, marginal",24,5.3
2018,Quebec,Non-elderly males not in an economic family,,"Food insecure, moderate or severe",24,15.4
2018,Quebec,Non-elderly males not in an economic family,,"Food insecure, moderate",24,9.4
2018,Quebec,Non-elderly males not in an economic family,,"Food insecure, severe",24,6.0
2018,Quebec,Non-elderly females not in an economic family,,Food secure,24,76.2
2018,Quebec,Non-elderly females not in an economic family,,Food insecure,24,23.8
2018,Quebec,Non-elderly females not in an economic family,,"Food insecure, marginal",24,4.8
2018,Quebec,Non-elderly females not in an economic family,,"Food insecure, moderate or severe",24,18.9
2018,Quebec,Non-elderly females not in an economic family,,"Food insecure, moderate",24,12.7
2018,Quebec,Non-elderly females not in an economic family,,"Food insecure, severe",24,6.2
2018,Ontario,All persons,,Food secure,35,83.0
2018,Ontario,All persons,,Food insecure,35,17.0
2018,Ontario,All persons,,"Food insecure, marginal",35,5.2
2018,Ontario,All persons,,"Food insecure, moderate or severe",35,11.8
2018,Ontario,All persons,,"Food insecure, moderate",35,8.3
2018,Ontario,All persons,,"Food insecure, severe",35,3.5
2018,Ontario,Persons in economic families,,Food secure,35,83.4
2018,Ontario,Persons in economic families,,Food insecure,35,16.6
2018,Ontario,Persons in economic families,,"Food insecure, marginal",35,5.2
2018,Ontario,Persons in economic families,,"Food insecure, moderate or severe",35,11.4
2018,Ontario,Persons in economic families,,"Food insecure, moderate",35,8.4
2018,Ontario,Persons in economic families,,"Food insecure, severe",35,3.0
2018,Ontario,Persons in elderly families,,Food secure,35,92.6
2018,Ontario,Persons in elderly families,,Food insecure,35,7.4
2018,Ontario,Persons in elderly families,,"Food insecure, marginal",35,2.9
2018,Ontario,Persons in elderly families,,"Food insecure, moderate or severe",35,4.5
2018,Ontario,Persons in elderly families,,"Food insecure, moderate",35,3.2
2018,Ontario,Persons in elderly families,,"Food insecure, severe",35,1.3
2018,Ontario,Persons in elderly couples,,Food secure,35,95.4
2018,Ontario,Persons in elderly couples,,Food insecure,35,4.6
2018,Ontario,Persons in elderly couples,,"Food insecure, marginal",35,1.6
2018,Ontario,Persons in elderly couples,,"Food insecure, moderate or severe",35,3.0
2018,Ontario,Persons in elderly couples,,"Food insecure, moderate",35,2.2
2018,Ontario,Persons in elderly couples,,"Food insecure, severe",35,
2018,Ontario,Persons in other elderly families,,Food secure,35,86.8
2018,Ontario,Persons in other elderly families,,Food insecure,35,13.2
2018,Ontario,Persons in other elderly families,,"Food insecure, marginal",35,
2018,Ontario,Persons in other elderly families,,"Food insecure, moderate or severe",35,7.6
2018,Ontario,Persons in other elderly families,,"Food insecure, moderate",35,5.2
2018,Ontario,Persons in other elderly families,,"Food insecure, severe",35,
2018,Ontario,Persons in non-elderly families,,Food secure,35,82.0
2018,Ontario,Persons in non-elderly families,,Food insecure,35,18.0
2018,Ontario,Persons in non-elderly families,,"Food insecure, marginal",35,5.5
2018,Ontario,Persons in non-elderly families,,"Food insecure, moderate or severe",35,12.5
2018,Ontario,Persons in non-elderly families,,"Food insecure, moderate",35,9.2
2018,Ontario,Persons in non-elderly families,,"Food insecure, severe",35,3.3
2018,Ontario,Persons in couples,,Food secure,35,86.8
2018,Ontario,Persons in couples,,Food insecure,35,13.2
2018,Ontario,Persons in couples,,"Food insecure, marginal",35,5.1
2018,Ontario,Persons in couples,,"Food insecure, moderate or severe",35,8.1
2018,Ontario,Persons in couples,,"Food insecure, moderate",35,5.3
2018,Ontario,Persons in couples,,"Food insecure, severe",35,2.8
2018,Ontario,Persons in couple families with children,,Food secure,35,82.0
2018,Ontario,Persons in couple families with children,,Food insecure,35,18.0
2018,Ontario,Persons in couple families with children,,"Food insecure, marginal",35,6.5
2018,Ontario,Persons in couple families with children,,"Food insecure, moderate or severe",35,11.5
2018,Ontario,Persons in couple families with children,,"Food insecure, moderate",35,9.0
2018,Ontario,Persons in couple families with children,,"Food insecure, severe",35,2.5
2018,Ontario,Persons in couple families with other relatives,,Food secure,35,89.4
2018,Ontario,Persons in couple families with other relatives,,Food insecure,35,10.6
2018,Ontario,Persons in couple families with other relatives,,"Food insecure, marginal",35,2.1
2018,Ontario,Persons in couple families with other relatives,,"Food insecure, moderate or severe",35,8.4
2018,Ontario,Persons in couple families with other relatives,,"Food insecure, moderate",35,6.1
2018,Ontario,Persons in couple families with other relatives,,"Food insecure, severe",35,2.4
2018,Ontario,Persons in lone-parent families,,Food secure,35,59.1
2018,Ontario,Persons in lone-parent families,,Food insecure,35,40.9
2018,Ontario,Persons in lone-parent families,,"Food insecure, marginal",35,10.8
2018,Ontario,Persons in lone-parent families,,"Food insecure, moderate or severe",35,30.1
2018,Ontario,Persons in lone-parent families,,"Food insecure, moderate",35,20.6
2018,Ontario,Persons in lone-parent families,,"Food insecure, severe",35,9.5
2018,Ontario,Persons in male lone-parent families,,Food secure,35,62.3
2018,Ontario,Persons in male lone-parent families,,Food insecure,35,37.7
2018,Ontario,Persons in male lone-parent families,,"Food insecure, marginal",35,
2018,Ontario,Persons in male lone-parent families,,"Food insecure, moderate or severe",35,
2018,Ontario,Persons in male lone-parent families,,"Food insecure, moderate",35,
2018,Ontario,Persons in male lone-parent families,,"Food insecure, severe",35,
2018,Ontario,Persons in female lone-parent families,,Food secure,35,58.4
2018,Ontario,Persons in female lone-parent families,,Food insecure,35,41.6
2018,Ontario,Persons in female lone-parent families,,"Food insecure, marginal",35,11.0
2018,Ontario,Persons in female lone-parent families,,"Food insecure, moderate or severe",35,30.6
2018,Ontario,Persons in female lone-parent families,,"Food insecure, moderate",35,20.3
2018,Ontario,Persons in female lone-parent families,,"Food insecure, severe",35,10.3
2018,Ontario,Persons in other non-elderly families,,Food secure,35,78.9
2018,Ontario,Persons in other non-elderly families,,Food insecure,35,21.1
2018,Ontario,Persons in other non-elderly families,,"Food insecure, marginal",35,4.1
2018,Ontario,Persons in other non-elderly families,,"Food insecure, moderate or severe",35,17.1
2018,Ontario,Persons in other non-elderly families,,"Food insecure, moderate",35,12.0
2018,Ontario,Persons in other non-elderly families,,"Food insecure, severe",35,5.0
2018,Ontario,Persons not in an economic family,,Food secure,35,80.6
2018,Ontario,Persons not in an economic family,,Food insecure,35,19.4
2018,Ontario,Persons not in an economic family,,"Food insecure, marginal",35,5.3
2018,Ontario,Persons not in an economic family,,"Food insecure, moderate or severe",35,14.1
2018,Ontario,Persons not in an economic family,,"Food insecure, moderate",35,8.1
2018,Ontario,Persons not in an economic family,,"Food insecure, severe",35,6.0
2018,Ontario,Elderly persons not in an economic family,,Food secure,35,90.1
2018,Ontario,Elderly persons not in an economic family,,Food insecure,35,9.9
2018,Ontario,Elderly persons not in an economic family,,"Food insecure, marginal",35,3.3
2018,Ontario,Elderly persons not in an economic family,,"Food insecure, moderate or severe",35,6.6
2018,Ontario,Elderly persons not in an economic family,,"Food insecure, moderate",35,4.7
2018,Ontario,Elderly persons not in an economic family,,"Food insecure, severe",35,1.8
2018,Ontario,Elderly males not in an economic family,,Food secure,35,88.5
2018,Ontario,Elderly males not in an economic family,,Food insecure,35,11.5
2018,Ontario,Elderly males not in an economic family,,"Food insecure, marginal",35,
2018,Ontario,Elderly males not in an economic family,,"Food insecure, moderate or severe",35,9.6
2018,Ontario,Elderly males not in an economic family,,"Food insecure, moderate",35,6.3
2018,Ontario,Elderly males not in an economic family,,"Food insecure, severe",35,3.3
2018,Ontario,Elderly females not in an economic family,,Food secure,35,91.0
2018,Ontario,Elderly females not in an economic family,,Food insecure,35,9.0
2018,Ontario,Elderly females not in an economic family,,"Food insecure, marginal",35,4.0
2018,Ontario,Elderly females not in an economic family,,"Food insecure, moderate or severe",35,5.0
2018,Ontario,Elderly females not in an economic family,,"Food insecure, moderate",35,3.9
2018,Ontario,Elderly females not in an economic family,,"Food insecure, severe",35,
2018,Ontario,Non-elderly persons not in an economic family,,Food secure,35,76.2
2018,Ontario,Non-elderly persons not in an economic family,,Food insecure,35,23.8
2018,Ontario,Non-elderly persons not in an economic family,,"Food insecure, marginal",35,6.3
2018,Ontario,Non-elderly persons not in an economic family,,"Food insecure, moderate or severe",35,17.5
2018,Ontario,Non-elderly persons not in an economic family,,"Food insecure, moderate",35,9.6
2018,Ontario,Non-elderly persons not in an economic family,,"Food insecure, severe",35,7.9
2018,Ontario,Non-elderly males not in an economic family,,Food secure,35,75.6
2018,Ontario,Non-elderly males not in an economic family,,Food insecure,35,24.4
2018,Ontario,Non-elderly males not in an economic family,,"Food insecure, marginal",35,7.1
2018,Ontario,Non-elderly males not in an economic family,,"Food insecure, moderate or severe",35,17.4
2018,Ontario,Non-elderly males not in an economic family,,"Food insecure, moderate",35,8.4
2018,Ontario,Non-elderly males not in an economic family,,"Food insecure, severe",35,9.0
2018,Ontario,Non-elderly females not in an economic family,,Food secure,35,77.0
2018,Ontario,Non-elderly females not in an economic family,,Food insecure,35,23.0
2018,Ontario,Non-elderly females not in an economic family,,"Food insecure, marginal",35,5.3
2018,Ontario,Non-elderly females not in an economic family,,"Food insecure, moderate or severe",35,17.8
2018,Ontario,Non-elderly females not in an economic family,,"Food insecure, moderate",35,11.3
2018,Ontario,Non-elderly females not in an economic family,,"Food insecure, severe",35,6.5
2018,Prairie provinces,All persons,,Food secure,,81.1
2018,Prairie provinces,All persons,,Food insecure,,18.9
2018,Prairie provinces,All persons,,"Food insecure, marginal",,5.4
2018,Prairie provinces,All persons,,"Food insecure, moderate or severe",,13.5
2018,Prairie provinces,All persons,,"Food insecure, moderate",,8.4
2018,Prairie provinces,All persons,,"Food insecure, severe",,5.1
2018,Prairie provinces,Persons in economic families,,Food secure,,81.7
2018,Prairie provinces,Persons in economic families,,Food insecure,,18.3
2018,Prairie provinces,Persons in economic families,,"Food insecure, marginal",,5.5
2018,Prairie provinces,Persons in economic families,,"Food insecure, moderate or severe",,12.8
2018,Prairie provinces,Persons in economic families,,"Food insecure, moderate",,8.5
2018,Prairie provinces,Persons in economic families,,"Food insecure, severe",,4.3
2018,Prairie provinces,Persons in elderly families,,Food secure,,90.8
2018,Prairie provinces,Persons in elderly families,,Food insecure,,9.2
2018,Prairie provinces,Persons in elderly families,,"Food insecure, marginal",,1.9
2018,Prairie provinces,Persons in elderly families,,"Food insecure, moderate or severe",,7.3
2018,Prairie provinces,Persons in elderly families,,"Food insecure, moderate",,3.3
2018,Prairie provinces,Persons in elderly families,,"Food insecure, severe",,
2018,Prairie provinces,Persons in elderly couples,,Food secure,,94.3
2018,Prairie provinces,Persons in elderly couples,,Food insecure,,5.7
2018,Prairie provinces,Persons in elderly couples,,"Food insecure, marginal",,1.9
2018,Prairie provinces,Persons in elderly couples,,"Food insecure, moderate or severe",,3.8
2018,Prairie provinces,Persons in elderly couples,,"Food insecure, moderate",,2.5
2018,Prairie provinces,Persons in elderly couples,,"Food insecure, severe",,
2018,Prairie provinces,Persons in other elderly families,,Food secure,,81.5
2018,Prairie provinces,Persons in other elderly families,,Food insecure,,18.5
2018,Prairie provinces,Persons in other elderly families,,"Food insecure, marginal",,
2018,Prairie provinces,Persons in other elderly families,,"Food insecure, moderate or severe",,
2018,Prairie provinces,Persons in other elderly families,,"Food insecure, moderate",,5.4
2018,Prairie provinces,Persons in other elderly families,,"Food insecure, severe",,
2018,Prairie provinces,Persons in non-elderly families,,Food secure,,80.5
2018,Prairie provinces,Persons in non-elderly families,,Food insecure,,19.5
2018,Prairie provinces,Persons in non-elderly families,,"Food insecure, marginal",,6.0
2018,Prairie provinces,Persons in non-elderly families,,"Food insecure, moderate or severe",,13.5
2018,Prairie provinces,Persons in non-elderly families,,"Food insecure, moderate",,9.2
2018,Prairie provinces,Persons in non-elderly families,,"Food insecure, severe",,4.3
2018,Prairie provinces,Persons in couples,,Food secure,,89.2
2018,Prairie provinces,Persons in couples,,Food insecure,,10.8
2018,Prairie provinces,Persons in couples,,"Food insecure, marginal",,3.1
2018,Prairie provinces,Persons in couples,,"Food insecure, moderate or severe",,7.7
2018,Prairie provinces,Persons in couples,,"Food insecure, moderate",,4.0
2018,Prairie provinces,Persons in couples,,"Food insecure, severe",,3.7
2018,Prairie provinces,Persons in couple families with children,,Food secure,,80.2
2018,Prairie provinces,Persons in couple families with children,,Food insecure,,19.8
2018,Prairie provinces,Persons in couple families with children,,"Food insecure, marginal",,6.7
2018,Prairie provinces,Persons in couple families with children,,"Food insecure, moderate or severe",,13.1
2018,Prairie provinces,Persons in couple families with children,,"Food insecure, moderate",,9.9
2018,Prairie provinces,Persons in couple families with children,,"Food insecure, severe",,3.2
2018,Prairie provinces,Persons in couple families with other relatives,,Food secure,,85.9
2018,Prairie provinces,Persons in couple families with other relatives,,Food insecure,,14.1
2018,Prairie provinces,Persons in couple families with other relatives,,"Food insecure, marginal",,4.2
2018,Prairie provinces,Persons in couple families with other relatives,,"Food insecure, moderate or severe",,9.8
2018,Prairie provinces,Persons in couple families with other relatives,,"Food insecure, moderate",,8.6
2018,Prairie provinces,Persons in couple families with other relatives,,"Food insecure, severe",,
2018,Prairie provinces,Persons in lone-parent families,,Food secure,,55.2
2018,Prairie provinces,Persons in lone-parent families,,Food insecure,,44.8
2018,Prairie provinces,Persons in lone-parent families,,"Food insecure, marginal",,9.8
2018,Prairie provinces,Persons in lone-parent families,,"Food insecure, moderate or severe",,35.0
2018,Prairie provinces,Persons in lone-parent families,,"Food insecure, moderate",,17.6
2018,Prairie provinces,Persons in lone-parent families,,"Food insecure, severe",,17.3
2018,Prairie provinces,Persons in male lone-parent families,,Food secure,,67.2
2018,Prairie provinces,Persons in male lone-parent families,,Food insecure,,32.8
2018,Prairie provinces,Persons in male lone-parent families,,"Food insecure, marginal",,
2018,Prairie provinces,Persons in male lone-parent families,,"Food insecure, moderate or severe",,25.4
2018,Prairie provinces,Persons in male lone-parent families,,"Food insecure, moderate",,13.3
2018,Prairie provinces,Persons in male lone-parent families,,"Food insecure, severe",,
2018,Prairie provinces,Persons in female lone-parent families,,Food secure,,52.7
2018,Prairie provinces,Persons in female lone-parent families,,Food insecure,,47.3
2018,Prairie provinces,Persons in female lone-parent families,,"Food insecure, marginal",,10.4
2018,Prairie provinces,Persons in female lone-parent families,,"Food insecure, moderate or severe",,36.9
2018,Prairie provinces,Persons in female lone-parent families,,"Food insecure, moderate",,18.5
2018,Prairie provinces,Persons in female lone-parent families,,"Food insecure, severe",,18.4
2018,Prairie provinces,Persons in other non-elderly families,,Food secure,,73.8
2018,Prairie provinces,Persons in other non-elderly families,,Food insecure,,26.2
2018,Prairie provinces,Persons in other non-elderly families,,"Food insecure, marginal",,7.1
2018,Prairie provinces,Persons in other non-elderly families,,"Food insecure, moderate or severe",,19.1
2018,Prairie provinces,Persons in other non-elderly families,,"Food insecure, moderate",,10.5
2018,Prairie provinces,Persons in other non-elderly families,,"Food insecure, severe",,8.6
2018,Prairie provinces,Persons not in an economic family,,Food secure,,77.7
2018,Prairie provinces,Persons not in an economic family,,Food insecure,,22.3
2018,Prairie provinces,Persons not in an economic family,,"Food insecure, marginal",,4.9
2018,Prairie provinces,Persons not in an economic family,,"Food insecure, moderate or severe",,17.4
2018,Prairie provinces,Persons not in an economic family,,"Food insecure, moderate",,7.6
2018,Prairie provinces,Persons not in an economic family,,"Food insecure, severe",,9.8
2018,Prairie provinces,Elderly persons not in an economic family,,Food secure,,88.8
2018,Prairie provinces,Elderly persons not in an economic family,,Food insecure,,11.2
2018,Prairie provinces,Elderly persons not in an economic family,,"Food insecure, marginal",,4.6
2018,Prairie provinces,Elderly persons not in an economic family,,"Food insecure, moderate or severe",,6.6
2018,Prairie provinces,Elderly persons not in an economic family,,"Food insecure, moderate",,4.6
2018,Prairie provinces,Elderly persons not in an economic family,,"Food insecure, severe",,2.0
2018,Prairie provinces,Elderly males not in an economic family,,Food secure,,87.2
2018,Prairie provinces,Elderly males not in an economic family,,Food insecure,,12.8
2018,Prairie provinces,Elderly males not in an economic family,,"Food insecure, marginal",,6.1
2018,Prairie provinces,Elderly males not in an economic family,,"Food insecure, moderate or severe",,6.8
2018,Prairie provinces,Elderly males not in an economic family,,"Food insecure, moderate",,4.6
2018,Prairie provinces,Elderly males not in an economic family,,"Food insecure, severe",,
2018,Prairie provinces,Elderly females not in an economic family,,Food secure,,89.6
2018,Prairie provinces,Elderly females not in an economic family,,Food insecure,,10.4
2018,Prairie provinces,Elderly females not in an economic family,,"Food insecure, marginal",,3.9
2018,Prairie provinces,Elderly females not in an economic family,,"Food insecure, moderate or severe",,6.5
2018,Prairie provinces,Elderly females not in an economic family,,"Food insecure, moderate",,4.6
2018,Prairie provinces,Elderly females not in an economic family,,"Food insecure, severe",,
2018,Prairie provinces,Non-elderly persons not in an economic family,,Food secure,,73.9
2018,Prairie provinces,Non-elderly persons not in an economic family,,Food insecure,,26.1
2018,Prairie provinces,Non-elderly persons not in an economic family,,"Food insecure, marginal",,5.0
2018,Prairie provinces,Non-elderly persons not in an economic family,,"Food insecure, moderate or severe",,21.1
2018,Prairie provinces,Non-elderly persons not in an economic family,,"Food insecure, moderate",,8.7
2018,Prairie provinces,Non-elderly persons not in an economic family,,"Food insecure, severe",,12.5
2018,Prairie provinces,Non-elderly males not in an economic family,,Food secure,,74.1
2018,Prairie provinces,Non-elderly males not in an economic family,,Food insecure,,25.9
2018,Prairie provinces,Non-elderly males not in an economic family,,"Food insecure, marginal",,5.5
2018,Prairie provinces,Non-elderly males not in an economic family,,"Food insecure, moderate or severe",,20.4
2018,Prairie provinces,Non-elderly males not in an economic family,,"Food insecure, moderate",,7.8
2018,Prairie provinces,Non-elderly males not in an economic family,,"Food insecure, severe",,12.6
2018,Prairie provinces,Non-elderly females not in an economic family,,Food secure,,73.6
2018,Prairie provinces,Non-elderly females not in an economic family,,Food insecure,,26.4
2018,Prairie provinces,Non-elderly females not in an economic family,,"Food insecure, marginal",,4.3
2018,Prairie provinces,Non-elderly females not in an economic family,,"Food insecure, moderate or severe",,22.1
2018,Prairie provinces,Non-elderly females not in an economic family,,"Food insecure, moderate",,9.9
2018,Prairie provinces,Non-elderly females not in an economic family,,"Food insecure, severe",,12.3
2018,Manitoba,All persons,,Food secure,46,80.9
2018,Manitoba,All persons,,Food insecure,46,19.1
2018,Manitoba,All persons,,"Food insecure, marginal",46,5.5
2018,Manitoba,All persons,,"Food insecure, moderate or severe",46,13.6
2018,Manitoba,All persons,,"Food insecure, moderate",46,8.6
2018,Manitoba,All persons,,"Food insecure, severe",46,5.0
2018,Manitoba,Persons in economic families,,Food secure,46,81.0
2018,Manitoba,Persons in economic families,,Food insecure,46,19.0
2018,Manitoba,Persons in economic families,,"Food insecure, marginal",46,5.6
2018,Manitoba,Persons in economic families,,"Food insecure, moderate or severe",46,13.4
2018,Manitoba,Persons in economic families,,"Food insecure, moderate",46,8.8
2018,Manitoba,Persons in economic families,,"Food insecure, severe",46,4.6
2018,Manitoba,Persons in elderly families,,Food secure,46,91.8
2018,Manitoba,Persons in elderly families,,Food insecure,46,8.2
2018,Manitoba,Persons in elderly families,,"Food insecure, marginal",46,
2018,Manitoba,Persons in elderly families,,"Food insecure, moderate or severe",46,5.7
2018,Manitoba,Persons in elderly families,,"Food insecure, moderate",46,4.4
2018,Manitoba,Persons in elderly families,,"Food insecure, severe",46,
2018,Manitoba,Persons in elderly couples,,Food secure,46,95.0
2018,Manitoba,Persons in elderly couples,,Food insecure,46,5.0
2018,Manitoba,Persons in elderly couples,,"Food insecure, marginal",46,
2018,Manitoba,Persons in elderly couples,,"Food insecure, moderate or severe",46,3.5
2018,Manitoba,Persons in elderly couples,,"Food insecure, moderate",46,
2018,Manitoba,Persons in elderly couples,,"Food insecure, severe",46,
2018,Manitoba,Persons in other elderly families,,Food secure,46,83.4
2018,Manitoba,Persons in other elderly families,,Food insecure,46,16.6
2018,Manitoba,Persons in other elderly families,,"Food insecure, marginal",46,
2018,Manitoba,Persons in other elderly families,,"Food insecure, moderate or severe",46,
2018,Manitoba,Persons in other elderly families,,"Food insecure, moderate",46,
2018,Manitoba,Persons in other elderly families,,"Food insecure, severe",46,
2018,Manitoba,Persons in non-elderly families,,Food secure,46,79.4
2018,Manitoba,Persons in non-elderly families,,Food insecure,46,20.6
2018,Manitoba,Persons in non-elderly families,,"Food insecure, marginal",46,6.1
2018,Manitoba,Persons in non-elderly families,,"Food insecure, moderate or severe",46,14.6
2018,Manitoba,Persons in non-elderly families,,"Food insecure, moderate",46,9.5
2018,Manitoba,Persons in non-elderly families,,"Food insecure, severe",46,5.1
2018,Manitoba,Persons in couples,,Food secure,46,87.9
2018,Manitoba,Persons in couples,,Food insecure,46,12.1
2018,Manitoba,Persons in couples,,"Food insecure, marginal",46,3.1
2018,Manitoba,Persons in couples,,"Food insecure, moderate or severe",46,9.0
2018,Manitoba,Persons in couples,,"Food insecure, moderate",46,4.7
2018,Manitoba,Persons in couples,,"Food insecure, severe",46,4.3
2018,Manitoba,Persons in couple families with children,,Food secure,46,78.3
2018,Manitoba,Persons in couple families with children,,Food insecure,46,21.7
2018,Manitoba,Persons in couple families with children,,"Food insecure, marginal",46,6.7
2018,Manitoba,Persons in couple families with children,,"Food insecure, moderate or severe",46,15.0
2018,Manitoba,Persons in couple families with children,,"Food insecure, moderate",46,10.8
2018,Manitoba,Persons in couple families with children,,"Food insecure, severe",46,4.2
2018,Manitoba,Persons in couple families with other relatives,,Food secure,46,89.6
2018,Manitoba,Persons in couple families with other relatives,,Food insecure,46,10.4
2018,Manitoba,Persons in couple families with other relatives,,"Food insecure, marginal",46,
2018,Manitoba,Persons in couple families with other relatives,,"Food insecure, moderate or severe",46,6.5
2018,Manitoba,Persons in couple families with other relatives,,"Food insecure, moderate",46,4.9
2018,Manitoba,Persons in couple families with other relatives,,"Food insecure, severe",46,
2018,Manitoba,Persons in lone-parent families,,Food secure,46,53.1
2018,Manitoba,Persons in lone-parent families,,Food insecure,46,46.9
2018,Manitoba,Persons in lone-parent families,,"Food insecure, marginal",46,
2018,Manitoba,Persons in lone-parent families,,"Food insecure, moderate or severe",46,37.4
2018,Manitoba,Persons in lone-parent families,,"Food insecure, moderate",46,21.1
2018,Manitoba,Persons in lone-parent families,,"Food insecure, severe",46,16.3
2018,Manitoba,Persons in male lone-parent families,,Food secure,46,68.7
2018,Manitoba,Persons in male lone-parent families,,Food insecure,46,
2018,Manitoba,Persons in male lone-parent families,,"Food insecure, marginal",46,
2018,Manitoba,Persons in male lone-parent families,,"Food insecure, moderate or severe",46,
2018,Manitoba,Persons in male lone-parent families,,"Food insecure, moderate",46,
2018,Manitoba,Persons in male lone-parent families,,"Food insecure, severe",46,
2018,Manitoba,Persons in female lone-parent families,,Food secure,46,50.5
2018,Manitoba,Persons in female lone-parent families,,Food insecure,46,49.5
2018,Manitoba,Persons in female lone-parent families,,"Food insecure, marginal",46,
2018,Manitoba,Persons in female lone-parent families,,"Food insecure, moderate or severe",46,38.7
2018,Manitoba,Persons in female lone-parent families,,"Food insecure, moderate",46,22.0
2018,Manitoba,Persons in female lone-parent families,,"Food insecure, severe",46,
2018,Manitoba,Persons in other non-elderly families,,Food secure,46,76.4
2018,Manitoba,Persons in other non-elderly families,,Food insecure,46,23.6
2018,Manitoba,Persons in other non-elderly families,,"Food insecure, marginal",46,
2018,Manitoba,Persons in other non-elderly families,,"Food insecure, moderate or severe",46,16.1
2018,Manitoba,Persons in other non-elderly families,,"Food insecure, moderate",46,8.5
2018,Manitoba,Persons in other non-elderly families,,"Food insecure, severe",46,7.6
2018,Manitoba,Persons not in an economic family,,Food secure,46,80.4
2018,Manitoba,Persons not in an economic family,,Food insecure,46,19.6
2018,Manitoba,Persons not in an economic family,,"Food insecure, marginal",46,4.8
2018,Manitoba,Persons not in an economic family,,"Food insecure, moderate or severe",46,14.8
2018,Manitoba,Persons not in an economic family,,"Food insecure, moderate",46,7.6
2018,Manitoba,Persons not in an economic family,,"Food insecure, severe",46,7.2
2018,Manitoba,Elderly persons not in an economic family,,Food secure,46,88.4
2018,Manitoba,Elderly persons not in an economic family,,Food insecure,46,11.6
2018,Manitoba,Elderly persons not in an economic family,,"Food insecure, marginal",46,5.7
2018,Manitoba,Elderly persons not in an economic family,,"Food insecure, moderate or severe",46,6.0
2018,Manitoba,Elderly persons not in an economic family,,"Food insecure, moderate",46,5.2
2018,Manitoba,Elderly persons not in an economic family,,"Food insecure, severe",46,
2018,Manitoba,Elderly males not in an economic family,,Food secure,46,85.6
2018,Manitoba,Elderly males not in an economic family,,Food insecure,46,14.4
2018,Manitoba,Elderly males not in an economic family,,"Food insecure, marginal",46,9.9
2018,Manitoba,Elderly males not in an economic family,,"Food insecure, moderate or severe",46,
2018,Manitoba,Elderly males not in an economic family,,"Food insecure, moderate",46,
2018,Manitoba,Elderly males not in an economic family,,"Food insecure, severe",46,
2018,Manitoba,Elderly females not in an economic family,,Food secure,46,89.7
2018,Manitoba,Elderly females not in an economic family,,Food insecure,46,10.3
2018,Manitoba,Elderly females not in an economic family,,"Food insecure, marginal",46,3.6
2018,Manitoba,Elderly females not in an economic family,,"Food insecure, moderate or severe",46,6.7
2018,Manitoba,Elderly females not in an economic family,,"Food insecure, moderate",46,6.1
2018,Manitoba,Elderly females not in an economic family,,"Food insecure, severe",46,
2018,Manitoba,Non-elderly persons not in an economic family,,Food secure,46,77.0
2018,Manitoba,Non-elderly persons not in an economic family,,Food insecure,46,23.0
2018,Manitoba,Non-elderly persons not in an economic family,,"Food insecure, marginal",46,4.4
2018,Manitoba,Non-elderly persons not in an economic family,,"Food insecure, moderate or severe",46,18.6
2018,Manitoba,Non-elderly persons not in an economic family,,"Food insecure, moderate",46,8.7
2018,Manitoba,Non-elderly persons not in an economic family,,"Food insecure, severe",46,9.9
2018,Manitoba,Non-elderly males not in an economic family,,Food secure,46,78.0
2018,Manitoba,Non-elderly males not in an economic family,,Food insecure,46,22.0
2018,Manitoba,Non-elderly males not in an economic family,,"Food insecure, marginal",46,
2018,Manitoba,Non-elderly males not in an economic family,,"Food insecure, moderate or severe",46,18.1
2018,Manitoba,Non-elderly males not in an economic family,,"Food insecure, moderate",46,7.3
2018,Manitoba,Non-elderly males not in an economic family,,"Food insecure, severe",46,10.8
2018,Manitoba,Non-elderly females not in an economic family,,Food secure,46,75.5
2018,Manitoba,Non-elderly females not in an economic family,,Food insecure,46,24.5
2018,Manitoba,Non-elderly females not in an economic family,,"Food insecure, marginal",46,
2018,Manitoba,Non-elderly females not in an economic family,,"Food insecure, moderate or severe",46,19.4
2018,Manitoba,Non-elderly females not in an economic family,,"Food insecure, moderate",46,10.8
2018,Manitoba,Non-elderly females not in an economic family,,"Food insecure, severe",46,8.6
2018,Saskatchewan,All persons,,Food secure,47,82.8
2018,Saskatchewan,All persons,,Food insecure,47,17.2
2018,Saskatchewan,All persons,,"Food insecure, marginal",47,5.5
2018,Saskatchewan,All persons,,"Food insecure, moderate or severe",47,11.7
2018,Saskatchewan,All persons,,"Food insecure, moderate",47,8.1
2018,Saskatchewan,All persons,,"Food insecure, severe",47,3.6
2018,Saskatchewan,Persons in economic families,,Food secure,47,84.0
2018,Saskatchewan,Persons in economic families,,Food insecure,47,16.0
2018,Saskatchewan,Persons in economic families,,"Food insecure, marginal",47,5.3
2018,Saskatchewan,Persons in economic families,,"Food insecure, moderate or severe",47,10.7
2018,Saskatchewan,Persons in economic families,,"Food insecure, moderate",47,8.1
2018,Saskatchewan,Persons in economic families,,"Food insecure, severe",47,2.6
2018,Saskatchewan,Persons in elderly families,,Food secure,47,93.5
2018,Saskatchewan,Persons in elderly families,,Food insecure,47,6.5
2018,Saskatchewan,Persons in elderly families,,"Food insecure, marginal",47,
2018,Saskatchewan,Persons in elderly families,,"Food insecure, moderate or severe",47,5.4
2018,Saskatchewan,Persons in elderly families,,"Food insecure, moderate",47,4.4
2018,Saskatchewan,Persons in elderly families,,"Food insecure, severe",47,
2018,Saskatchewan,Persons in elderly couples,,Food secure,47,96.8
2018,Saskatchewan,Persons in elderly couples,,Food insecure,47,3.2
2018,Saskatchewan,Persons in elderly couples,,"Food insecure, marginal",47,
2018,Saskatchewan,Persons in elderly couples,,"Food insecure, moderate or severe",47,
2018,Saskatchewan,Persons in elderly couples,,"Food insecure, moderate",47,
2018,Saskatchewan,Persons in elderly couples,,"Food insecure, severe",47,
2018,Saskatchewan,Persons in other elderly families,,Food secure,47,83.7
2018,Saskatchewan,Persons in other elderly families,,Food insecure,47,
2018,Saskatchewan,Persons in other elderly families,,"Food insecure, marginal",47,
2018,Saskatchewan,Persons in other elderly families,,"Food insecure, moderate or severe",47,
2018,Saskatchewan,Persons in other elderly families,,"Food insecure, moderate",47,
2018,Saskatchewan,Persons in other elderly families,,"Food insecure, severe",47,
2018,Saskatchewan,Persons in non-elderly families,,Food secure,47,82.5
2018,Saskatchewan,Persons in non-elderly families,,Food insecure,47,17.5
2018,Saskatchewan,Persons in non-elderly families,,"Food insecure, marginal",47,6.0
2018,Saskatchewan,Persons in non-elderly families,,"Food insecure, moderate or severe",47,11.5
2018,Saskatchewan,Persons in non-elderly families,,"Food insecure, moderate",47,8.7
2018,Saskatchewan,Persons in non-elderly families,,"Food insecure, severe",47,2.9
2018,Saskatchewan,Persons in couples,,Food secure,47,89.0
2018,Saskatchewan,Persons in couples,,Food insecure,47,11.0
2018,Saskatchewan,Persons in couples,,"Food insecure, marginal",47,3.9
2018,Saskatchewan,Persons in couples,,"Food insecure, moderate or severe",47,7.2
2018,Saskatchewan,Persons in couples,,"Food insecure, moderate",47,5.2
2018,Saskatchewan,Persons in couples,,"Food insecure, severe",47,
2018,Saskatchewan,Persons in couple families with children,,Food secure,47,82.3
2018,Saskatchewan,Persons in couple families with children,,Food insecure,47,17.7
2018,Saskatchewan,Persons in couple families with children,,"Food insecure, marginal",47,6.0
2018,Saskatchewan,Persons in couple families with children,,"Food insecure, moderate or severe",47,11.6
2018,Saskatchewan,Persons in couple families with children,,"Food insecure, moderate",47,9.0
2018,Saskatchewan,Persons in couple families with children,,"Food insecure, severe",47,2.6
2018,Saskatchewan,Persons in couple families with other relatives,,Food secure,47,84.4
2018,Saskatchewan,Persons in couple families with other relatives,,Food insecure,47,15.6
2018,Saskatchewan,Persons in couple families with other relatives,,"Food insecure, marginal",47,
2018,Saskatchewan,Persons in couple families with other relatives,,"Food insecure, moderate or severe",47,8.9
2018,Saskatchewan,Persons in couple families with other relatives,,"Food insecure, moderate",47,
2018,Saskatchewan,Persons in couple families with other relatives,,"Food insecure, severe",47,
2018,Saskatchewan,Persons in lone-parent families,,Food secure,47,56.0
2018,Saskatchewan,Persons in lone-parent families,,Food insecure,47,44.0
2018,Saskatchewan,Persons in lone-parent families,,"Food insecure, marginal",47,12.4
2018,Saskatchewan,Persons in lone-parent families,,"Food insecure, moderate or severe",47,31.6
2018,Saskatchewan,Persons in lone-parent families,,"Food insecure, moderate",47,23.3
2018,Saskatchewan,Persons in lone-parent families,,"Food insecure, severe",47,8.3
2018,Saskatchewan,Persons in male lone-parent families,,Food secure,47,76.5
2018,Saskatchewan,Persons in male lone-parent families,,Food insecure,47,
2018,Saskatchewan,Persons in male lone-parent families,,"Food insecure, marginal",47,
2018,Saskatchewan,Persons in male lone-parent families,,"Food insecure, moderate or severe",47,
2018,Saskatchewan,Persons in male lone-parent families,,"Food insecure, moderate",47,
2018,Saskatchewan,Persons in male lone-parent families,,"Food insecure, severe",47,
2018,Saskatchewan,Persons in female lone-parent families,,Food secure,47,50.0
2018,Saskatchewan,Persons in female lone-parent families,,Food insecure,47,50.0
2018,Saskatchewan,Persons in female lone-parent families,,"Food insecure, marginal",47,14.0
2018,Saskatchewan,Persons in female lone-parent families,,"Food insecure, moderate or severe",47,36.0
2018,Saskatchewan,Persons in female lone-parent families,,"Food insecure, moderate",47,25.8
2018,Saskatchewan,Persons in female lone-parent families,,"Food insecure, severe",47,10.3
2018,Saskatchewan,Persons in other non-elderly families,,Food secure,47,86.3
2018,Saskatchewan,Persons in other non-elderly families,,Food insecure,47,13.7
2018,Saskatchewan,Persons in other non-elderly families,,"Food insecure, marginal",47,
2018,Saskatchewan,Persons in other non-elderly families,,"Food insecure, moderate or severe",47,9.4
2018,Saskatchewan,Persons in other non-elderly families,,"Food insecure, moderate",47,7.5
2018,Saskatchewan,Persons in other non-elderly families,,"Food insecure, severe",47,
2018,Saskatchewan,Persons not in an economic family,,Food secure,47,76.3
2018,Saskatchewan,Persons not in an economic family,,Food insecure,47,23.7
2018,Saskatchewan,Persons not in an economic family,,"Food insecure, marginal",47,6.6
2018,Saskatchewan,Persons not in an economic family,,"Food insecure, moderate or severe",47,17.1
2018,Saskatchewan,Persons not in an economic family,,"Food insecure, moderate",47,8.0
2018,Saskatchewan,Persons not in an economic family,,"Food insecure, severe",47,9.1
2018,Saskatchewan,Elderly persons not in an economic family,,Food secure,47,89.7
2018,Saskatchewan,Elderly persons not in an economic family,,Food insecure,47,10.3
2018,Saskatchewan,Elderly persons not in an economic family,,"Food insecure, marginal",47,4.1
2018,Saskatchewan,Elderly persons not in an economic family,,"Food insecure, moderate or severe",47,6.2
2018,Saskatchewan,Elderly persons not in an economic family,,"Food insecure, moderate",47,5.1
2018,Saskatchewan,Elderly persons not in an economic family,,"Food insecure, severe",47,
2018,Saskatchewan,Elderly males not in an economic family,,Food secure,47,85.6
2018,Saskatchewan,Elderly males not in an economic family,,Food insecure,47,14.4
2018,Saskatchewan,Elderly males not in an economic family,,"Food insecure, marginal",47,
2018,Saskatchewan,Elderly males not in an economic family,,"Food insecure, moderate or severe",47,9.5
2018,Saskatchewan,Elderly males not in an economic family,,"Food insecure, moderate",47,7.9
2018,Saskatchewan,Elderly males not in an economic family,,"Food insecure, severe",47,
2018,Saskatchewan,Elderly females not in an economic family,,Food secure,47,91.8
2018,Saskatchewan,Elderly females not in an economic family,,Food insecure,47,8.2
2018,Saskatchewan,Elderly females not in an economic family,,"Food insecure, marginal",47,3.6
2018,Saskatchewan,Elderly females not in an economic family,,"Food insecure, moderate or severe",47,4.5
2018,Saskatchewan,Elderly females not in an economic family,,"Food insecure, moderate",47,
2018,Saskatchewan,Elderly females not in an economic family,,"Food insecure, severe",47,
2018,Saskatchewan,Non-elderly persons not in an economic family,,Food secure,47,70.1
2018,Saskatchewan,Non-elderly persons not in an economic family,,Food insecure,47,29.9
2018,Saskatchewan,Non-elderly persons not in an economic family,,"Food insecure, marginal",47,7.8
2018,Saskatchewan,Non-elderly persons not in an economic family,,"Food insecure, moderate or severe",47,22.1
2018,Saskatchewan,Non-elderly persons not in an economic family,,"Food insecure, moderate",47,9.3
2018,Saskatchewan,Non-elderly persons not in an economic family,,"Food insecure, severe",47,12.8
2018,Saskatchewan,Non-elderly males not in an economic family,,Food secure,47,73.5
2018,Saskatchewan,Non-elderly males not in an economic family,,Food insecure,47,26.5
2018,Saskatchewan,Non-elderly males not in an economic family,,"Food insecure, marginal",47,7.6
2018,Saskatchewan,Non-elderly males not in an economic family,,"Food insecure, moderate or severe",47,18.9
2018,Saskatchewan,Non-elderly males not in an economic family,,"Food insecure, moderate",47,8.4
2018,Saskatchewan,Non-elderly males not in an economic family,,"Food insecure, severe",47,10.5
2018,Saskatchewan,Non-elderly females not in an economic family,,Food secure,47,64.8
2018,Saskatchewan,Non-elderly females not in an economic family,,Food insecure,47,35.2
2018,Saskatchewan,Non-elderly females not in an economic family,,"Food insecure, marginal",47,8.1
2018,Saskatchewan,Non-elderly females not in an economic family,,"Food insecure, moderate or severe",47,27.2
2018,Saskatchewan,Non-elderly females not in an economic family,,"Food insecure, moderate",47,10.8
2018,Saskatchewan,Non-elderly females not in an economic family,,"Food insecure, severe",47,16.4
2018,Alberta,All persons,,Food secure,48,80.8
2018,Alberta,All persons,,Food insecure,48,19.2
2018,Alberta,All persons,,"Food insecure, marginal",48,5.3
2018,Alberta,All persons,,"Food insecure, moderate or severe",48,13.9
2018,Alberta,All persons,,"Food insecure, moderate",48,8.4
2018,Alberta,All persons,,"Food insecure, severe",48,5.5
2018,Alberta,Persons in economic families,,Food secure,48,81.4
2018,Alberta,Persons in economic families,,Food insecure,48,18.6
2018,Alberta,Persons in economic families,,"Food insecure, marginal",48,5.5
2018,Alberta,Persons in economic families,,"Food insecure, moderate or severe",48,13.1
2018,Alberta,Persons in economic families,,"Food insecure, moderate",48,8.5
2018,Alberta,Persons in economic families,,"Food insecure, severe",48,4.6
2018,Alberta,Persons in elderly families,,Food secure,48,89.6
2018,Alberta,Persons in elderly families,,Food insecure,48,10.4
2018,Alberta,Persons in elderly families,,"Food insecure, marginal",48,
2018,Alberta,Persons in elderly families,,"Food insecure, moderate or severe",48,
2018,Alberta,Persons in elderly families,,"Food insecure, moderate",48,2.6
2018,Alberta,Persons in elderly families,,"Food insecure, severe",48,
2018,Alberta,Persons in elderly couples,,Food secure,48,93.3
2018,Alberta,Persons in elderly couples,,Food insecure,48,6.7
2018,Alberta,Persons in elderly couples,,"Food insecure, marginal",48,
2018,Alberta,Persons in elderly couples,,"Food insecure, moderate or severe",48,4.5
2018,Alberta,Persons in elderly couples,,"Food insecure, moderate",48,
2018,Alberta,Persons in elderly couples,,"Food insecure, severe",48,
2018,Alberta,Persons in other elderly families,,Food secure,48,80.4
2018,Alberta,Persons in other elderly families,,Food insecure,48,
2018,Alberta,Persons in other elderly families,,"Food insecure, marginal",48,
2018,Alberta,Persons in other elderly families,,"Food insecure, moderate or severe",48,
2018,Alberta,Persons in other elderly families,,"Food insecure, moderate",48,
2018,Alberta,Persons in other elderly families,,"Food insecure, severe",48,
2018,Alberta,Persons in non-elderly families,,Food secure,48,80.3
2018,Alberta,Persons in non-elderly families,,Food insecure,48,19.7
2018,Alberta,Persons in non-elderly families,,"Food insecure, marginal",48,5.9
2018,Alberta,Persons in non-elderly families,,"Food insecure, moderate or severe",48,13.7
2018,Alberta,Persons in non-elderly families,,"Food insecure, moderate",48,9.3
2018,Alberta,Persons in non-elderly families,,"Food insecure, severe",48,4.5
2018,Alberta,Persons in couples,,Food secure,48,89.6
2018,Alberta,Persons in couples,,Food insecure,48,10.4
2018,Alberta,Persons in couples,,"Food insecure, marginal",48,2.9
2018,Alberta,Persons in couples,,"Food insecure, moderate or severe",48,7.5
2018,Alberta,Persons in couples,,"Food insecure, moderate",48,3.5
2018,Alberta,Persons in couples,,"Food insecure, severe",48,4.0
2018,Alberta,Persons in couple families with children,,Food secure,48,80.2
2018,Alberta,Persons in couple families with children,,Food insecure,48,19.8
2018,Alberta,Persons in couple families with children,,"Food insecure, marginal",48,6.9
2018,Alberta,Persons in couple families with children,,"Food insecure, moderate or severe",48,12.9
2018,Alberta,Persons in couple families with children,,"Food insecure, moderate",48,9.9
2018,Alberta,Persons in couple families with children,,"Food insecure, severe",48,3.0
2018,Alberta,Persons in couple families with other relatives,,Food secure,48,85.3
2018,Alberta,Persons in couple families with other relatives,,Food insecure,48,14.7
2018,Alberta,Persons in couple families with other relatives,,"Food insecure, marginal",48,
2018,Alberta,Persons in couple families with other relatives,,"Food insecure, moderate or severe",48,10.9
2018,Alberta,Persons in couple families with other relatives,,"Food insecure, moderate",48,10.1
2018,Alberta,Persons in couple families with other relatives,,"Food insecure, severe",48,
2018,Alberta,Persons in lone-parent families,,Food secure,48,55.8
2018,Alberta,Persons in lone-parent families,,Food insecure,48,44.2
2018,Alberta,Persons in lone-parent families,,"Food insecure, marginal",48,9.1
2018,Alberta,Persons in lone-parent families,,"Food insecure, moderate or severe",48,35.0
2018,Alberta,Persons in lone-parent families,,"Food insecure, moderate",48,14.0
2018,Alberta,Persons in lone-parent families,,"Food insecure, severe",48,21.1
2018,Alberta,Persons in male lone-parent families,,Food secure,48,62.1
2018,Alberta,Persons in male lone-parent families,,Food insecure,48,37.9
2018,Alberta,Persons in male lone-parent families,,"Food insecure, marginal",48,
2018,Alberta,Persons in male lone-parent families,,"Food insecure, moderate or severe",48,
2018,Alberta,Persons in male lone-parent families,,"Food insecure, moderate",48,
2018,Alberta,Persons in male lone-parent families,,"Food insecure, severe",48,
2018,Alberta,Persons in female lone-parent families,,Food secure,48,54.6
2018,Alberta,Persons in female lone-parent families,,Food insecure,48,45.4
2018,Alberta,Persons in female lone-parent families,,"Food insecure, marginal",48,
2018,Alberta,Persons in female lone-parent families,,"Food insecure, moderate or severe",48,36.5
2018,Alberta,Persons in female lone-parent families,,"Food insecure, moderate",48,14.5
2018,Alberta,Persons in female lone-parent families,,"Food insecure, severe",48,22.0
2018,Alberta,Persons in other non-elderly families,,Food secure,48,70.9
2018,Alberta,Persons in other non-elderly families,,Food insecure,48,29.1
2018,Alberta,Persons in other non-elderly families,,"Food insecure, marginal",48,
2018,Alberta,Persons in other non-elderly families,,"Food insecure, moderate or severe",48,21.6
2018,Alberta,Persons in other non-elderly families,,"Food insecure, moderate",48,11.6
2018,Alberta,Persons in other non-elderly families,,"Food insecure, severe",48,10.0
2018,Alberta,Persons not in an economic family,,Food secure,48,77.2
2018,Alberta,Persons not in an economic family,,Food insecure,48,22.8
2018,Alberta,Persons not in an economic family,,"Food insecure, marginal",48,4.5
2018,Alberta,Persons not in an economic family,,"Food insecure, moderate or severe",48,18.4
2018,Alberta,Persons not in an economic family,,"Food insecure, moderate",48,7.5
2018,Alberta,Persons not in an economic family,,"Food insecure, severe",48,10.8
2018,Alberta,Elderly persons not in an economic family,,Food secure,48,88.6
2018,Alberta,Elderly persons not in an economic family,,Food insecure,48,11.4
2018,Alberta,Elderly persons not in an economic family,,"Food insecure, marginal",48,4.4
2018,Alberta,Elderly persons not in an economic family,,"Food insecure, moderate or severe",48,7.0
2018,Alberta,Elderly persons not in an economic family,,"Food insecure, moderate",48,4.1
2018,Alberta,Elderly persons not in an economic family,,"Food insecure, severe",48,2.9
2018,Alberta,Elderly males not in an economic family,,Food secure,48,88.4
2018,Alberta,Elderly males not in an economic family,,Food insecure,48,11.6
2018,Alberta,Elderly males not in an economic family,,"Food insecure, marginal",48,
2018,Alberta,Elderly males not in an economic family,,"Food insecure, moderate or severe",48,
2018,Alberta,Elderly males not in an economic family,,"Food insecure, moderate",48,
2018,Alberta,Elderly males not in an economic family,,"Food insecure, severe",48,
2018,Alberta,Elderly females not in an economic family,,Food secure,48,88.6
2018,Alberta,Elderly females not in an economic family,,Food insecure,48,11.4
2018,Alberta,Elderly females not in an economic family,,"Food insecure, marginal",48,
2018,Alberta,Elderly females not in an economic family,,"Food insecure, moderate or severe",48,7.3
2018,Alberta,Elderly females not in an economic family,,"Food insecure, moderate",48,
2018,Alberta,Elderly females not in an economic family,,"Food insecure, severe",48,
2018,Alberta,Non-elderly persons not in an economic family,,Food secure,48,74.0
2018,Alberta,Non-elderly persons not in an economic family,,Food insecure,48,26.0
2018,Alberta,Non-elderly persons not in an economic family,,"Food insecure, marginal",48,4.5
2018,Alberta,Non-elderly persons not in an economic family,,"Food insecure, moderate or severe",48,21.6
2018,Alberta,Non-elderly persons not in an economic family,,"Food insecure, moderate",48,8.5
2018,Alberta,Non-elderly persons not in an economic family,,"Food insecure, severe",48,13.1
2018,Alberta,Non-elderly males not in an economic family,,Food secure,48,73.2
2018,Alberta,Non-elderly males not in an economic family,,Food insecure,48,26.8
2018,Alberta,Non-elderly males not in an economic family,,"Food insecure, marginal",48,
2018,Alberta,Non-elderly males not in an economic family,,"Food insecure, moderate or severe",48,21.4
2018,Alberta,Non-elderly males not in an economic family,,"Food insecure, moderate",48,7.8
2018,Alberta,Non-elderly males not in an economic family,,"Food insecure, severe",48,13.6
2018,Alberta,Non-elderly females not in an economic family,,Food secure,48,75.1
2018,Alberta,Non-elderly females not in an economic family,,Food insecure,48,24.9
2018,Alberta,Non-elderly females not in an economic family,,"Food insecure, marginal",48,3.2
2018,Alberta,Non-elderly females not in an economic family,,"Food insecure, moderate or severe",48,21.7
2018,Alberta,Non-elderly females not in an economic family,,"Food insecure, moderate",48,9.4
2018,Alberta,Non-elderly females not in an economic family,,"Food insecure, severe",48,12.3
2018,British Columbia,All persons,,Food secure,59,83.8
2018,British Columbia,All persons,,Food insecure,59,16.2
2018,British Columbia,All persons,,"Food insecure, marginal",59,4.5
2018,British Columbia,All persons,,"Food insecure, moderate or severe",59,11.7
2018,British Columbia,All persons,,"Food insecure, moderate",59,8.0
2018,British Columbia,All persons,,"Food insecure, severe",59,3.7
2018,British Columbia,Persons in economic families,,Food secure,59,85.5
2018,British Columbia,Persons in economic families,,Food insecure,59,14.5
2018,British Columbia,Persons in economic families,,"Food insecure, marginal",59,4.5
2018,British Columbia,Persons in economic families,,"Food insecure, moderate or severe",59,10.0
2018,British Columbia,Persons in economic families,,"Food insecure, moderate",59,7.6
2018,British Columbia,Persons in economic families,,"Food insecure, severe",59,2.4
2018,British Columbia,Persons in elderly families,,Food secure,59,94.0
2018,British Columbia,Persons in elderly families,,Food insecure,59,6.0
2018,British Columbia,Persons in elderly families,,"Food insecure, marginal",59,
2018,British Columbia,Persons in elderly families,,"Food insecure, moderate or severe",59,4.1
2018,British Columbia,Persons in elderly families,,"Food insecure, moderate",59,3.6
2018,British Columbia,Persons in elderly families,,"Food insecure, severe",59,
2018,British Columbia,Persons in elderly couples,,Food secure,59,96.0
2018,British Columbia,Persons in elderly couples,,Food insecure,59,4.0
2018,British Columbia,Persons in elderly couples,,"Food insecure, marginal",59,
2018,British Columbia,Persons in elderly couples,,"Food insecure, moderate or severe",59,2.2
2018,British Columbia,Persons in elderly couples,,"Food insecure, moderate",59,
2018,British Columbia,Persons in elderly couples,,"Food insecure, severe",59,
2018,British Columbia,Persons in other elderly families,,Food secure,59,90.3
2018,British Columbia,Persons in other elderly families,,Food insecure,59,
2018,British Columbia,Persons in other elderly families,,"Food insecure, marginal",59,
2018,British Columbia,Persons in other elderly families,,"Food insecure, moderate or severe",59,
2018,British Columbia,Persons in other elderly families,,"Food insecure, moderate",59,
2018,British Columbia,Persons in other elderly families,,"Food insecure, severe",59,
2018,British Columbia,Persons in non-elderly families,,Food secure,59,83.9
2018,British Columbia,Persons in non-elderly families,,Food insecure,59,16.1
2018,British Columbia,Persons in non-elderly families,,"Food insecure, marginal",59,5.0
2018,British Columbia,Persons in non-elderly families,,"Food insecure, moderate or severe",59,11.1
2018,British Columbia,Persons in non-elderly families,,"Food insecure, moderate",59,8.4
2018,British Columbia,Persons in non-elderly families,,"Food insecure, severe",59,2.7
2018,British Columbia,Persons in couples,,Food secure,59,89.0
2018,British Columbia,Persons in couples,,Food insecure,59,11.0
2018,British Columbia,Persons in couples,,"Food insecure, marginal",59,3.3
2018,British Columbia,Persons in couples,,"Food insecure, moderate or severe",59,7.7
2018,British Columbia,Persons in couples,,"Food insecure, moderate",59,4.9
2018,British Columbia,Persons in couples,,"Food insecure, severe",59,2.8
2018,British Columbia,Persons in couple families with children,,Food secure,59,84.4
2018,British Columbia,Persons in couple families with children,,Food insecure,59,15.6
2018,British Columbia,Persons in couple families with children,,"Food insecure, marginal",59,4.7
2018,British Columbia,Persons in couple families with children,,"Food insecure, moderate or severe",59,10.9
2018,British Columbia,Persons in couple families with children,,"Food insecure, moderate",59,9.0
2018,British Columbia,Persons in couple families with children,,"Food insecure, severe",59,1.9
2018,British Columbia,Persons in couple families with other relatives,,Food secure,59,87.8
2018,British Columbia,Persons in couple families with other relatives,,Food insecure,59,12.2
2018,British Columbia,Persons in couple families with other relatives,,"Food insecure, marginal",59,
2018,British Columbia,Persons in couple families with other relatives,,"Food insecure, moderate or severe",59,
2018,British Columbia,Persons in couple families with other relatives,,"Food insecure, moderate",59,
2018,British Columbia,Persons in couple families with other relatives,,"Food insecure, severe",59,
2018,British Columbia,Persons in lone-parent families,,Food secure,59,55.6
2018,British Columbia,Persons in lone-parent families,,Food insecure,59,44.4
2018,British Columbia,Persons in lone-parent families,,"Food insecure, marginal",59,
2018,British Columbia,Persons in lone-parent families,,"Food insecure, moderate or severe",59,34.4
2018,British Columbia,Persons in lone-parent families,,"Food insecure, moderate",59,22.0
2018,British Columbia,Persons in lone-parent families,,"Food insecure, severe",59,12.4
2018,British Columbia,Persons in male lone-parent families,,Food secure,59,75.9
2018,British Columbia,Persons in male lone-parent families,,Food insecure,59,
2018,British Columbia,Persons in male lone-parent families,,"Food insecure, marginal",59,
2018,British Columbia,Persons in male lone-parent families,,"Food insecure, moderate or severe",59,
2018,British Columbia,Persons in male lone-parent families,,"Food insecure, moderate",59,
2018,British Columbia,Persons in male lone-parent families,,"Food insecure, severe",59,
2018,British Columbia,Persons in female lone-parent families,,Food secure,59,51.8
2018,British Columbia,Persons in female lone-parent families,,Food insecure,59,48.2
2018,British Columbia,Persons in female lone-parent families,,"Food insecure, marginal",59,
2018,British Columbia,Persons in female lone-parent families,,"Food insecure, moderate or severe",59,37.3
2018,British Columbia,Persons in female lone-parent families,,"Food insecure, moderate",59,23.6
2018,British Columbia,Persons in female lone-parent families,,"Food insecure, severe",59,13.7
2018,British Columbia,Persons in other non-elderly families,,Food secure,59,79.8
2018,British Columbia,Persons in other non-elderly families,,Food insecure,59,20.2
2018,British Columbia,Persons in other non-elderly families,,"Food insecure, marginal",59,
2018,British Columbia,Persons in other non-elderly families,,"Food insecure, moderate or severe",59,10.9
2018,British Columbia,Persons in other non-elderly families,,"Food insecure, moderate",59,7.3
2018,British Columbia,Persons in other non-elderly families,,"Food insecure, severe",59,
2018,British Columbia,Persons not in an economic family,,Food secure,59,76.2
2018,British Columbia,Persons not in an economic family,,Food insecure,59,23.8
2018,British Columbia,Persons not in an economic family,,"Food insecure, marginal",59,4.6
2018,British Columbia,Persons not in an economic family,,"Food insecure, moderate or severe",59,19.2
2018,British Columbia,Persons not in an economic family,,"Food insecure, moderate",59,9.6
2018,British Columbia,Persons not in an economic family,,"Food insecure, severe",59,9.6
2018,British Columbia,Elderly persons not in an economic family,,Food secure,59,84.6
2018,British Columbia,Elderly persons not in an economic family,,Food insecure,59,15.4
2018,British Columbia,Elderly persons not in an economic family,,"Food insecure, marginal",59,4.4
2018,British Columbia,Elderly persons not in an economic family,,"Food insecure, moderate or severe",59,11.0
2018,British Columbia,Elderly persons not in an economic family,,"Food insecure, moderate",59,7.4
2018,British Columbia,Elderly persons not in an economic family,,"Food insecure, severe",59,3.6
2018,British Columbia,Elderly males not in an economic family,,Food secure,59,81.3
2018,British Columbia,Elderly males not in an economic family,,Food insecure,59,18.7
2018,British Columbia,Elderly males not in an economic family,,"Food insecure, marginal",59,
2018,British Columbia,Elderly males not in an economic family,,"Food insecure, moderate or severe",59,13.7
2018,British Columbia,Elderly males not in an economic family,,"Food insecure, moderate",59,9.3
2018,British Columbia,Elderly males not in an economic family,,"Food insecure, severe",59,
2018,British Columbia,Elderly females not in an economic family,,Food secure,59,86.6
2018,British Columbia,Elderly females not in an economic family,,Food insecure,59,13.4
2018,British Columbia,Elderly females not in an economic family,,"Food insecure, marginal",59,
2018,British Columbia,Elderly females not in an economic family,,"Food insecure, moderate or severe",59,9.3
2018,British Columbia,Elderly females not in an economic family,,"Food insecure, moderate",59,6.2
2018,British Columbia,Elderly females not in an economic family,,"Food insecure, severe",59,3.1
2018,British Columbia,Non-elderly persons not in an economic family,,Food secure,59,73.2
2018,British Columbia,Non-elderly persons not in an economic family,,Food insecure,59,26.8
2018,British Columbia,Non-elderly persons not in an economic family,,"Food insecure, marginal",59,4.7
2018,British Columbia,Non-elderly persons not in an economic family,,"Food insecure, moderate or severe",59,22.0
2018,British Columbia,Non-elderly persons not in an economic family,,"Food insecure, moderate",59,10.4
2018,British Columbia,Non-elderly persons not in an economic family,,"Food insecure, severe",59,11.7
2018,British Columbia,Non-elderly males not in an economic family,,Food secure,59,71.5
2018,British Columbia,Non-elderly males not in an economic family,,Food insecure,59,28.5
2018,British Columbia,Non-elderly males not in an economic family,,"Food insecure, marginal",59,3.5
2018,British Columbia,Non-elderly males not in an economic family,,"Food insecure, moderate or severe",59,25.0
2018,British Columbia,Non-elderly males not in an economic family,,"Food insecure, moderate",59,10.8
2018,British Columbia,Non-elderly males not in an economic family,,"Food insecure, severe",59,14.1
2018,British Columbia,Non-elderly females not in an economic family,,Food secure,59,75.1
2018,British Columbia,Non-elderly females not in an economic family,,Food insecure,59,24.9
2018,British Columbia,Non-elderly females not in an economic family,,"Food insecure, marginal",59,
2018,British Columbia,Non-elderly females not in an economic family,,"Food insecure, moderate or severe",59,18.8
2018,British Columbia,Non-elderly females not in an economic family,,"Food insecure, moderate",59,9.9
2018,British Columbia,Non-elderly females not in an economic family,,"Food insecure, severe",59,8.9
2019,Canada,All persons,,Food secure,,84.1
2019,Canada,All persons,,Food insecure,,15.9
2019,Canada,All persons,,"Food insecure, marginal",,5.1
2019,Canada,All persons,,"Food insecure, moderate",,7.6
2019,Canada,All persons,,"Food insecure, severe",,3.2
2019,Canada,Persons in economic families,,Food secure,,84.9
2019,Canada,Persons in economic families,,Food insecure,,15.1
2019,Canada,Persons in economic families,,"Food insecure, marginal",,5.0
2019,Canada,Persons in economic families,,"Food insecure, moderate or severe",,10.1
2019,Canada,Persons in economic families,,"Food insecure, moderate",,7.4
2019,Canada,Persons in economic families,,"Food insecure, severe",,2.7
2019,Canada,Persons in elderly families,,Food secure,,92.4
2019,Canada,Persons in elderly families,,Food insecure,,7.6
2019,Canada,Persons in elderly families,,"Food insecure, marginal",,2.7
2019,Canada,Persons in elderly families,,"Food insecure, moderate or severe",,4.9
2019,Canada,Persons in elderly families,,"Food insecure, moderate",,3.7
2019,Canada,Persons in elderly families,,"Food insecure, severe",,1.3
2019,Canada,Persons in elderly couples,,Food secure,,94.9
2019,Canada,Persons in elderly couples,,Food insecure,,5.1
2019,Canada,Persons in elderly couples,,"Food insecure, marginal",,2.1
2019,Canada,Persons in elderly couples,,"Food insecure, moderate or severe",,3.0
2019,Canada,Persons in elderly couples,,"Food insecure, moderate",,2.6
2019,Canada,Persons in elderly couples,,"Food insecure, severe",,0.5
2019,Canada,Persons in other elderly families,,Food secure,,86.8
2019,Canada,Persons in other elderly families,,Food insecure,,13.2
2019,Canada,Persons in other elderly families,,"Food insecure, marginal",,
2019,Canada,Persons in other elderly families,,"Food insecure, moderate or severe",,9.2
2019,Canada,Persons in other elderly families,,"Food insecure, moderate",,6.2
2019,Canada,Persons in other elderly families,,"Food insecure, severe",,
2019,Canada,Persons in non-elderly families,,Food secure,,83.7
2019,Canada,Persons in non-elderly families,,Food insecure,,16.3
2019,Canada,Persons in non-elderly families,,"Food insecure, marginal",,5.4
2019,Canada,Persons in non-elderly families,,"Food insecure, moderate or severe",,10.9
2019,Canada,Persons in non-elderly families,,"Food insecure, moderate",,8.0
2019,Canada,Persons in non-elderly families,,"Food insecure, severe",,2.9
2019,Canada,Persons in couples,,Food secure,,89.1
2019,Canada,Persons in couples,,Food insecure,,10.9
2019,Canada,Persons in couples,,"Food insecure, marginal",,3.8
2019,Canada,Persons in couples,,"Food insecure, moderate or severe",,7.1
2019,Canada,Persons in couples,,"Food insecure, moderate",,5.0
2019,Canada,Persons in couples,,"Food insecure, severe",,2.1
2019,Canada,Persons in couple families with children,,Food secure,,83.6
2019,Canada,Persons in couple families with children,,Food insecure,,16.4
2019,Canada,Persons in couple families with children,,"Food insecure, marginal",,6.4
2019,Canada,Persons in couple families with children,,"Food insecure, moderate or severe",,10.0
2019,Canada,Persons in couple families with children,,"Food insecure, moderate",,8.0
2019,Canada,Persons in couple families with children,,"Food insecure, severe",,2.0
2019,Canada,Persons in couple families with other relatives,,Food secure,,88.4
2019,Canada,Persons in couple families with other relatives,,Food insecure,,11.6
2019,Canada,Persons in couple families with other relatives,,"Food insecure, marginal",,3.7
2019,Canada,Persons in couple families with other relatives,,"Food insecure, moderate or severe",,7.9
2019,Canada,Persons in couple families with other relatives,,"Food insecure, moderate",,5.4
2019,Canada,Persons in couple families with other relatives,,"Food insecure, severe",,2.5
2019,Canada,Persons in lone-parent families,,Food secure,,61.3
2019,Canada,Persons in lone-parent families,,Food insecure,,38.7
2019,Canada,Persons in lone-parent families,,"Food insecure, marginal",,8.0
2019,Canada,Persons in lone-parent families,,"Food insecure, moderate or severe",,30.7
2019,Canada,Persons in lone-parent families,,"Food insecure, moderate",,20.6
2019,Canada,Persons in lone-parent families,,"Food insecure, severe",,10.1
2019,Canada,Persons in male lone-parent families,,Food secure,,67.9
2019,Canada,Persons in male lone-parent families,,Food insecure,,32.1
2019,Canada,Persons in male lone-parent families,,"Food insecure, marginal",,
2019,Canada,Persons in male lone-parent families,,"Food insecure, moderate or severe",,22.7
2019,Canada,Persons in male lone-parent families,,"Food insecure, moderate",,11.0
2019,Canada,Persons in male lone-parent families,,"Food insecure, severe",,
2019,Canada,Persons in female lone-parent families,,Food secure,,59.5
2019,Canada,Persons in female lone-parent families,,Food insecure,,40.5
2019,Canada,Persons in female lone-parent families,,"Food insecure, marginal",,7.6
2019,Canada,Persons in female lone-parent families,,"Food insecure, moderate or severe",,32.9
2019,Canada,Persons in female lone-parent families,,"Food insecure, moderate",,23.2
2019,Canada,Persons in female lone-parent families,,"Food insecure, severe",,9.6
2019,Canada,Persons in other non-elderly families,,Food secure,,81.7
2019,Canada,Persons in other non-elderly families,,Food insecure,,18.3
2019,Canada,Persons in other non-elderly families,,"Food insecure, marginal",,4.5
2019,Canada,Persons in other non-elderly families,,"Food insecure, moderate or severe",,13.7
2019,Canada,Persons in other non-elderly families,,"Food insecure, moderate",,9.4
2019,Canada,Persons in other non-elderly families,,"Food insecure, severe",,4.3
2019,Canada,Persons not in an economic family,,Food secure,,80.2
2019,Canada,Persons not in an economic family,,Food insecure,,19.8
2019,Canada,Persons not in an economic family,,"Food insecure, marginal",,5.3
2019,Canada,Persons not in an economic family,,"Food insecure, moderate or severe",,14.5
2019,Canada,Persons not in an economic family,,"Food insecure, moderate",,8.5
2019,Canada,Persons not in an economic family,,"Food insecure, severe",,6.0
2019,Canada,Elderly persons not in an economic family,,Food secure,,90.0
2019,Canada,Elderly persons not in an economic family,,Food insecure,,10.0
2019,Canada,Elderly persons not in an economic family,,"Food insecure, marginal",,3.2
2019,Canada,Elderly persons not in an economic family,,"Food insecure, moderate or severe",,6.8
2019,Canada,Elderly persons not in an economic family,,"Food insecure, moderate",,5.1
2019,Canada,Elderly persons not in an economic family,,"Food insecure, severe",,1.7
2019,Canada,Elderly males not in an economic family,,Food secure,,90.1
2019,Canada,Elderly males not in an economic family,,Food insecure,,9.9
2019,Canada,Elderly males not in an economic family,,"Food insecure, marginal",,2.8
2019,Canada,Elderly males not in an economic family,,"Food insecure, moderate or severe",,7.1
2019,Canada,Elderly males not in an economic family,,"Food insecure, moderate",,5.2
2019,Canada,Elderly males not in an economic family,,"Food insecure, severe",,1.8
2019,Canada,Elderly females not in an economic family,,Food secure,,89.9
2019,Canada,Elderly females not in an economic family,,Food insecure,,10.1
2019,Canada,Elderly females not in an economic family,,"Food insecure, marginal",,3.4
2019,Canada,Elderly females not in an economic family,,"Food insecure, moderate or severe",,6.7
2019,Canada,Elderly females not in an economic family,,"Food insecure, moderate",,5.1
2019,Canada,Elderly females not in an economic family,,"Food insecure, severe",,1.6
2019,Canada,Non-elderly persons not in an economic family,,Food secure,,75.7
2019,Canada,Non-elderly persons not in an economic family,,Food insecure,,24.3
2019,Canada,Non-elderly persons not in an economic family,,"Food insecure, marginal",,6.2
2019,Canada,Non-elderly persons not in an economic family,,"Food insecure, moderate or severe",,18.1
2019,Canada,Non-elderly persons not in an economic family,,"Food insecure, moderate",,10.1
2019,Canada,Non-elderly persons not in an economic family,,"Food insecure, severe",,8.0
2019,Canada,Non-elderly males not in an economic family,,Food secure,,77.0
2019,Canada,Non-elderly males not in an economic family,,Food insecure,,23.0
2019,Canada,Non-elderly males not in an economic family,,"Food insecure, marginal",,5.9
2019,Canada,Non-elderly males not in an economic family,,"Food insecure, moderate or severe",,17.1
2019,Canada,Non-elderly males not in an economic family,,"Food insecure, moderate",,10.2
2019,Canada,Non-elderly males not in an economic family,,"Food insecure, severe",,6.8
2019,Canada,Non-elderly females not in an economic family,,Food secure,,74.1
2019,Canada,Non-elderly females not in an economic family,,Food insecure,,25.9
2019,Canada,Non-elderly females not in an economic family,,"Food insecure, marginal",,6.6
2019,Canada,Non-elderly females not in an economic family,,"Food insecure, moderate or severe",,19.3
2019,Canada,Non-elderly females not in an economic family,,"Food insecure, moderate",,9.9
2019,Canada,Non-elderly females not in an economic family,,"Food insecure, severe",,9.4
2019,Atlantic provinces,All persons,,Food secure,,82.8
2019,Atlantic provinces,All persons,,Food insecure,,17.2
2019,Atlantic provinces,All persons,,"Food insecure, marginal",,5.3
2019,Atlantic provinces,All persons,,"Food insecure, moderate or severe",,11.9
2019,Atlantic provinces,All persons,,"Food insecure, moderate",,8.1
2019,Atlantic provinces,All persons,,"Food insecure, severe",,3.8
2019,Atlantic provinces,Persons in economic families,,Food secure,,84.1
2019,Atlantic provinces,Persons in economic families,,Food insecure,,15.9
2019,Atlantic provinces,Persons in economic families,,"Food insecure, marginal",,5.0
2019,Atlantic provinces,Persons in economic families,,"Food insecure, moderate or severe",,11.0
2019,Atlantic provinces,Persons in economic families,,"Food insecure, moderate",,8.0
2019,Atlantic provinces,Persons in economic families,,"Food insecure, severe",,3.0
2019,Atlantic provinces,Persons in elderly families,,Food secure,,92.8
2019,Atlantic provinces,Persons in elderly families,,Food insecure,,7.2
2019,Atlantic provinces,Persons in elderly families,,"Food insecure, marginal",,2.7
2019,Atlantic provinces,Persons in elderly families,,"Food insecure, moderate or severe",,4.5
2019,Atlantic provinces,Persons in elderly families,,"Food insecure, moderate",,3.5
2019,Atlantic provinces,Persons in elderly families,,"Food insecure, severe",,
2019,Atlantic provinces,Persons in elderly couples,,Food secure,,93.5
2019,Atlantic provinces,Persons in elderly couples,,Food insecure,,6.5
2019,Atlantic provinces,Persons in elderly couples,,"Food insecure, marginal",,3.0
2019,Atlantic provinces,Persons in elderly couples,,"Food insecure, moderate or severe",,3.6
2019,Atlantic provinces,Persons in elderly couples,,"Food insecure, moderate",,3.1
2019,Atlantic provinces,Persons in elderly couples,,"Food insecure, severe",,
2019,Atlantic provinces,Persons in other elderly families,,Food secure,,90.9
2019,Atlantic provinces,Persons in other elderly families,,Food insecure,,9.1
2019,Atlantic provinces,Persons in other elderly families,,"Food insecure, marginal",,
2019,Atlantic provinces,Persons in other elderly families,,"Food insecure, moderate or severe",,7.1
2019,Atlantic provinces,Persons in other elderly families,,"Food insecure, moderate",,
2019,Atlantic provinces,Persons in other elderly families,,"Food insecure, severe",,
2019,Atlantic provinces,Persons in non-elderly families,,Food secure,,82.1
2019,Atlantic provinces,Persons in non-elderly families,,Food insecure,,17.9
2019,Atlantic provinces,Persons in non-elderly families,,"Food insecure, marginal",,5.5
2019,Atlantic provinces,Persons in non-elderly families,,"Food insecure, moderate or severe",,12.4
2019,Atlantic provinces,Persons in non-elderly families,,"Food insecure, moderate",,9.0
2019,Atlantic provinces,Persons in non-elderly families,,"Food insecure, severe",,3.4
2019,Atlantic provinces,Persons in couples,,Food secure,,89.3
2019,Atlantic provinces,Persons in couples,,Food insecure,,10.7
2019,Atlantic provinces,Persons in couples,,"Food insecure, marginal",,3.5
2019,Atlantic provinces,Persons in couples,,"Food insecure, moderate or severe",,7.2
2019,Atlantic provinces,Persons in couples,,"Food insecure, moderate",,4.6
2019,Atlantic provinces,Persons in couples,,"Food insecure, severe",,2.6
2019,Atlantic provinces,Persons in couple families with children,,Food secure,,80.7
2019,Atlantic provinces,Persons in couple families with children,,Food insecure,,19.3
2019,Atlantic provinces,Persons in couple families with children,,"Food insecure, marginal",,6.6
2019,Atlantic provinces,Persons in couple families with children,,"Food insecure, moderate or severe",,12.7
2019,Atlantic provinces,Persons in couple families with children,,"Food insecure, moderate",,10.5
2019,Atlantic provinces,Persons in couple families with children,,"Food insecure, severe",,2.1
2019,Atlantic provinces,Persons in couple families with other relatives,,Food secure,,89.3
2019,Atlantic provinces,Persons in couple families with other relatives,,Food insecure,,10.7
2019,Atlantic provinces,Persons in couple families with other relatives,,"Food insecure, marginal",,
2019,Atlantic provinces,Persons in couple families with other relatives,,"Food insecure, moderate or severe",,8.6
2019,Atlantic provinces,Persons in couple families with other relatives,,"Food insecure, moderate",,6.0
2019,Atlantic provinces,Persons in couple families with other relatives,,"Food insecure, severe",,
2019,Atlantic provinces,Persons in lone-parent families,,Food secure,,58.3
2019,Atlantic provinces,Persons in lone-parent families,,Food insecure,,41.7
2019,Atlantic provinces,Persons in lone-parent families,,"Food insecure, marginal",,10.5
2019,Atlantic provinces,Persons in lone-parent families,,"Food insecure, moderate or severe",,31.2
2019,Atlantic provinces,Persons in lone-parent families,,"Food insecure, moderate",,18.7
2019,Atlantic provinces,Persons in lone-parent families,,"Food insecure, severe",,12.5
2019,Atlantic provinces,Persons in male lone-parent families,,Food secure,,65.5
2019,Atlantic provinces,Persons in male lone-parent families,,Food insecure,,34.5
2019,Atlantic provinces,Persons in male lone-parent families,,"Food insecure, marginal",,
2019,Atlantic provinces,Persons in male lone-parent families,,"Food insecure, moderate or severe",,25.3
2019,Atlantic provinces,Persons in male lone-parent families,,"Food insecure, moderate",,
2019,Atlantic provinces,Persons in male lone-parent families,,"Food insecure, severe",,
2019,Atlantic provinces,Persons in female lone-parent families,,Food secure,,56.3
2019,Atlantic provinces,Persons in female lone-parent families,,Food insecure,,43.7
2019,Atlantic provinces,Persons in female lone-parent families,,"Food insecure, marginal",,
2019,Atlantic provinces,Persons in female lone-parent families,,"Food insecure, moderate or severe",,32.9
2019,Atlantic provinces,Persons in female lone-parent families,,"Food insecure, moderate",,20.7
2019,Atlantic provinces,Persons in female lone-parent families,,"Food insecure, severe",,12.2
2019,Atlantic provinces,Persons in other non-elderly families,,Food secure,,82.0
2019,Atlantic provinces,Persons in other non-elderly families,,Food insecure,,18.0
2019,Atlantic provinces,Persons in other non-elderly families,,"Food insecure, marginal",,5.8
2019,Atlantic provinces,Persons in other non-elderly families,,"Food insecure, moderate or severe",,12.1
2019,Atlantic provinces,Persons in other non-elderly families,,"Food insecure, moderate",,8.3
2019,Atlantic provinces,Persons in other non-elderly families,,"Food insecure, severe",,3.8
2019,Atlantic provinces,Persons not in an economic family,,Food secure,,76.5
2019,Atlantic provinces,Persons not in an economic family,,Food insecure,,23.5
2019,Atlantic provinces,Persons not in an economic family,,"Food insecure, marginal",,7.2
2019,Atlantic provinces,Persons not in an economic family,,"Food insecure, moderate or severe",,16.3
2019,Atlantic provinces,Persons not in an economic family,,"Food insecure, moderate",,8.4
2019,Atlantic provinces,Persons not in an economic family,,"Food insecure, severe",,8.0
2019,Atlantic provinces,Elderly persons not in an economic family,,Food secure,,87.7
2019,Atlantic provinces,Elderly persons not in an economic family,,Food insecure,,12.3
2019,Atlantic provinces,Elderly persons not in an economic family,,"Food insecure, marginal",,4.2
2019,Atlantic provinces,Elderly persons not in an economic family,,"Food insecure, moderate or severe",,8.1
2019,Atlantic provinces,Elderly persons not in an economic family,,"Food insecure, moderate",,6.3
2019,Atlantic provinces,Elderly persons not in an economic family,,"Food insecure, severe",,1.8
2019,Atlantic provinces,Elderly males not in an economic family,,Food secure,,86.8
2019,Atlantic provinces,Elderly males not in an economic family,,Food insecure,,13.2
2019,Atlantic provinces,Elderly males not in an economic family,,"Food insecure, marginal",,4.7
2019,Atlantic provinces,Elderly males not in an economic family,,"Food insecure, moderate or severe",,8.5
2019,Atlantic provinces,Elderly males not in an economic family,,"Food insecure, moderate",,6.2
2019,Atlantic provinces,Elderly males not in an economic family,,"Food insecure, severe",,
2019,Atlantic provinces,Elderly females not in an economic family,,Food secure,,88.2
2019,Atlantic provinces,Elderly females not in an economic family,,Food insecure,,11.8
2019,Atlantic provinces,Elderly females not in an economic family,,"Food insecure, marginal",,3.9
2019,Atlantic provinces,Elderly females not in an economic family,,"Food insecure, moderate or severe",,7.9
2019,Atlantic provinces,Elderly females not in an economic family,,"Food insecure, moderate",,6.4
2019,Atlantic provinces,Elderly females not in an economic family,,"Food insecure, severe",,
2019,Atlantic provinces,Non-elderly persons not in an economic family,,Food secure,,70.1
2019,Atlantic provinces,Non-elderly persons not in an economic family,,Food insecure,,29.9
2019,Atlantic provinces,Non-elderly persons not in an economic family,,"Food insecure, marginal",,8.9
2019,Atlantic provinces,Non-elderly persons not in an economic family,,"Food insecure, moderate or severe",,21.0
2019,Atlantic provinces,Non-elderly persons not in an economic family,,"Food insecure, moderate",,9.5
2019,Atlantic provinces,Non-elderly persons not in an economic family,,"Food insecure, severe",,11.5
2019,Atlantic provinces,Non-elderly males not in an economic family,,Food secure,,69.2
2019,Atlantic provinces,Non-elderly males not in an economic family,,Food insecure,,30.8
2019,Atlantic provinces,Non-elderly males not in an economic family,,"Food insecure, marginal",,7.7
2019,Atlantic provinces,Non-elderly males not in an economic family,,"Food insecure, moderate or severe",,23.1
2019,Atlantic provinces,Non-elderly males not in an economic family,,"Food insecure, moderate",,11.1
2019,Atlantic provinces,Non-elderly males not in an economic family,,"Food insecure, severe",,12.0
2019,Atlantic provinces,Non-elderly females not in an economic family,,Food secure,,71.2
2019,Atlantic provinces,Non-elderly females not in an economic family,,Food insecure,,28.8
2019,Atlantic provinces,Non-elderly females not in an economic family,,"Food insecure, marginal",,10.2
2019,Atlantic provinces,Non-elderly females not in an economic family,,"Food insecure, moderate or severe",,18.6
2019,Atlantic provinces,Non-elderly females not in an economic family,,"Food insecure, moderate",,7.7
2019,Atlantic provinces,Non-elderly females not in an economic family,,"Food insecure, severe",,10.9
2019,Newfoundland and Labrador,All persons,,Food secure,10,82.3
2019,Newfoundland and Labrador,All persons,,Food insecure,10,17.7
2019,Newfoundland and Labrador,All persons,,"Food insecure, marginal",10,5.6
2019,Newfoundland and Labrador,All persons,,"Food insecure, moderate or severe",10,12.0
2019,Newfoundland and Labrador,All persons,,"Food insecure, moderate",10,9.0
2019,Newfoundland and Labrador,All persons,,"Food insecure, severe",10,3.0
2019,Newfoundland and Labrador,Persons in economic families,,Food secure,10,83.6
2019,Newfoundland and Labrador,Persons in economic families,,Food insecure,10,16.4
2019,Newfoundland and Labrador,Persons in economic families,,"Food insecure, marginal",10,5.4
2019,Newfoundland and Labrador,Persons in economic families,,"Food insecure, moderate or severe",10,11.0
2019,Newfoundland and Labrador,Persons in economic families,,"Food insecure, moderate",10,8.7
2019,Newfoundland and Labrador,Persons in economic families,,"Food insecure, severe",10,2.3
2019,Newfoundland and Labrador,Persons in elderly families,,Food secure,10,92.5
2019,Newfoundland and Labrador,Persons in elderly families,,Food insecure,10,7.5
2019,Newfoundland and Labrador,Persons in elderly families,,"Food insecure, marginal",10,4.6
2019,Newfoundland and Labrador,Persons in elderly families,,"Food insecure, moderate or severe",10,2.9
2019,Newfoundland and Labrador,Persons in elderly families,,"Food insecure, moderate",10,
2019,Newfoundland and Labrador,Persons in elderly families,,"Food insecure, severe",10,
2019,Newfoundland and Labrador,Persons in elderly couples,,Food secure,10,92.4
2019,Newfoundland and Labrador,Persons in elderly couples,,Food insecure,10,7.6
2019,Newfoundland and Labrador,Persons in elderly couples,,"Food insecure, marginal",10,
2019,Newfoundland and Labrador,Persons in elderly couples,,"Food insecure, moderate or severe",10,
2019,Newfoundland and Labrador,Persons in elderly couples,,"Food insecure, moderate",10,
2019,Newfoundland and Labrador,Persons in elderly couples,,"Food insecure, severe",10,
2019,Newfoundland and Labrador,Persons in other elderly families,,Food secure,10,93.0
2019,Newfoundland and Labrador,Persons in other elderly families,,Food insecure,10,
2019,Newfoundland and Labrador,Persons in other elderly families,,"Food insecure, marginal",10,
2019,Newfoundland and Labrador,Persons in other elderly families,,"Food insecure, moderate or severe",10,
2019,Newfoundland and Labrador,Persons in other elderly families,,"Food insecure, moderate",10,
2019,Newfoundland and Labrador,Persons in other elderly families,,"Food insecure, severe",10,
2019,Newfoundland and Labrador,Persons in non-elderly families,,Food secure,10,81.2
2019,Newfoundland and Labrador,Persons in non-elderly families,,Food insecure,10,18.8
2019,Newfoundland and Labrador,Persons in non-elderly families,,"Food insecure, marginal",10,5.6
2019,Newfoundland and Labrador,Persons in non-elderly families,,"Food insecure, moderate or severe",10,13.1
2019,Newfoundland and Labrador,Persons in non-elderly families,,"Food insecure, moderate",10,10.4
2019,Newfoundland and Labrador,Persons in non-elderly families,,"Food insecure, severe",10,2.7
2019,Newfoundland and Labrador,Persons in couples,,Food secure,10,89.9
2019,Newfoundland and Labrador,Persons in couples,,Food insecure,10,10.1
2019,Newfoundland and Labrador,Persons in couples,,"Food insecure, marginal",10,
2019,Newfoundland and Labrador,Persons in couples,,"Food insecure, moderate or severe",10,7.1
2019,Newfoundland and Labrador,Persons in couples,,"Food insecure, moderate",10,6.0
2019,Newfoundland and Labrador,Persons in couples,,"Food insecure, severe",10,
2019,Newfoundland and Labrador,Persons in couple families with children,,Food secure,10,78.8
2019,Newfoundland and Labrador,Persons in couple families with children,,Food insecure,10,21.2
2019,Newfoundland and Labrador,Persons in couple families with children,,"Food insecure, marginal",10,6.1
2019,Newfoundland and Labrador,Persons in couple families with children,,"Food insecure, moderate or severe",10,15.1
2019,Newfoundland and Labrador,Persons in couple families with children,,"Food insecure, moderate",10,13.4
2019,Newfoundland and Labrador,Persons in couple families with children,,"Food insecure, severe",10,
2019,Newfoundland and Labrador,Persons in couple families with other relatives,,Food secure,10,89.6
2019,Newfoundland and Labrador,Persons in couple families with other relatives,,Food insecure,10,
2019,Newfoundland and Labrador,Persons in couple families with other relatives,,"Food insecure, marginal",10,
2019,Newfoundland and Labrador,Persons in couple families with other relatives,,"Food insecure, moderate or severe",10,
2019,Newfoundland and Labrador,Persons in couple families with other relatives,,"Food insecure, moderate",10,
2019,Newfoundland and Labrador,Persons in couple families with other relatives,,"Food insecure, severe",10,
2019,Newfoundland and Labrador,Persons in lone-parent families,,Food secure,10,51.7
2019,Newfoundland and Labrador,Persons in lone-parent families,,Food insecure,10,48.3
2019,Newfoundland and Labrador,Persons in lone-parent families,,"Food insecure, marginal",10,
2019,Newfoundland and Labrador,Persons in lone-parent families,,"Food insecure, moderate or severe",10,33.0
2019,Newfoundland and Labrador,Persons in lone-parent families,,"Food insecure, moderate",10,
2019,Newfoundland and Labrador,Persons in lone-parent families,,"Food insecure, severe",10,
2019,Newfoundland and Labrador,Persons in male lone-parent families,,Food secure,10,
2019,Newfoundland and Labrador,Persons in male lone-parent families,,Food insecure,10,
2019,Newfoundland and Labrador,Persons in male lone-parent families,,"Food insecure, marginal",10,
2019,Newfoundland and Labrador,Persons in male lone-parent families,,"Food insecure, moderate or severe",10,
2019,Newfoundland and Labrador,Persons in male lone-parent families,,"Food insecure, moderate",10,
2019,Newfoundland and Labrador,Persons in male lone-parent families,,"Food insecure, severe",10,
2019,Newfoundland and Labrador,Persons in female lone-parent families,,Food secure,10,47.4
2019,Newfoundland and Labrador,Persons in female lone-parent families,,Food insecure,10,52.6
2019,Newfoundland and Labrador,Persons in female lone-parent families,,"Food insecure, marginal",10,
2019,Newfoundland and Labrador,Persons in female lone-parent families,,"Food insecure, moderate or severe",10,39.7
2019,Newfoundland and Labrador,Persons in female lone-parent families,,"Food insecure, moderate",10,
2019,Newfoundland and Labrador,Persons in female lone-parent families,,"Food insecure, severe",10,
2019,Newfoundland and Labrador,Persons in other non-elderly families,,Food secure,10,79.1
2019,Newfoundland and Labrador,Persons in other non-elderly families,,Food insecure,10,
2019,Newfoundland and Labrador,Persons in other non-elderly families,,"Food insecure, marginal",10,
2019,Newfoundland and Labrador,Persons in other non-elderly families,,"Food insecure, moderate or severe",10,
2019,Newfoundland and Labrador,Persons in other non-elderly families,,"Food insecure, moderate",10,
2019,Newfoundland and Labrador,Persons in other non-elderly families,,"Food insecure, severe",10,
2019,Newfoundland and Labrador,Persons not in an economic family,,Food secure,10,75.1
2019,Newfoundland and Labrador,Persons not in an economic family,,Food insecure,10,24.9
2019,Newfoundland and Labrador,Persons not in an economic family,,"Food insecure, marginal",10,7.0
2019,Newfoundland and Labrador,Persons not in an economic family,,"Food insecure, moderate or severe",10,17.9
2019,Newfoundland and Labrador,Persons not in an economic family,,"Food insecure, moderate",10,10.8
2019,Newfoundland and Labrador,Persons not in an economic family,,"Food insecure, severe",10,7.1
2019,Newfoundland and Labrador,Elderly persons not in an economic family,,Food secure,10,88.0
2019,Newfoundland and Labrador,Elderly persons not in an economic family,,Food insecure,10,12.0
2019,Newfoundland and Labrador,Elderly persons not in an economic family,,"Food insecure, marginal",10,
2019,Newfoundland and Labrador,Elderly persons not in an economic family,,"Food insecure, moderate or severe",10,6.0
2019,Newfoundland and Labrador,Elderly persons not in an economic family,,"Food insecure, moderate",10,6.0
2019,Newfoundland and Labrador,Elderly persons not in an economic family,,"Food insecure, severe",10,
2019,Newfoundland and Labrador,Elderly males not in an economic family,,Food secure,10,91.9
2019,Newfoundland and Labrador,Elderly males not in an economic family,,Food insecure,10,
2019,Newfoundland and Labrador,Elderly males not in an economic family,,"Food insecure, marginal",10,
2019,Newfoundland and Labrador,Elderly males not in an economic family,,"Food insecure, moderate or severe",10,
2019,Newfoundland and Labrador,Elderly males not in an economic family,,"Food insecure, moderate",10,
2019,Newfoundland and Labrador,Elderly males not in an economic family,,"Food insecure, severe",10,
2019,Newfoundland and Labrador,Elderly females not in an economic family,,Food secure,10,86.1
2019,Newfoundland and Labrador,Elderly females not in an economic family,,Food insecure,10,13.9
2019,Newfoundland and Labrador,Elderly females not in an economic family,,"Food insecure, marginal",10,
2019,Newfoundland and Labrador,Elderly females not in an economic family,,"Food insecure, moderate or severe",10,7.1
2019,Newfoundland and Labrador,Elderly females not in an economic family,,"Food insecure, moderate",10,7.1
2019,Newfoundland and Labrador,Elderly females not in an economic family,,"Food insecure, severe",10,
2019,Newfoundland and Labrador,Non-elderly persons not in an economic family,,Food secure,10,68.3
2019,Newfoundland and Labrador,Non-elderly persons not in an economic family,,Food insecure,10,31.7
2019,Newfoundland and Labrador,Non-elderly persons not in an economic family,,"Food insecure, marginal",10,7.6
2019,Newfoundland and Labrador,Non-elderly persons not in an economic family,,"Food insecure, moderate or severe",10,24.1
2019,Newfoundland and Labrador,Non-elderly persons not in an economic family,,"Food insecure, moderate",10,13.3
2019,Newfoundland and Labrador,Non-elderly persons not in an economic family,,"Food insecure, severe",10,10.9
2019,Newfoundland and Labrador,Non-elderly males not in an economic family,,Food secure,10,70.4
2019,Newfoundland and Labrador,Non-elderly males not in an economic family,,Food insecure,10,29.6
2019,Newfoundland and Labrador,Non-elderly males not in an economic family,,"Food insecure, marginal",10,
2019,Newfoundland and Labrador,Non-elderly males not in an economic family,,"Food insecure, moderate or severe",10,22.3
2019,Newfoundland and Labrador,Non-elderly males not in an economic family,,"Food insecure, moderate",10,15.4
2019,Newfoundland and Labrador,Non-elderly males not in an economic family,,"Food insecure, severe",10,
2019,Newfoundland and Labrador,Non-elderly females not in an economic family,,Food secure,10,65.6
2019,Newfoundland and Labrador,Non-elderly females not in an economic family,,Food insecure,10,34.4
2019,Newfoundland and Labrador,Non-elderly females not in an economic family,,"Food insecure, marginal",10,
2019,Newfoundland and Labrador,Non-elderly females not in an economic family,,"Food insecure, moderate or severe",10,26.5
2019,Newfoundland and Labrador,Non-elderly females not in an economic family,,"Food insecure, moderate",10,10.6
2019,Newfoundland and Labrador,Non-elderly females not in an economic family,,"Food insecure, severe",10,15.9
2019,Prince Edward Island,All persons,,Food secure,11,81.4
2019,Prince Edward Island,All persons,,Food insecure,11,18.6
2019,Prince Edward Island,All persons,,"Food insecure, marginal",11,5.4
2019,Prince Edward Island,All persons,,"Food insecure, moderate or severe",11,13.2
2019,Prince Edward Island,All persons,,"Food insecure, moderate",11,8.7
2019,Prince Edward Island,All persons,,"Food insecure, severe",11,4.5
2019,Prince Edward Island,Persons in economic families,,Food secure,11,81.0
2019,Prince Edward Island,Persons in economic families,,Food insecure,11,19.0
2019,Prince Edward Island,Persons in economic families,,"Food insecure, marginal",11,5.5
2019,Prince Edward Island,Persons in economic families,,"Food insecure, moderate or severe",11,13.4
2019,Prince Edward Island,Persons in economic families,,"Food insecure, moderate",11,8.8
2019,Prince Edward Island,Persons in economic families,,"Food insecure, severe",11,4.7
2019,Prince Edward Island,Persons in elderly families,,Food secure,11,92.0
2019,Prince Edward Island,Persons in elderly families,,Food insecure,11,8.0
2019,Prince Edward Island,Persons in elderly families,,"Food insecure, marginal",11,
2019,Prince Edward Island,Persons in elderly families,,"Food insecure, moderate or severe",11,
2019,Prince Edward Island,Persons in elderly families,,"Food insecure, moderate",11,
2019,Prince Edward Island,Persons in elderly families,,"Food insecure, severe",11,
2019,Prince Edward Island,Persons in elderly couples,,Food secure,11,94.1
2019,Prince Edward Island,Persons in elderly couples,,Food insecure,11,5.9
2019,Prince Edward Island,Persons in elderly couples,,"Food insecure, marginal",11,
2019,Prince Edward Island,Persons in elderly couples,,"Food insecure, moderate or severe",11,
2019,Prince Edward Island,Persons in elderly couples,,"Food insecure, moderate",11,
2019,Prince Edward Island,Persons in elderly couples,,"Food insecure, severe",11,
2019,Prince Edward Island,Persons in other elderly families,,Food secure,11,86.7
2019,Prince Edward Island,Persons in other elderly families,,Food insecure,11,
2019,Prince Edward Island,Persons in other elderly families,,"Food insecure, marginal",11,
2019,Prince Edward Island,Persons in other elderly families,,"Food insecure, moderate or severe",11,
2019,Prince Edward Island,Persons in other elderly families,,"Food insecure, moderate",11,
2019,Prince Edward Island,Persons in other elderly families,,"Food insecure, severe",11,
2019,Prince Edward Island,Persons in non-elderly families,,Food secure,11,78.8
2019,Prince Edward Island,Persons in non-elderly families,,Food insecure,11,21.2
2019,Prince Edward Island,Persons in non-elderly families,,"Food insecure, marginal",11,6.2
2019,Prince Edward Island,Persons in non-elderly families,,"Food insecure, moderate or severe",11,15.0
2019,Prince Edward Island,Persons in non-elderly families,,"Food insecure, moderate",11,9.8
2019,Prince Edward Island,Persons in non-elderly families,,"Food insecure, severe",11,5.2
2019,Prince Edward Island,Persons in couples,,Food secure,11,87.2
2019,Prince Edward Island,Persons in couples,,Food insecure,11,12.8
2019,Prince Edward Island,Persons in couples,,"Food insecure, marginal",11,
2019,Prince Edward Island,Persons in couples,,"Food insecure, moderate or severe",11,8.7
2019,Prince Edward Island,Persons in couples,,"Food insecure, moderate",11,
2019,Prince Edward Island,Persons in couples,,"Food insecure, severe",11,
2019,Prince Edward Island,Persons in couple families with children,,Food secure,11,82.6
2019,Prince Edward Island,Persons in couple families with children,,Food insecure,11,17.4
2019,Prince Edward Island,Persons in couple families with children,,"Food insecure, marginal",11,
2019,Prince Edward Island,Persons in couple families with children,,"Food insecure, moderate or severe",11,11.4
2019,Prince Edward Island,Persons in couple families with children,,"Food insecure, moderate",11,7.8
2019,Prince Edward Island,Persons in couple families with children,,"Food insecure, severe",11,
2019,Prince Edward Island,Persons in couple families with other relatives,,Food secure,11,82.4
2019,Prince Edward Island,Persons in couple families with other relatives,,Food insecure,11,
2019,Prince Edward Island,Persons in couple families with other relatives,,"Food insecure, marginal",11,
2019,Prince Edward Island,Persons in couple families with other relatives,,"Food insecure, moderate or severe",11,
2019,Prince Edward Island,Persons in couple families with other relatives,,"Food insecure, moderate",11,
2019,Prince Edward Island,Persons in couple families with other relatives,,"Food insecure, severe",11,
2019,Prince Edward Island,Persons in lone-parent families,,Food secure,11,44.7
2019,Prince Edward Island,Persons in lone-parent families,,Food insecure,11,55.3
2019,Prince Edward Island,Persons in lone-parent families,,"Food insecure, marginal",11,
2019,Prince Edward Island,Persons in lone-parent families,,"Food insecure, moderate or severe",11,43.1
2019,Prince Edward Island,Persons in lone-parent families,,"Food insecure, moderate",11,26.9
2019,Prince Edward Island,Persons in lone-parent families,,"Food insecure, severe",11,
2019,Prince Edward Island,Persons in male lone-parent families,,Food secure,11,
2019,Prince Edward Island,Persons in male lone-parent families,,Food insecure,11,73.5
2019,Prince Edward Island,Persons in male lone-parent families,,"Food insecure, marginal",11,
2019,Prince Edward Island,Persons in male lone-parent families,,"Food insecure, moderate or severe",11,
2019,Prince Edward Island,Persons in male lone-parent families,,"Food insecure, moderate",11,
2019,Prince Edward Island,Persons in male lone-parent families,,"Food insecure, severe",11,
2019,Prince Edward Island,Persons in female lone-parent families,,Food secure,11,49.2
2019,Prince Edward Island,Persons in female lone-parent families,,Food insecure,11,50.8
2019,Prince Edward Island,Persons in female lone-parent families,,"Food insecure, marginal",11,
2019,Prince Edward Island,Persons in female lone-parent families,,"Food insecure, moderate or severe",11,40.2
2019,Prince Edward Island,Persons in female lone-parent families,,"Food insecure, moderate",11,
2019,Prince Edward Island,Persons in female lone-parent families,,"Food insecure, severe",11,
2019,Prince Edward Island,Persons in other non-elderly families,,Food secure,11,72.8
2019,Prince Edward Island,Persons in other non-elderly families,,Food insecure,11,27.2
2019,Prince Edward Island,Persons in other non-elderly families,,"Food insecure, marginal",11,
2019,Prince Edward Island,Persons in other non-elderly families,,"Food insecure, moderate or severe",11,21.0
2019,Prince Edward Island,Persons in other non-elderly families,,"Food insecure, moderate",11,
2019,Prince Edward Island,Persons in other non-elderly families,,"Food insecure, severe",11,
2019,Prince Edward Island,Persons not in an economic family,,Food secure,11,83.0
2019,Prince Edward Island,Persons not in an economic family,,Food insecure,11,17.0
2019,Prince Edward Island,Persons not in an economic family,,"Food insecure, marginal",11,
2019,Prince Edward Island,Persons not in an economic family,,"Food insecure, moderate or severe",11,12.2
2019,Prince Edward Island,Persons not in an economic family,,"Food insecure, moderate",11,8.3
2019,Prince Edward Island,Persons not in an economic family,,"Food insecure, severe",11,
2019,Prince Edward Island,Elderly persons not in an economic family,,Food secure,11,91.2
2019,Prince Edward Island,Elderly persons not in an economic family,,Food insecure,11,8.8
2019,Prince Edward Island,Elderly persons not in an economic family,,"Food insecure, marginal",11,
2019,Prince Edward Island,Elderly persons not in an economic family,,"Food insecure, moderate or severe",11,
2019,Prince Edward Island,Elderly persons not in an economic family,,"Food insecure, moderate",11,
2019,Prince Edward Island,Elderly persons not in an economic family,,"Food insecure, severe",11,
2019,Prince Edward Island,Elderly males not in an economic family,,Food secure,11,96.0
2019,Prince Edward Island,Elderly males not in an economic family,,Food insecure,11,
2019,Prince Edward Island,Elderly males not in an economic family,,"Food insecure, marginal",11,
2019,Prince Edward Island,Elderly males not in an economic family,,"Food insecure, moderate or severe",11,
2019,Prince Edward Island,Elderly males not in an economic family,,"Food insecure, moderate",11,
2019,Prince Edward Island,Elderly males not in an economic family,,"Food insecure, severe",11,
2019,Prince Edward Island,Elderly females not in an economic family,,Food secure,11,89.1
2019,Prince Edward Island,Elderly females not in an economic family,,Food insecure,11,
2019,Prince Edward Island,Elderly females not in an economic family,,"Food insecure, marginal",11,
2019,Prince Edward Island,Elderly females not in an economic family,,"Food insecure, moderate or severe",11,
2019,Prince Edward Island,Elderly females not in an economic family,,"Food insecure, moderate",11,
2019,Prince Edward Island,Elderly females not in an economic family,,"Food insecure, severe",11,
2019,Prince Edward Island,Non-elderly persons not in an economic family,,Food secure,11,79.3
2019,Prince Edward Island,Non-elderly persons not in an economic family,,Food insecure,11,20.7
2019,Prince Edward Island,Non-elderly persons not in an economic family,,"Food insecure, marginal",11,
2019,Prince Edward Island,Non-elderly persons not in an economic family,,"Food insecure, moderate or severe",11,14.4
2019,Prince Edward Island,Non-elderly persons not in an economic family,,"Food insecure, moderate",11,8.7
2019,Prince Edward Island,Non-elderly persons not in an economic family,,"Food insecure, severe",11,
2019,Prince Edward Island,Non-elderly males not in an economic family,,Food secure,11,82.0
2019,Prince Edward Island,Non-elderly males not in an economic family,,Food insecure,11,18.0
2019,Prince Edward Island,Non-elderly males not in an economic family,,"Food insecure, marginal",11,
2019,Prince Edward Island,Non-elderly males not in an economic family,,"Food insecure, moderate or severe",11,15.5
2019,Prince Edward Island,Non-elderly males not in an economic family,,"Food insecure, moderate",11,
2019,Prince Edward Island,Non-elderly males not in an economic family,,"Food insecure, severe",11,
2019,Prince Edward Island,Non-elderly females not in an economic family,,Food secure,11,76.4
2019,Prince Edward Island,Non-elderly females not in an economic family,,Food insecure,11,23.6
2019,Prince Edward Island,Non-elderly females not in an economic family,,"Food insecure, marginal",11,
2019,Prince Edward Island,Non-elderly females not in an economic family,,"Food insecure, moderate or severe",11,13.3
2019,Prince Edward Island,Non-elderly females not in an economic family,,"Food insecure, moderate",11,
2019,Prince Edward Island,Non-elderly females not in an economic family,,"Food insecure, severe",11,
2019,Nova Scotia,All persons,,Food secure,12,82.0
2019,Nova Scotia,All persons,,Food insecure,12,18.0
2019,Nova Scotia,All persons,,"Food insecure, marginal",12,5.7
2019,Nova Scotia,All persons,,"Food insecure, moderate or severe",12,12.3
2019,Nova Scotia,All persons,,"Food insecure, moderate",12,8.0
2019,Nova Scotia,All persons,,"Food insecure, severe",12,4.3
2019,Nova Scotia,Persons in economic families,,Food secure,12,83.6
2019,Nova Scotia,Persons in economic families,,Food insecure,12,16.4
2019,Nova Scotia,Persons in economic families,,"Food insecure, marginal",12,5.0
2019,Nova Scotia,Persons in economic families,,"Food insecure, moderate or severe",12,11.4
2019,Nova Scotia,Persons in economic families,,"Food insecure, moderate",12,8.1
2019,Nova Scotia,Persons in economic families,,"Food insecure, severe",12,3.3
2019,Nova Scotia,Persons in elderly families,,Food secure,12,93.9
2019,Nova Scotia,Persons in elderly families,,Food insecure,12,6.1
2019,Nova Scotia,Persons in elderly families,,"Food insecure, marginal",12,
2019,Nova Scotia,Persons in elderly families,,"Food insecure, moderate or severe",12,4.8
2019,Nova Scotia,Persons in elderly families,,"Food insecure, moderate",12,3.4
2019,Nova Scotia,Persons in elderly families,,"Food insecure, severe",12,
2019,Nova Scotia,Persons in elderly couples,,Food secure,12,94.0
2019,Nova Scotia,Persons in elderly couples,,Food insecure,12,6.0
2019,Nova Scotia,Persons in elderly couples,,"Food insecure, marginal",12,
2019,Nova Scotia,Persons in elderly couples,,"Food insecure, moderate or severe",12,4.3
2019,Nova Scotia,Persons in elderly couples,,"Food insecure, moderate",12,3.5
2019,Nova Scotia,Persons in elderly couples,,"Food insecure, severe",12,
2019,Nova Scotia,Persons in other elderly families,,Food secure,12,93.8
2019,Nova Scotia,Persons in other elderly families,,Food insecure,12,
2019,Nova Scotia,Persons in other elderly families,,"Food insecure, marginal",12,
2019,Nova Scotia,Persons in other elderly families,,"Food insecure, moderate or severe",12,
2019,Nova Scotia,Persons in other elderly families,,"Food insecure, moderate",12,
2019,Nova Scotia,Persons in other elderly families,,"Food insecure, severe",12,
2019,Nova Scotia,Persons in non-elderly families,,Food secure,12,81.2
2019,Nova Scotia,Persons in non-elderly families,,Food insecure,12,18.8
2019,Nova Scotia,Persons in non-elderly families,,"Food insecure, marginal",12,5.8
2019,Nova Scotia,Persons in non-elderly families,,"Food insecure, moderate or severe",12,12.9
2019,Nova Scotia,Persons in non-elderly families,,"Food insecure, moderate",12,9.2
2019,Nova Scotia,Persons in non-elderly families,,"Food insecure, severe",12,3.7
2019,Nova Scotia,Persons in couples,,Food secure,12,88.9
2019,Nova Scotia,Persons in couples,,Food insecure,12,11.1
2019,Nova Scotia,Persons in couples,,"Food insecure, marginal",12,3.8
2019,Nova Scotia,Persons in couples,,"Food insecure, moderate or severe",12,7.3
2019,Nova Scotia,Persons in couples,,"Food insecure, moderate",12,4.5
2019,Nova Scotia,Persons in couples,,"Food insecure, severe",12,2.8
2019,Nova Scotia,Persons in couple families with children,,Food secure,12,80.1
2019,Nova Scotia,Persons in couple families with children,,Food insecure,12,19.9
2019,Nova Scotia,Persons in couple families with children,,"Food insecure, marginal",12,6.8
2019,Nova Scotia,Persons in couple families with children,,"Food insecure, moderate or severe",12,13.1
2019,Nova Scotia,Persons in couple families with children,,"Food insecure, moderate",12,11.3
2019,Nova Scotia,Persons in couple families with children,,"Food insecure, severe",12,
2019,Nova Scotia,Persons in couple families with other relatives,,Food secure,12,88.6
2019,Nova Scotia,Persons in couple families with other relatives,,Food insecure,12,
2019,Nova Scotia,Persons in couple families with other relatives,,"Food insecure, marginal",12,
2019,Nova Scotia,Persons in couple families with other relatives,,"Food insecure, moderate or severe",12,
2019,Nova Scotia,Persons in couple families with other relatives,,"Food insecure, moderate",12,
2019,Nova Scotia,Persons in couple families with other relatives,,"Food insecure, severe",12,
2019,Nova Scotia,Persons in lone-parent families,,Food secure,12,53.7
2019,Nova Scotia,Persons in lone-parent families,,Food insecure,12,46.3
2019,Nova Scotia,Persons in lone-parent families,,"Food insecure, marginal",12,
2019,Nova Scotia,Persons in lone-parent families,,"Food insecure, moderate or severe",12,31.2
2019,Nova Scotia,Persons in lone-parent families,,"Food insecure, moderate",12,16.4
2019,Nova Scotia,Persons in lone-parent families,,"Food insecure, severe",12,14.8
2019,Nova Scotia,Persons in male lone-parent families,,Food secure,12,65.9
2019,Nova Scotia,Persons in male lone-parent families,,Food insecure,12,
2019,Nova Scotia,Persons in male lone-parent families,,"Food insecure, marginal",12,
2019,Nova Scotia,Persons in male lone-parent families,,"Food insecure, moderate or severe",12,
2019,Nova Scotia,Persons in male lone-parent families,,"Food insecure, moderate",12,
2019,Nova Scotia,Persons in male lone-parent families,,"Food insecure, severe",12,
2019,Nova Scotia,Persons in female lone-parent families,,Food secure,12,50.0
2019,Nova Scotia,Persons in female lone-parent families,,Food insecure,12,50.0
2019,Nova Scotia,Persons in female lone-parent families,,"Food insecure, marginal",12,
2019,Nova Scotia,Persons in female lone-parent families,,"Food insecure, moderate or severe",12,33.1
2019,Nova Scotia,Persons in female lone-parent families,,"Food insecure, moderate",12,17.0
2019,Nova Scotia,Persons in female lone-parent families,,"Food insecure, severe",12,16.1
2019,Nova Scotia,Persons in other non-elderly families,,Food secure,12,83.7
2019,Nova Scotia,Persons in other non-elderly families,,Food insecure,12,16.3
2019,Nova Scotia,Persons in other non-elderly families,,"Food insecure, marginal",12,
2019,Nova Scotia,Persons in other non-elderly families,,"Food insecure, moderate or severe",12,12.8
2019,Nova Scotia,Persons in other non-elderly families,,"Food insecure, moderate",12,
2019,Nova Scotia,Persons in other non-elderly families,,"Food insecure, severe",12,
2019,Nova Scotia,Persons not in an economic family,,Food secure,12,75.3
2019,Nova Scotia,Persons not in an economic family,,Food insecure,12,24.7
2019,Nova Scotia,Persons not in an economic family,,"Food insecure, marginal",12,8.6
2019,Nova Scotia,Persons not in an economic family,,"Food insecure, moderate or severe",12,16.1
2019,Nova Scotia,Persons not in an economic family,,"Food insecure, moderate",12,7.5
2019,Nova Scotia,Persons not in an economic family,,"Food insecure, severe",12,8.6
2019,Nova Scotia,Elderly persons not in an economic family,,Food secure,12,88.4
2019,Nova Scotia,Elderly persons not in an economic family,,Food insecure,12,11.6
2019,Nova Scotia,Elderly persons not in an economic family,,"Food insecure, marginal",12,
2019,Nova Scotia,Elderly persons not in an economic family,,"Food insecure, moderate or severe",12,9.2
2019,Nova Scotia,Elderly persons not in an economic family,,"Food insecure, moderate",12,7.0
2019,Nova Scotia,Elderly persons not in an economic family,,"Food insecure, severe",12,
2019,Nova Scotia,Elderly males not in an economic family,,Food secure,12,83.2
2019,Nova Scotia,Elderly males not in an economic family,,Food insecure,12,16.8
2019,Nova Scotia,Elderly males not in an economic family,,"Food insecure, marginal",12,
2019,Nova Scotia,Elderly males not in an economic family,,"Food insecure, moderate or severe",12,11.5
2019,Nova Scotia,Elderly males not in an economic family,,"Food insecure, moderate",12,
2019,Nova Scotia,Elderly males not in an economic family,,"Food insecure, severe",12,
2019,Nova Scotia,Elderly females not in an economic family,,Food secure,12,91.3
2019,Nova Scotia,Elderly females not in an economic family,,Food insecure,12,8.7
2019,Nova Scotia,Elderly females not in an economic family,,"Food insecure, marginal",12,
2019,Nova Scotia,Elderly females not in an economic family,,"Food insecure, moderate or severe",12,7.9
2019,Nova Scotia,Elderly females not in an economic family,,"Food insecure, moderate",12,
2019,Nova Scotia,Elderly females not in an economic family,,"Food insecure, severe",12,
2019,Nova Scotia,Non-elderly persons not in an economic family,,Food secure,12,68.5
2019,Nova Scotia,Non-elderly persons not in an economic family,,Food insecure,12,31.5
2019,Nova Scotia,Non-elderly persons not in an economic family,,"Food insecure, marginal",12,11.8
2019,Nova Scotia,Non-elderly persons not in an economic family,,"Food insecure, moderate or severe",12,19.7
2019,Nova Scotia,Non-elderly persons not in an economic family,,"Food insecure, moderate",12,7.8
2019,Nova Scotia,Non-elderly persons not in an economic family,,"Food insecure, severe",12,11.9
2019,Nova Scotia,Non-elderly males not in an economic family,,Food secure,12,67.1
2019,Nova Scotia,Non-elderly males not in an economic family,,Food insecure,12,32.9
2019,Nova Scotia,Non-elderly males not in an economic family,,"Food insecure, marginal",12,
2019,Nova Scotia,Non-elderly males not in an economic family,,"Food insecure, moderate or severe",12,23.5
2019,Nova Scotia,Non-elderly males not in an economic family,,"Food insecure, moderate",12,8.6
2019,Nova Scotia,Non-elderly males not in an economic family,,"Food insecure, severe",12,14.9
2019,Nova Scotia,Non-elderly females not in an economic family,,Food secure,12,69.9
2019,Nova Scotia,Non-elderly females not in an economic family,,Food insecure,12,30.1
2019,Nova Scotia,Non-elderly females not in an economic family,,"Food insecure, marginal",12,
2019,Nova Scotia,Non-elderly females not in an economic family,,"Food insecure, moderate or severe",12,15.9
2019,Nova Scotia,Non-elderly females not in an economic family,,"Food insecure, moderate",12,7.1
2019,Nova Scotia,Non-elderly females not in an economic family,,"Food insecure, severe",12,8.9
2019,New Brunswick,All persons,,Food secure,13,84.3
2019,New Brunswick,All persons,,Food insecure,13,15.7
2019,New Brunswick,All persons,,"Food insecure, marginal",13,4.7
2019,New Brunswick,All persons,,"Food insecure, moderate or severe",13,11.0
2019,New Brunswick,All persons,,"Food insecure, moderate",13,7.3
2019,New Brunswick,All persons,,"Food insecure, severe",13,3.7
2019,New Brunswick,Persons in economic families,,Food secure,13,85.7
2019,New Brunswick,Persons in economic families,,Food insecure,13,14.3
2019,New Brunswick,Persons in economic families,,"Food insecure, marginal",13,4.5
2019,New Brunswick,Persons in economic families,,"Food insecure, moderate or severe",13,9.8
2019,New Brunswick,Persons in economic families,,"Food insecure, moderate",13,7.1
2019,New Brunswick,Persons in economic families,,"Food insecure, severe",13,2.7
2019,New Brunswick,Persons in elderly families,,Food secure,13,91.7
2019,New Brunswick,Persons in elderly families,,Food insecure,13,8.3
2019,New Brunswick,Persons in elderly families,,"Food insecure, marginal",13,
2019,New Brunswick,Persons in elderly families,,"Food insecure, moderate or severe",13,5.3
2019,New Brunswick,Persons in elderly families,,"Food insecure, moderate",13,4.5
2019,New Brunswick,Persons in elderly families,,"Food insecure, severe",13,
2019,New Brunswick,Persons in elderly couples,,Food secure,13,93.6
2019,New Brunswick,Persons in elderly couples,,Food insecure,13,6.4
2019,New Brunswick,Persons in elderly couples,,"Food insecure, marginal",13,
2019,New Brunswick,Persons in elderly couples,,"Food insecure, moderate or severe",13,
2019,New Brunswick,Persons in elderly couples,,"Food insecure, moderate",13,
2019,New Brunswick,Persons in elderly couples,,"Food insecure, severe",13,
2019,New Brunswick,Persons in other elderly families,,Food secure,13,86.3
2019,New Brunswick,Persons in other elderly families,,Food insecure,13,
2019,New Brunswick,Persons in other elderly families,,"Food insecure, marginal",13,
2019,New Brunswick,Persons in other elderly families,,"Food insecure, moderate or severe",13,
2019,New Brunswick,Persons in other elderly families,,"Food insecure, moderate",13,
2019,New Brunswick,Persons in other elderly families,,"Food insecure, severe",13,
2019,New Brunswick,Persons in non-elderly families,,Food secure,13,84.4
2019,New Brunswick,Persons in non-elderly families,,Food insecure,13,15.6
2019,New Brunswick,Persons in non-elderly families,,"Food insecure, marginal",13,4.8
2019,New Brunswick,Persons in non-elderly families,,"Food insecure, moderate or severe",13,10.8
2019,New Brunswick,Persons in non-elderly families,,"Food insecure, moderate",13,7.7
2019,New Brunswick,Persons in non-elderly families,,"Food insecure, severe",13,3.1
2019,New Brunswick,Persons in couples,,Food secure,13,89.8
2019,New Brunswick,Persons in couples,,Food insecure,13,10.2
2019,New Brunswick,Persons in couples,,"Food insecure, marginal",13,3.5
2019,New Brunswick,Persons in couples,,"Food insecure, moderate or severe",13,6.7
2019,New Brunswick,Persons in couples,,"Food insecure, moderate",13,3.3
2019,New Brunswick,Persons in couples,,"Food insecure, severe",13,
2019,New Brunswick,Persons in couple families with children,,Food secure,13,82.4
2019,New Brunswick,Persons in couple families with children,,Food insecure,13,17.6
2019,New Brunswick,Persons in couple families with children,,"Food insecure, marginal",13,6.8
2019,New Brunswick,Persons in couple families with children,,"Food insecure, moderate or severe",13,10.8
2019,New Brunswick,Persons in couple families with children,,"Food insecure, moderate",13,8.3
2019,New Brunswick,Persons in couple families with children,,"Food insecure, severe",13,
2019,New Brunswick,Persons in couple families with other relatives,,Food secure,13,91.0
2019,New Brunswick,Persons in couple families with other relatives,,Food insecure,13,
2019,New Brunswick,Persons in couple families with other relatives,,"Food insecure, marginal",13,
2019,New Brunswick,Persons in couple families with other relatives,,"Food insecure, moderate or severe",13,
2019,New Brunswick,Persons in couple families with other relatives,,"Food insecure, moderate",13,
2019,New Brunswick,Persons in couple families with other relatives,,"Food insecure, severe",13,
2019,New Brunswick,Persons in lone-parent families,,Food secure,13,69.9
2019,New Brunswick,Persons in lone-parent families,,Food insecure,13,30.1
2019,New Brunswick,Persons in lone-parent families,,"Food insecure, marginal",13,
2019,New Brunswick,Persons in lone-parent families,,"Food insecure, moderate or severe",13,27.9
2019,New Brunswick,Persons in lone-parent families,,"Food insecure, moderate",13,19.5
2019,New Brunswick,Persons in lone-parent families,,"Food insecure, severe",13,
2019,New Brunswick,Persons in male lone-parent families,,Food secure,13,69.0
2019,New Brunswick,Persons in male lone-parent families,,Food insecure,13,
2019,New Brunswick,Persons in male lone-parent families,,"Food insecure, marginal",13,
2019,New Brunswick,Persons in male lone-parent families,,"Food insecure, moderate or severe",13,
2019,New Brunswick,Persons in male lone-parent families,,"Food insecure, moderate",13,
2019,New Brunswick,Persons in male lone-parent families,,"Food insecure, severe",13,
2019,New Brunswick,Persons in female lone-parent families,,Food secure,13,70.2
2019,New Brunswick,Persons in female lone-parent families,,Food insecure,13,29.8
2019,New Brunswick,Persons in female lone-parent families,,"Food insecure, marginal",13,
2019,New Brunswick,Persons in female lone-parent families,,"Food insecure, moderate or severe",13,27.0
2019,New Brunswick,Persons in female lone-parent families,,"Food insecure, moderate",13,22.2
2019,New Brunswick,Persons in female lone-parent families,,"Food insecure, severe",13,
2019,New Brunswick,Persons in other non-elderly families,,Food secure,13,83.8
2019,New Brunswick,Persons in other non-elderly families,,Food insecure,13,16.2
2019,New Brunswick,Persons in other non-elderly families,,"Food insecure, marginal",13,
2019,New Brunswick,Persons in other non-elderly families,,"Food insecure, moderate or severe",13,10.7
2019,New Brunswick,Persons in other non-elderly families,,"Food insecure, moderate",13,
2019,New Brunswick,Persons in other non-elderly families,,"Food insecure, severe",13,
2019,New Brunswick,Persons not in an economic family,,Food secure,13,77.6
2019,New Brunswick,Persons not in an economic family,,Food insecure,13,22.4
2019,New Brunswick,Persons not in an economic family,,"Food insecure, marginal",13,5.8
2019,New Brunswick,Persons not in an economic family,,"Food insecure, moderate or severe",13,16.6
2019,New Brunswick,Persons not in an economic family,,"Food insecure, moderate",13,8.1
2019,New Brunswick,Persons not in an economic family,,"Food insecure, severe",13,8.5
2019,New Brunswick,Elderly persons not in an economic family,,Food secure,13,86.3
2019,New Brunswick,Elderly persons not in an economic family,,Food insecure,13,13.7
2019,New Brunswick,Elderly persons not in an economic family,,"Food insecure, marginal",13,5.6
2019,New Brunswick,Elderly persons not in an economic family,,"Food insecure, moderate or severe",13,8.0
2019,New Brunswick,Elderly persons not in an economic family,,"Food insecure, moderate",13,5.6
2019,New Brunswick,Elderly persons not in an economic family,,"Food insecure, severe",13,
2019,New Brunswick,Elderly males not in an economic family,,Food secure,13,87.4
2019,New Brunswick,Elderly males not in an economic family,,Food insecure,13,12.6
2019,New Brunswick,Elderly males not in an economic family,,"Food insecure, marginal",13,
2019,New Brunswick,Elderly males not in an economic family,,"Food insecure, moderate or severe",13,
2019,New Brunswick,Elderly males not in an economic family,,"Food insecure, moderate",13,
2019,New Brunswick,Elderly males not in an economic family,,"Food insecure, severe",13,
2019,New Brunswick,Elderly females not in an economic family,,Food secure,13,85.8
2019,New Brunswick,Elderly females not in an economic family,,Food insecure,13,14.2
2019,New Brunswick,Elderly females not in an economic family,,"Food insecure, marginal",13,
2019,New Brunswick,Elderly females not in an economic family,,"Food insecure, moderate or severe",13,8.2
2019,New Brunswick,Elderly females not in an economic family,,"Food insecure, moderate",13,5.7
2019,New Brunswick,Elderly females not in an economic family,,"Food insecure, severe",13,
2019,New Brunswick,Non-elderly persons not in an economic family,,Food secure,13,71.8
2019,New Brunswick,Non-elderly persons not in an economic family,,Food insecure,13,28.2
2019,New Brunswick,Non-elderly persons not in an economic family,,"Food insecure, marginal",13,
2019,New Brunswick,Non-elderly persons not in an economic family,,"Food insecure, moderate or severe",13,22.3
2019,New Brunswick,Non-elderly persons not in an economic family,,"Food insecure, moderate",13,9.7
2019,New Brunswick,Non-elderly persons not in an economic family,,"Food insecure, severe",13,12.6
2019,New Brunswick,Non-elderly males not in an economic family,,Food secure,13,68.7
2019,New Brunswick,Non-elderly males not in an economic family,,Food insecure,13,31.3
2019,New Brunswick,Non-elderly males not in an economic family,,"Food insecure, marginal",13,
2019,New Brunswick,Non-elderly males not in an economic family,,"Food insecure, moderate or severe",13,24.5
2019,New Brunswick,Non-elderly males not in an economic family,,"Food insecure, moderate",13,
2019,New Brunswick,Non-elderly males not in an economic family,,"Food insecure, severe",13,12.7
2019,New Brunswick,Non-elderly females not in an economic family,,Food secure,13,75.7
2019,New Brunswick,Non-elderly females not in an economic family,,Food insecure,13,24.3
2019,New Brunswick,Non-elderly females not in an economic family,,"Food insecure, marginal",13,
2019,New Brunswick,Non-elderly females not in an economic family,,"Food insecure, moderate or severe",13,19.3
2019,New Brunswick,Non-elderly females not in an economic family,,"Food insecure, moderate",13,
2019,New Brunswick,Non-elderly females not in an economic family,,"Food insecure, severe",13,
2019,Quebec,All persons,,Food secure,24,89.1
2019,Quebec,All persons,,Food insecure,24,10.9
2019,Quebec,All persons,,"Food insecure, marginal",24,3.8
2019,Quebec,All persons,,"Food insecure, moderate or severe",24,7.1
2019,Quebec,All persons,,"Food insecure, moderate",24,5.2
2019,Quebec,All persons,,"Food insecure, severe",24,2.0
2019,Quebec,Persons in economic families,,Food secure,24,90.3
2019,Quebec,Persons in economic families,,Food insecure,24,9.7
2019,Quebec,Persons in economic families,,"Food insecure, marginal",24,3.4
2019,Quebec,Persons in economic families,,"Food insecure, moderate or severe",24,6.2
2019,Quebec,Persons in economic families,,"Food insecure, moderate",24,4.7
2019,Quebec,Persons in economic families,,"Food insecure, severe",24,1.5
2019,Quebec,Persons in elderly families,,Food secure,24,96.0
2019,Quebec,Persons in elderly families,,Food insecure,24,4.0
2019,Quebec,Persons in elderly families,,"Food insecure, marginal",24,2.2
2019,Quebec,Persons in elderly families,,"Food insecure, moderate or severe",24,1.7
2019,Quebec,Persons in elderly families,,"Food insecure, moderate",24,1.4
2019,Quebec,Persons in elderly families,,"Food insecure, severe",24,
2019,Quebec,Persons in elderly couples,,Food secure,24,96.3
2019,Quebec,Persons in elderly couples,,Food insecure,24,3.7
2019,Quebec,Persons in elderly couples,,"Food insecure, marginal",24,2.7
2019,Quebec,Persons in elderly couples,,"Food insecure, moderate or severe",24,1.1
2019,Quebec,Persons in elderly couples,,"Food insecure, moderate",24,
2019,Quebec,Persons in elderly couples,,"Food insecure, severe",24,
2019,Quebec,Persons in other elderly families,,Food secure,24,95.2
2019,Quebec,Persons in other elderly families,,Food insecure,24,
2019,Quebec,Persons in other elderly families,,"Food insecure, marginal",24,
2019,Quebec,Persons in other elderly families,,"Food insecure, moderate or severe",24,
2019,Quebec,Persons in other elderly families,,"Food insecure, moderate",24,
2019,Quebec,Persons in other elderly families,,"Food insecure, severe",24,
2019,Quebec,Persons in non-elderly families,,Food secure,24,89.4
2019,Quebec,Persons in non-elderly families,,Food insecure,24,10.6
2019,Quebec,Persons in non-elderly families,,"Food insecure, marginal",24,3.6
2019,Quebec,Persons in non-elderly families,,"Food insecure, moderate or severe",24,7.0
2019,Quebec,Persons in non-elderly families,,"Food insecure, moderate",24,5.3
2019,Quebec,Persons in non-elderly families,,"Food insecure, severe",24,1.7
2019,Quebec,Persons in couples,,Food secure,24,92.8
2019,Quebec,Persons in couples,,Food insecure,24,7.2
2019,Quebec,Persons in couples,,"Food insecure, marginal",24,3.6
2019,Quebec,Persons in couples,,"Food insecure, moderate or severe",24,3.6
2019,Quebec,Persons in couples,,"Food insecure, moderate",24,3.1
2019,Quebec,Persons in couples,,"Food insecure, severe",24,
2019,Quebec,Persons in couple families with children,,Food secure,24,89.9
2019,Quebec,Persons in couple families with children,,Food insecure,24,10.1
2019,Quebec,Persons in couple families with children,,"Food insecure, marginal",24,4.1
2019,Quebec,Persons in couple families with children,,"Food insecure, moderate or severe",24,6.0
2019,Quebec,Persons in couple families with children,,"Food insecure, moderate",24,5.1
2019,Quebec,Persons in couple families with children,,"Food insecure, severe",24,
2019,Quebec,Persons in couple families with other relatives,,Food secure,24,94.5
2019,Quebec,Persons in couple families with other relatives,,Food insecure,24,5.5
2019,Quebec,Persons in couple families with other relatives,,"Food insecure, marginal",24,
2019,Quebec,Persons in couple families with other relatives,,"Food insecure, moderate or severe",24,
2019,Quebec,Persons in couple families with other relatives,,"Food insecure, moderate",24,
2019,Quebec,Persons in couple families with other relatives,,"Food insecure, severe",24,
2019,Quebec,Persons in lone-parent families,,Food secure,24,73.0
2019,Quebec,Persons in lone-parent families,,Food insecure,24,27.0
2019,Quebec,Persons in lone-parent families,,"Food insecure, marginal",24,
2019,Quebec,Persons in lone-parent families,,"Food insecure, moderate or severe",24,21.6
2019,Quebec,Persons in lone-parent families,,"Food insecure, moderate",24,13.6
2019,Quebec,Persons in lone-parent families,,"Food insecure, severe",24,
2019,Quebec,Persons in male lone-parent families,,Food secure,24,78.4
2019,Quebec,Persons in male lone-parent families,,Food insecure,24,
2019,Quebec,Persons in male lone-parent families,,"Food insecure, marginal",24,
2019,Quebec,Persons in male lone-parent families,,"Food insecure, moderate or severe",24,
2019,Quebec,Persons in male lone-parent families,,"Food insecure, moderate",24,
2019,Quebec,Persons in male lone-parent families,,"Food insecure, severe",24,
2019,Quebec,Persons in female lone-parent families,,Food secure,24,70.9
2019,Quebec,Persons in female lone-parent families,,Food insecure,24,29.1
2019,Quebec,Persons in female lone-parent families,,"Food insecure, marginal",24,
2019,Quebec,Persons in female lone-parent families,,"Food insecure, moderate or severe",24,26.4
2019,Quebec,Persons in female lone-parent families,,"Food insecure, moderate",24,17.1
2019,Quebec,Persons in female lone-parent families,,"Food insecure, severe",24,
2019,Quebec,Persons in other non-elderly families,,Food secure,24,83.3
2019,Quebec,Persons in other non-elderly families,,Food insecure,24,16.7
2019,Quebec,Persons in other non-elderly families,,"Food insecure, marginal",24,
2019,Quebec,Persons in other non-elderly families,,"Food insecure, moderate or severe",24,14.6
2019,Quebec,Persons in other non-elderly families,,"Food insecure, moderate",24,9.7
2019,Quebec,Persons in other non-elderly families,,"Food insecure, severe",24,
2019,Quebec,Persons not in an economic family,,Food secure,24,83.9
2019,Quebec,Persons not in an economic family,,Food insecure,24,16.1
2019,Quebec,Persons not in an economic family,,"Food insecure, marginal",24,5.2
2019,Quebec,Persons not in an economic family,,"Food insecure, moderate or severe",24,10.8
2019,Quebec,Persons not in an economic family,,"Food insecure, moderate",24,7.0
2019,Quebec,Persons not in an economic family,,"Food insecure, severe",24,3.8
2019,Quebec,Elderly persons not in an economic family,,Food secure,24,92.6
2019,Quebec,Elderly persons not in an economic family,,Food insecure,24,7.4
2019,Quebec,Elderly persons not in an economic family,,"Food insecure, marginal",24,3.2
2019,Quebec,Elderly persons not in an economic family,,"Food insecure, moderate or severe",24,4.2
2019,Quebec,Elderly persons not in an economic family,,"Food insecure, moderate",24,3.3
2019,Quebec,Elderly persons not in an economic family,,"Food insecure, severe",24,
2019,Quebec,Elderly males not in an economic family,,Food secure,24,93.3
2019,Quebec,Elderly males not in an economic family,,Food insecure,24,
2019,Quebec,Elderly males not in an economic family,,"Food insecure, marginal",24,
2019,Quebec,Elderly males not in an economic family,,"Food insecure, moderate or severe",24,
2019,Quebec,Elderly males not in an economic family,,"Food insecure, moderate",24,
2019,Quebec,Elderly males not in an economic family,,"Food insecure, severe",24,
2019,Quebec,Elderly females not in an economic family,,Food secure,24,92.2
2019,Quebec,Elderly females not in an economic family,,Food insecure,24,7.8
2019,Quebec,Elderly females not in an economic family,,"Food insecure, marginal",24,3.7
2019,Quebec,Elderly females not in an economic family,,"Food insecure, moderate or severe",24,4.1
2019,Quebec,Elderly females not in an economic family,,"Food insecure, moderate",24,3.0
2019,Quebec,Elderly females not in an economic family,,"Food insecure, severe",24,
2019,Quebec,Non-elderly persons not in an economic family,,Food secure,24,79.1
2019,Quebec,Non-elderly persons not in an economic family,,Food insecure,24,20.9
2019,Quebec,Non-elderly persons not in an economic family,,"Food insecure, marginal",24,6.4
2019,Quebec,Non-elderly persons not in an economic family,,"Food insecure, moderate or severe",24,14.5
2019,Quebec,Non-elderly persons not in an economic family,,"Food insecure, moderate",24,9.0
2019,Quebec,Non-elderly persons not in an economic family,,"Food insecure, severe",24,5.5
2019,Quebec,Non-elderly males not in an economic family,,Food secure,24,81.0
2019,Quebec,Non-elderly males not in an economic family,,Food insecure,24,19.0
2019,Quebec,Non-elderly males not in an economic family,,"Food insecure, marginal",24,4.7
2019,Quebec,Non-elderly males not in an economic family,,"Food insecure, moderate or severe",24,14.3
2019,Quebec,Non-elderly males not in an economic family,,"Food insecure, moderate",24,10.3
2019,Quebec,Non-elderly males not in an economic family,,"Food insecure, severe",24,4.0
2019,Quebec,Non-elderly females not in an economic family,,Food secure,24,76.7
2019,Quebec,Non-elderly females not in an economic family,,Food insecure,24,23.3
2019,Quebec,Non-elderly females not in an economic family,,"Food insecure, marginal",24,8.6
2019,Quebec,Non-elderly females not in an economic family,,"Food insecure, moderate or severe",24,14.7
2019,Quebec,Non-elderly females not in an economic family,,"Food insecure, moderate",24,7.4
2019,Quebec,Non-elderly females not in an economic family,,"Food insecure, severe",24,7.3
2019,Ontario,All persons,,Food secure,35,82.7
2019,Ontario,All persons,,Food insecure,35,17.3
2019,Ontario,All persons,,"Food insecure, marginal",35,5.8
2019,Ontario,All persons,,"Food insecure, moderate or severe",35,11.5
2019,Ontario,All persons,,"Food insecure, moderate",35,8.0
2019,Ontario,All persons,,"Food insecure, severe",35,3.5
2019,Ontario,Persons in economic families,,Food secure,35,83.0
2019,Ontario,Persons in economic families,,Food insecure,35,17.0
2019,Ontario,Persons in economic families,,"Food insecure, marginal",35,6.0
2019,Ontario,Persons in economic families,,"Food insecure, moderate or severe",35,11.0
2019,Ontario,Persons in economic families,,"Food insecure, moderate",35,7.9
2019,Ontario,Persons in economic families,,"Food insecure, severe",35,3.1
2019,Ontario,Persons in elderly families,,Food secure,35,90.9
2019,Ontario,Persons in elderly families,,Food insecure,35,9.1
2019,Ontario,Persons in elderly families,,"Food insecure, marginal",35,
2019,Ontario,Persons in elderly families,,"Food insecure, moderate or severe",35,5.6
2019,Ontario,Persons in elderly families,,"Food insecure, moderate",35,4.3
2019,Ontario,Persons in elderly families,,"Food insecure, severe",35,
2019,Ontario,Persons in elderly couples,,Food secure,35,94.6
2019,Ontario,Persons in elderly couples,,Food insecure,35,5.4
2019,Ontario,Persons in elderly couples,,"Food insecure, marginal",35,1.9
2019,Ontario,Persons in elderly couples,,"Food insecure, moderate or severe",35,3.6
2019,Ontario,Persons in elderly couples,,"Food insecure, moderate",35,3.3
2019,Ontario,Persons in elderly couples,,"Food insecure, severe",35,
2019,Ontario,Persons in other elderly families,,Food secure,35,83.9
2019,Ontario,Persons in other elderly families,,Food insecure,35,16.1
2019,Ontario,Persons in other elderly families,,"Food insecure, marginal",35,
2019,Ontario,Persons in other elderly families,,"Food insecure, moderate or severe",35,9.4
2019,Ontario,Persons in other elderly families,,"Food insecure, moderate",35,6.2
2019,Ontario,Persons in other elderly families,,"Food insecure, severe",35,
2019,Ontario,Persons in non-elderly families,,Food secure,35,81.7
2019,Ontario,Persons in non-elderly families,,Food insecure,35,18.3
2019,Ontario,Persons in non-elderly families,,"Food insecure, marginal",35,6.4
2019,Ontario,Persons in non-elderly families,,"Food insecure, moderate or severe",35,11.9
2019,Ontario,Persons in non-elderly families,,"Food insecure, moderate",35,8.5
2019,Ontario,Persons in non-elderly families,,"Food insecure, severe",35,3.4
2019,Ontario,Persons in couples,,Food secure,35,85.7
2019,Ontario,Persons in couples,,Food insecure,35,14.3
2019,Ontario,Persons in couples,,"Food insecure, marginal",35,4.6
2019,Ontario,Persons in couples,,"Food insecure, moderate or severe",35,9.7
2019,Ontario,Persons in couples,,"Food insecure, moderate",35,6.7
2019,Ontario,Persons in couples,,"Food insecure, severe",35,3.0
2019,Ontario,Persons in couple families with children,,Food secure,35,81.8
2019,Ontario,Persons in couple families with children,,Food insecure,35,18.2
2019,Ontario,Persons in couple families with children,,"Food insecure, marginal",35,7.8
2019,Ontario,Persons in couple families with children,,"Food insecure, moderate or severe",35,10.4
2019,Ontario,Persons in couple families with children,,"Food insecure, moderate",35,7.5
2019,Ontario,Persons in couple families with children,,"Food insecure, severe",35,2.9
2019,Ontario,Persons in couple families with other relatives,,Food secure,35,88.3
2019,Ontario,Persons in couple families with other relatives,,Food insecure,35,11.7
2019,Ontario,Persons in couple families with other relatives,,"Food insecure, marginal",35,3.6
2019,Ontario,Persons in couple families with other relatives,,"Food insecure, moderate or severe",35,8.0
2019,Ontario,Persons in couple families with other relatives,,"Food insecure, moderate",35,5.9
2019,Ontario,Persons in couple families with other relatives,,"Food insecure, severe",35,
2019,Ontario,Persons in lone-parent families,,Food secure,35,54.2
2019,Ontario,Persons in lone-parent families,,Food insecure,35,45.8
2019,Ontario,Persons in lone-parent families,,"Food insecure, marginal",35,9.0
2019,Ontario,Persons in lone-parent families,,"Food insecure, moderate or severe",35,36.9
2019,Ontario,Persons in lone-parent families,,"Food insecure, moderate",35,27.3
2019,Ontario,Persons in lone-parent families,,"Food insecure, severe",35,9.6
2019,Ontario,Persons in male lone-parent families,,Food secure,35,57.8
2019,Ontario,Persons in male lone-parent families,,Food insecure,35,42.2
2019,Ontario,Persons in male lone-parent families,,"Food insecure, marginal",35,
2019,Ontario,Persons in male lone-parent families,,"Food insecure, moderate or severe",35,
2019,Ontario,Persons in male lone-parent families,,"Food insecure, moderate",35,
2019,Ontario,Persons in male lone-parent families,,"Food insecure, severe",35,
2019,Ontario,Persons in female lone-parent families,,Food secure,35,53.3
2019,Ontario,Persons in female lone-parent families,,Food insecure,35,46.7
2019,Ontario,Persons in female lone-parent families,,"Food insecure, marginal",35,8.5
2019,Ontario,Persons in female lone-parent families,,"Food insecure, moderate or severe",35,38.2
2019,Ontario,Persons in female lone-parent families,,"Food insecure, moderate",35,30.5
2019,Ontario,Persons in female lone-parent families,,"Food insecure, severe",35,7.6
2019,Ontario,Persons in other non-elderly families,,Food secure,35,83.1
2019,Ontario,Persons in other non-elderly families,,Food insecure,35,16.9
2019,Ontario,Persons in other non-elderly families,,"Food insecure, marginal",35,5.1
2019,Ontario,Persons in other non-elderly families,,"Food insecure, moderate or severe",35,11.9
2019,Ontario,Persons in other non-elderly families,,"Food insecure, moderate",35,7.7
2019,Ontario,Persons in other non-elderly families,,"Food insecure, severe",35,4.2
2019,Ontario,Persons not in an economic family,,Food secure,35,81.1
2019,Ontario,Persons not in an economic family,,Food insecure,35,18.9
2019,Ontario,Persons not in an economic family,,"Food insecure, marginal",35,5.0
2019,Ontario,Persons not in an economic family,,"Food insecure, moderate or severe",35,13.9
2019,Ontario,Persons not in an economic family,,"Food insecure, moderate",35,8.2
2019,Ontario,Persons not in an economic family,,"Food insecure, severe",35,5.7
2019,Ontario,Elderly persons not in an economic family,,Food secure,35,88.2
2019,Ontario,Elderly persons not in an economic family,,Food insecure,35,11.8
2019,Ontario,Elderly persons not in an economic family,,"Food insecure, marginal",35,4.0
2019,Ontario,Elderly persons not in an economic family,,"Food insecure, moderate or severe",35,7.8
2019,Ontario,Elderly persons not in an economic family,,"Food insecure, moderate",35,6.2
2019,Ontario,Elderly persons not in an economic family,,"Food insecure, severe",35,1.5
2019,Ontario,Elderly males not in an economic family,,Food secure,35,87.9
2019,Ontario,Elderly males not in an economic family,,Food insecure,35,12.1
2019,Ontario,Elderly males not in an economic family,,"Food insecure, marginal",35,
2019,Ontario,Elderly males not in an economic family,,"Food insecure, moderate or severe",35,8.6
2019,Ontario,Elderly males not in an economic family,,"Food insecure, moderate",35,6.7
2019,Ontario,Elderly males not in an economic family,,"Food insecure, severe",35,
2019,Ontario,Elderly females not in an economic family,,Food secure,35,88.4
2019,Ontario,Elderly females not in an economic family,,Food insecure,35,11.6
2019,Ontario,Elderly females not in an economic family,,"Food insecure, marginal",35,4.3
2019,Ontario,Elderly females not in an economic family,,"Food insecure, moderate or severe",35,7.3
2019,Ontario,Elderly females not in an economic family,,"Food insecure, moderate",35,6.0
2019,Ontario,Elderly females not in an economic family,,"Food insecure, severe",35,
2019,Ontario,Non-elderly persons not in an economic family,,Food secure,35,77.6
2019,Ontario,Non-elderly persons not in an economic family,,Food insecure,35,22.4
2019,Ontario,Non-elderly persons not in an economic family,,"Food insecure, marginal",35,5.5
2019,Ontario,Non-elderly persons not in an economic family,,"Food insecure, moderate or severe",35,16.9
2019,Ontario,Non-elderly persons not in an economic family,,"Food insecure, moderate",35,9.1
2019,Ontario,Non-elderly persons not in an economic family,,"Food insecure, severe",35,7.7
2019,Ontario,Non-elderly males not in an economic family,,Food secure,35,80.0
2019,Ontario,Non-elderly males not in an economic family,,Food insecure,35,20.0
2019,Ontario,Non-elderly males not in an economic family,,"Food insecure, marginal",35,5.8
2019,Ontario,Non-elderly males not in an economic family,,"Food insecure, moderate or severe",35,14.2
2019,Ontario,Non-elderly males not in an economic family,,"Food insecure, moderate",35,8.1
2019,Ontario,Non-elderly males not in an economic family,,"Food insecure, severe",35,6.1
2019,Ontario,Non-elderly females not in an economic family,,Food secure,35,74.8
2019,Ontario,Non-elderly females not in an economic family,,Food insecure,35,25.2
2019,Ontario,Non-elderly females not in an economic family,,"Food insecure, marginal",35,5.1
2019,Ontario,Non-elderly females not in an economic family,,"Food insecure, moderate or severe",35,20.1
2019,Ontario,Non-elderly females not in an economic family,,"Food insecure, moderate",35,10.4
2019,Ontario,Non-elderly females not in an economic family,,"Food insecure, severe",35,9.7
2019,Prairie provinces,All persons,,Food secure,,81.7
2019,Prairie provinces,All persons,,Food insecure,,18.3
2019,Prairie provinces,All persons,,"Food insecure, marginal",,5.5
2019,Prairie provinces,All persons,,"Food insecure, moderate or severe",,12.8
2019,Prairie provinces,All persons,,"Food insecure, moderate",,9.1
2019,Prairie provinces,All persons,,"Food insecure, severe",,3.8
2019,Prairie provinces,Persons in economic families,,Food secure,,82.3
2019,Prairie provinces,Persons in economic families,,Food insecure,,17.7
2019,Prairie provinces,Persons in economic families,,"Food insecure, marginal",,5.5
2019,Prairie provinces,Persons in economic families,,"Food insecure, moderate or severe",,12.2
2019,Prairie provinces,Persons in economic families,,"Food insecure, moderate",,9.1
2019,Prairie provinces,Persons in economic families,,"Food insecure, severe",,3.1
2019,Prairie provinces,Persons in elderly families,,Food secure,,91.1
2019,Prairie provinces,Persons in elderly families,,Food insecure,,8.9
2019,Prairie provinces,Persons in elderly families,,"Food insecure, marginal",,1.1
2019,Prairie provinces,Persons in elderly families,,"Food insecure, moderate or severe",,7.9
2019,Prairie provinces,Persons in elderly families,,"Food insecure, moderate",,5.9
2019,Prairie provinces,Persons in elderly families,,"Food insecure, severe",,2.0
2019,Prairie provinces,Persons in elderly couples,,Food secure,,93.6
2019,Prairie provinces,Persons in elderly couples,,Food insecure,,6.4
2019,Prairie provinces,Persons in elderly couples,,"Food insecure, marginal",,
2019,Prairie provinces,Persons in elderly couples,,"Food insecure, moderate or severe",,5.4
2019,Prairie provinces,Persons in elderly couples,,"Food insecure, moderate",,4.4
2019,Prairie provinces,Persons in elderly couples,,"Food insecure, severe",,
2019,Prairie provinces,Persons in other elderly families,,Food secure,,85.5
2019,Prairie provinces,Persons in other elderly families,,Food insecure,,14.5
2019,Prairie provinces,Persons in other elderly families,,"Food insecure, marginal",,
2019,Prairie provinces,Persons in other elderly families,,"Food insecure, moderate or severe",,13.2
2019,Prairie provinces,Persons in other elderly families,,"Food insecure, moderate",,
2019,Prairie provinces,Persons in other elderly families,,"Food insecure, severe",,
2019,Prairie provinces,Persons in non-elderly families,,Food secure,,81.1
2019,Prairie provinces,Persons in non-elderly families,,Food insecure,,18.9
2019,Prairie provinces,Persons in non-elderly families,,"Food insecure, marginal",,6.1
2019,Prairie provinces,Persons in non-elderly families,,"Food insecure, moderate or severe",,12.8
2019,Prairie provinces,Persons in non-elderly families,,"Food insecure, moderate",,9.5
2019,Prairie provinces,Persons in non-elderly families,,"Food insecure, severe",,3.3
2019,Prairie provinces,Persons in couples,,Food secure,,88.6
2019,Prairie provinces,Persons in couples,,Food insecure,,11.4
2019,Prairie provinces,Persons in couples,,"Food insecure, marginal",,2.9
2019,Prairie provinces,Persons in couples,,"Food insecure, moderate or severe",,8.5
2019,Prairie provinces,Persons in couples,,"Food insecure, moderate",,5.6
2019,Prairie provinces,Persons in couples,,"Food insecure, severe",,2.9
2019,Prairie provinces,Persons in couple families with children,,Food secure,,81.1
2019,Prairie provinces,Persons in couple families with children,,Food insecure,,18.9
2019,Prairie provinces,Persons in couple families with children,,"Food insecure, marginal",,6.4
2019,Prairie provinces,Persons in couple families with children,,"Food insecure, moderate or severe",,12.4
2019,Prairie provinces,Persons in couple families with children,,"Food insecure, moderate",,10.6
2019,Prairie provinces,Persons in couple families with children,,"Food insecure, severe",,1.9
2019,Prairie provinces,Persons in couple families with other relatives,,Food secure,,81.5
2019,Prairie provinces,Persons in couple families with other relatives,,Food insecure,,18.5
2019,Prairie provinces,Persons in couple families with other relatives,,"Food insecure, marginal",,
2019,Prairie provinces,Persons in couple families with other relatives,,"Food insecure, moderate or severe",,11.6
2019,Prairie provinces,Persons in couple families with other relatives,,"Food insecure, moderate",,
2019,Prairie provinces,Persons in couple families with other relatives,,"Food insecure, severe",,
2019,Prairie provinces,Persons in lone-parent families,,Food secure,,62.9
2019,Prairie provinces,Persons in lone-parent families,,Food insecure,,37.1
2019,Prairie provinces,Persons in lone-parent families,,"Food insecure, marginal",,10.2
2019,Prairie provinces,Persons in lone-parent families,,"Food insecure, moderate or severe",,27.0
2019,Prairie provinces,Persons in lone-parent families,,"Food insecure, moderate",,13.9
2019,Prairie provinces,Persons in lone-parent families,,"Food insecure, severe",,13.0
2019,Prairie provinces,Persons in male lone-parent families,,Food secure,,75.5
2019,Prairie provinces,Persons in male lone-parent families,,Food insecure,,24.5
2019,Prairie provinces,Persons in male lone-parent families,,"Food insecure, marginal",,
2019,Prairie provinces,Persons in male lone-parent families,,"Food insecure, moderate or severe",,
2019,Prairie provinces,Persons in male lone-parent families,,"Food insecure, moderate",,
2019,Prairie provinces,Persons in male lone-parent families,,"Food insecure, severe",,
2019,Prairie provinces,Persons in female lone-parent families,,Food secure,,59.2
2019,Prairie provinces,Persons in female lone-parent families,,Food insecure,,40.8
2019,Prairie provinces,Persons in female lone-parent families,,"Food insecure, marginal",,11.4
2019,Prairie provinces,Persons in female lone-parent families,,"Food insecure, moderate or severe",,29.4
2019,Prairie provinces,Persons in female lone-parent families,,"Food insecure, moderate",,15.6
2019,Prairie provinces,Persons in female lone-parent families,,"Food insecure, severe",,13.8
2019,Prairie provinces,Persons in other non-elderly families,,Food secure,,76.2
2019,Prairie provinces,Persons in other non-elderly families,,Food insecure,,23.8
2019,Prairie provinces,Persons in other non-elderly families,,"Food insecure, marginal",,6.5
2019,Prairie provinces,Persons in other non-elderly families,,"Food insecure, moderate or severe",,17.3
2019,Prairie provinces,Persons in other non-elderly families,,"Food insecure, moderate",,12.3
2019,Prairie provinces,Persons in other non-elderly families,,"Food insecure, severe",,5.0
2019,Prairie provinces,Persons not in an economic family,,Food secure,,77.8
2019,Prairie provinces,Persons not in an economic family,,Food insecure,,22.2
2019,Prairie provinces,Persons not in an economic family,,"Food insecure, marginal",,5.5
2019,Prairie provinces,Persons not in an economic family,,"Food insecure, moderate or severe",,16.7
2019,Prairie provinces,Persons not in an economic family,,"Food insecure, moderate",,9.2
2019,Prairie provinces,Persons not in an economic family,,"Food insecure, severe",,7.5
2019,Prairie provinces,Elderly persons not in an economic family,,Food secure,,89.2
2019,Prairie provinces,Elderly persons not in an economic family,,Food insecure,,10.8
2019,Prairie provinces,Elderly persons not in an economic family,,"Food insecure, marginal",,2.0
2019,Prairie provinces,Elderly persons not in an economic family,,"Food insecure, moderate or severe",,8.8
2019,Prairie provinces,Elderly persons not in an economic family,,"Food insecure, moderate",,4.4
2019,Prairie provinces,Elderly persons not in an economic family,,"Food insecure, severe",,4.4
2019,Prairie provinces,Elderly males not in an economic family,,Food secure,,88.3
2019,Prairie provinces,Elderly males not in an economic family,,Food insecure,,11.7
2019,Prairie provinces,Elderly males not in an economic family,,"Food insecure, marginal",,
2019,Prairie provinces,Elderly males not in an economic family,,"Food insecure, moderate or severe",,9.8
2019,Prairie provinces,Elderly males not in an economic family,,"Food insecure, moderate",,
2019,Prairie provinces,Elderly males not in an economic family,,"Food insecure, severe",,
2019,Prairie provinces,Elderly females not in an economic family,,Food secure,,89.5
2019,Prairie provinces,Elderly females not in an economic family,,Food insecure,,10.5
2019,Prairie provinces,Elderly females not in an economic family,,"Food insecure, marginal",,2.1
2019,Prairie provinces,Elderly females not in an economic family,,"Food insecure, moderate or severe",,8.4
2019,Prairie provinces,Elderly females not in an economic family,,"Food insecure, moderate",,4.6
2019,Prairie provinces,Elderly females not in an economic family,,"Food insecure, severe",,
2019,Prairie provinces,Non-elderly persons not in an economic family,,Food secure,,73.9
2019,Prairie provinces,Non-elderly persons not in an economic family,,Food insecure,,26.1
2019,Prairie provinces,Non-elderly persons not in an economic family,,"Food insecure, marginal",,6.8
2019,Prairie provinces,Non-elderly persons not in an economic family,,"Food insecure, moderate or severe",,19.3
2019,Prairie provinces,Non-elderly persons not in an economic family,,"Food insecure, moderate",,10.8
2019,Prairie provinces,Non-elderly persons not in an economic family,,"Food insecure, severe",,8.6
2019,Prairie provinces,Non-elderly males not in an economic family,,Food secure,,73.1
2019,Prairie provinces,Non-elderly males not in an economic family,,Food insecure,,26.9
2019,Prairie provinces,Non-elderly males not in an economic family,,"Food insecure, marginal",,7.0
2019,Prairie provinces,Non-elderly males not in an economic family,,"Food insecure, moderate or severe",,19.9
2019,Prairie provinces,Non-elderly males not in an economic family,,"Food insecure, moderate",,11.3
2019,Prairie provinces,Non-elderly males not in an economic family,,"Food insecure, severe",,8.6
2019,Prairie provinces,Non-elderly females not in an economic family,,Food secure,,75.0
2019,Prairie provinces,Non-elderly females not in an economic family,,Food insecure,,25.0
2019,Prairie provinces,Non-elderly females not in an economic family,,"Food insecure, marginal",,6.5
2019,Prairie provinces,Non-elderly females not in an economic family,,"Food insecure, moderate or severe",,18.6
2019,Prairie provinces,Non-elderly females not in an economic family,,"Food insecure, moderate",,10.1
2019,Prairie provinces,Non-elderly females not in an economic family,,"Food insecure, severe",,8.5
2019,Manitoba,All persons,,Food secure,46,81.8
2019,Manitoba,All persons,,Food insecure,46,18.2
2019,Manitoba,All persons,,"Food insecure, marginal",46,5.7
2019,Manitoba,All persons,,"Food insecure, moderate or severe",46,12.5
2019,Manitoba,All persons,,"Food insecure, moderate",46,9.1
2019,Manitoba,All persons,,"Food insecure, severe",46,3.4
2019,Manitoba,Persons in economic families,,Food secure,46,82.6
2019,Manitoba,Persons in economic families,,Food insecure,46,17.4
2019,Manitoba,Persons in economic families,,"Food insecure, marginal",46,5.8
2019,Manitoba,Persons in economic families,,"Food insecure, moderate or severe",46,11.6
2019,Manitoba,Persons in economic families,,"Food insecure, moderate",46,9.0
2019,Manitoba,Persons in economic families,,"Food insecure, severe",46,2.6
2019,Manitoba,Persons in elderly families,,Food secure,46,90.9
2019,Manitoba,Persons in elderly families,,Food insecure,46,9.1
2019,Manitoba,Persons in elderly families,,"Food insecure, marginal",46,
2019,Manitoba,Persons in elderly families,,"Food insecure, moderate or severe",46,7.0
2019,Manitoba,Persons in elderly families,,"Food insecure, moderate",46,
2019,Manitoba,Persons in elderly families,,"Food insecure, severe",46,
2019,Manitoba,Persons in elderly couples,,Food secure,46,94.8
2019,Manitoba,Persons in elderly couples,,Food insecure,46,5.2
2019,Manitoba,Persons in elderly couples,,"Food insecure, marginal",46,
2019,Manitoba,Persons in elderly couples,,"Food insecure, moderate or severe",46,3.3
2019,Manitoba,Persons in elderly couples,,"Food insecure, moderate",46,
2019,Manitoba,Persons in elderly couples,,"Food insecure, severe",46,
2019,Manitoba,Persons in other elderly families,,Food secure,46,81.8
2019,Manitoba,Persons in other elderly families,,Food insecure,46,18.2
2019,Manitoba,Persons in other elderly families,,"Food insecure, marginal",46,
2019,Manitoba,Persons in other elderly families,,"Food insecure, moderate or severe",46,
2019,Manitoba,Persons in other elderly families,,"Food insecure, moderate",46,
2019,Manitoba,Persons in other elderly families,,"Food insecure, severe",46,
2019,Manitoba,Persons in non-elderly families,,Food secure,46,81.2
2019,Manitoba,Persons in non-elderly families,,Food insecure,46,18.8
2019,Manitoba,Persons in non-elderly families,,"Food insecure, marginal",46,6.4
2019,Manitoba,Persons in non-elderly families,,"Food insecure, moderate or severe",46,12.4
2019,Manitoba,Persons in non-elderly families,,"Food insecure, moderate",46,9.7
2019,Manitoba,Persons in non-elderly families,,"Food insecure, severe",46,2.6
2019,Manitoba,Persons in couples,,Food secure,46,91.3
2019,Manitoba,Persons in couples,,Food insecure,46,8.7
2019,Manitoba,Persons in couples,,"Food insecure, marginal",46,
2019,Manitoba,Persons in couples,,"Food insecure, moderate or severe",46,6.1
2019,Manitoba,Persons in couples,,"Food insecure, moderate",46,4.5
2019,Manitoba,Persons in couples,,"Food insecure, severe",46,
2019,Manitoba,Persons in couple families with children,,Food secure,46,81.7
2019,Manitoba,Persons in couple families with children,,Food insecure,46,18.3
2019,Manitoba,Persons in couple families with children,,"Food insecure, marginal",46,6.0
2019,Manitoba,Persons in couple families with children,,"Food insecure, moderate or severe",46,12.2
2019,Manitoba,Persons in couple families with children,,"Food insecure, moderate",46,11.3
2019,Manitoba,Persons in couple families with children,,"Food insecure, severe",46,
2019,Manitoba,Persons in couple families with other relatives,,Food secure,46,91.5
2019,Manitoba,Persons in couple families with other relatives,,Food insecure,46,8.5
2019,Manitoba,Persons in couple families with other relatives,,"Food insecure, marginal",46,
2019,Manitoba,Persons in couple families with other relatives,,"Food insecure, moderate or severe",46,
2019,Manitoba,Persons in couple families with other relatives,,"Food insecure, moderate",46,
2019,Manitoba,Persons in couple families with other relatives,,"Food insecure, severe",46,
2019,Manitoba,Persons in lone-parent families,,Food secure,46,43.5
2019,Manitoba,Persons in lone-parent families,,Food insecure,46,56.5
2019,Manitoba,Persons in lone-parent families,,"Food insecure, marginal",46,
2019,Manitoba,Persons in lone-parent families,,"Food insecure, moderate or severe",46,40.0
2019,Manitoba,Persons in lone-parent families,,"Food insecure, moderate",46,19.3
2019,Manitoba,Persons in lone-parent families,,"Food insecure, severe",46,20.7
2019,Manitoba,Persons in male lone-parent families,,Food secure,46,61.9
2019,Manitoba,Persons in male lone-parent families,,Food insecure,46,
2019,Manitoba,Persons in male lone-parent families,,"Food insecure, marginal",46,
2019,Manitoba,Persons in male lone-parent families,,"Food insecure, moderate or severe",46,
2019,Manitoba,Persons in male lone-parent families,,"Food insecure, moderate",46,
2019,Manitoba,Persons in male lone-parent families,,"Food insecure, severe",46,
2019,Manitoba,Persons in female lone-parent families,,Food secure,46,39.2
2019,Manitoba,Persons in female lone-parent families,,Food insecure,46,60.8
2019,Manitoba,Persons in female lone-parent families,,"Food insecure, marginal",46,
2019,Manitoba,Persons in female lone-parent families,,"Food insecure, moderate or severe",46,42.4
2019,Manitoba,Persons in female lone-parent families,,"Food insecure, moderate",46,20.7
2019,Manitoba,Persons in female lone-parent families,,"Food insecure, severe",46,21.7
2019,Manitoba,Persons in other non-elderly families,,Food secure,46,71.8
2019,Manitoba,Persons in other non-elderly families,,Food insecure,46,28.2
2019,Manitoba,Persons in other non-elderly families,,"Food insecure, marginal",46,
2019,Manitoba,Persons in other non-elderly families,,"Food insecure, moderate or severe",46,17.8
2019,Manitoba,Persons in other non-elderly families,,"Food insecure, moderate",46,14.4
2019,Manitoba,Persons in other non-elderly families,,"Food insecure, severe",46,
2019,Manitoba,Persons not in an economic family,,Food secure,46,76.9
2019,Manitoba,Persons not in an economic family,,Food insecure,46,23.1
2019,Manitoba,Persons not in an economic family,,"Food insecure, marginal",46,5.4
2019,Manitoba,Persons not in an economic family,,"Food insecure, moderate or severe",46,17.7
2019,Manitoba,Persons not in an economic family,,"Food insecure, moderate",46,9.6
2019,Manitoba,Persons not in an economic family,,"Food insecure, severe",46,8.1
2019,Manitoba,Elderly persons not in an economic family,,Food secure,46,85.9
2019,Manitoba,Elderly persons not in an economic family,,Food insecure,46,14.1
2019,Manitoba,Elderly persons not in an economic family,,"Food insecure, marginal",46,2.2
2019,Manitoba,Elderly persons not in an economic family,,"Food insecure, moderate or severe",46,11.9
2019,Manitoba,Elderly persons not in an economic family,,"Food insecure, moderate",46,7.6
2019,Manitoba,Elderly persons not in an economic family,,"Food insecure, severe",46,4.2
2019,Manitoba,Elderly males not in an economic family,,Food secure,46,83.5
2019,Manitoba,Elderly males not in an economic family,,Food insecure,46,16.5
2019,Manitoba,Elderly males not in an economic family,,"Food insecure, marginal",46,
2019,Manitoba,Elderly males not in an economic family,,"Food insecure, moderate or severe",46,13.3
2019,Manitoba,Elderly males not in an economic family,,"Food insecure, moderate",46,
2019,Manitoba,Elderly males not in an economic family,,"Food insecure, severe",46,
2019,Manitoba,Elderly females not in an economic family,,Food secure,46,87.1
2019,Manitoba,Elderly females not in an economic family,,Food insecure,46,12.9
2019,Manitoba,Elderly females not in an economic family,,"Food insecure, marginal",46,
2019,Manitoba,Elderly females not in an economic family,,"Food insecure, moderate or severe",46,11.2
2019,Manitoba,Elderly females not in an economic family,,"Food insecure, moderate",46,8.1
2019,Manitoba,Elderly females not in an economic family,,"Food insecure, severe",46,
2019,Manitoba,Non-elderly persons not in an economic family,,Food secure,46,73.0
2019,Manitoba,Non-elderly persons not in an economic family,,Food insecure,46,27.0
2019,Manitoba,Non-elderly persons not in an economic family,,"Food insecure, marginal",46,6.8
2019,Manitoba,Non-elderly persons not in an economic family,,"Food insecure, moderate or severe",46,20.2
2019,Manitoba,Non-elderly persons not in an economic family,,"Food insecure, moderate",46,10.4
2019,Manitoba,Non-elderly persons not in an economic family,,"Food insecure, severe",46,9.8
2019,Manitoba,Non-elderly males not in an economic family,,Food secure,46,73.9
2019,Manitoba,Non-elderly males not in an economic family,,Food insecure,46,26.1
2019,Manitoba,Non-elderly males not in an economic family,,"Food insecure, marginal",46,
2019,Manitoba,Non-elderly males not in an economic family,,"Food insecure, moderate or severe",46,18.9
2019,Manitoba,Non-elderly males not in an economic family,,"Food insecure, moderate",46,9.9
2019,Manitoba,Non-elderly males not in an economic family,,"Food insecure, severe",46,9.0
2019,Manitoba,Non-elderly females not in an economic family,,Food secure,46,71.8
2019,Manitoba,Non-elderly females not in an economic family,,Food insecure,46,28.2
2019,Manitoba,Non-elderly females not in an economic family,,"Food insecure, marginal",46,
2019,Manitoba,Non-elderly females not in an economic family,,"Food insecure, moderate or severe",46,22.1
2019,Manitoba,Non-elderly females not in an economic family,,"Food insecure, moderate",46,11.1
2019,Manitoba,Non-elderly females not in an economic family,,"Food insecure, severe",46,10.9
2019,Saskatchewan,All persons,,Food secure,47,82.3
2019,Saskatchewan,All persons,,Food insecure,47,17.7
2019,Saskatchewan,All persons,,"Food insecure, marginal",47,5.6
2019,Saskatchewan,All persons,,"Food insecure, moderate or severe",47,12.1
2019,Saskatchewan,All persons,,"Food insecure, moderate",47,8.6
2019,Saskatchewan,All persons,,"Food insecure, severe",47,3.5
2019,Saskatchewan,Persons in economic families,,Food secure,47,83.5
2019,Saskatchewan,Persons in economic families,,Food insecure,47,16.5
2019,Saskatchewan,Persons in economic families,,"Food insecure, marginal",47,5.3
2019,Saskatchewan,Persons in economic families,,"Food insecure, moderate or severe",47,11.2
2019,Saskatchewan,Persons in economic families,,"Food insecure, moderate",47,8.5
2019,Saskatchewan,Persons in economic families,,"Food insecure, severe",47,2.6
2019,Saskatchewan,Persons in elderly families,,Food secure,47,94.6
2019,Saskatchewan,Persons in elderly families,,Food insecure,47,5.4
2019,Saskatchewan,Persons in elderly families,,"Food insecure, marginal",47,
2019,Saskatchewan,Persons in elderly families,,"Food insecure, moderate or severe",47,4.7
2019,Saskatchewan,Persons in elderly families,,"Food insecure, moderate",47,
2019,Saskatchewan,Persons in elderly families,,"Food insecure, severe",47,
2019,Saskatchewan,Persons in elderly couples,,Food secure,47,95.1
2019,Saskatchewan,Persons in elderly couples,,Food insecure,47,4.9
2019,Saskatchewan,Persons in elderly couples,,"Food insecure, marginal",47,
2019,Saskatchewan,Persons in elderly couples,,"Food insecure, moderate or severe",47,4.5
2019,Saskatchewan,Persons in elderly couples,,"Food insecure, moderate",47,
2019,Saskatchewan,Persons in elderly couples,,"Food insecure, severe",47,
2019,Saskatchewan,Persons in other elderly families,,Food secure,47,92.8
2019,Saskatchewan,Persons in other elderly families,,Food insecure,47,
2019,Saskatchewan,Persons in other elderly families,,"Food insecure, marginal",47,
2019,Saskatchewan,Persons in other elderly families,,"Food insecure, moderate or severe",47,
2019,Saskatchewan,Persons in other elderly families,,"Food insecure, moderate",47,
2019,Saskatchewan,Persons in other elderly families,,"Food insecure, severe",47,
2019,Saskatchewan,Persons in non-elderly families,,Food secure,47,81.7
2019,Saskatchewan,Persons in non-elderly families,,Food insecure,47,18.3
2019,Saskatchewan,Persons in non-elderly families,,"Food insecure, marginal",47,6.1
2019,Saskatchewan,Persons in non-elderly families,,"Food insecure, moderate or severe",47,12.2
2019,Saskatchewan,Persons in non-elderly families,,"Food insecure, moderate",47,9.3
2019,Saskatchewan,Persons in non-elderly families,,"Food insecure, severe",47,2.9
2019,Saskatchewan,Persons in couples,,Food secure,47,87.2
2019,Saskatchewan,Persons in couples,,Food insecure,47,12.8
2019,Saskatchewan,Persons in couples,,"Food insecure, marginal",47,
2019,Saskatchewan,Persons in couples,,"Food insecure, moderate or severe",47,8.4
2019,Saskatchewan,Persons in couples,,"Food insecure, moderate",47,5.3
2019,Saskatchewan,Persons in couples,,"Food insecure, severe",47,3.1
2019,Saskatchewan,Persons in couple families with children,,Food secure,47,80.9
2019,Saskatchewan,Persons in couple families with children,,Food insecure,47,19.1
2019,Saskatchewan,Persons in couple families with children,,"Food insecure, marginal",47,7.8
2019,Saskatchewan,Persons in couple families with children,,"Food insecure, moderate or severe",47,11.3
2019,Saskatchewan,Persons in couple families with children,,"Food insecure, moderate",47,9.8
2019,Saskatchewan,Persons in couple families with children,,"Food insecure, severe",47,
2019,Saskatchewan,Persons in couple families with other relatives,,Food secure,47,89.9
2019,Saskatchewan,Persons in couple families with other relatives,,Food insecure,47,
2019,Saskatchewan,Persons in couple families with other relatives,,"Food insecure, marginal",47,
2019,Saskatchewan,Persons in couple families with other relatives,,"Food insecure, moderate or severe",47,
2019,Saskatchewan,Persons in couple families with other relatives,,"Food insecure, moderate",47,
2019,Saskatchewan,Persons in couple families with other relatives,,"Food insecure, severe",47,
2019,Saskatchewan,Persons in lone-parent families,,Food secure,47,60.1
2019,Saskatchewan,Persons in lone-parent families,,Food insecure,47,39.9
2019,Saskatchewan,Persons in lone-parent families,,"Food insecure, marginal",47,
2019,Saskatchewan,Persons in lone-parent families,,"Food insecure, moderate or severe",47,33.0
2019,Saskatchewan,Persons in lone-parent families,,"Food insecure, moderate",47,
2019,Saskatchewan,Persons in lone-parent families,,"Food insecure, severe",47,
2019,Saskatchewan,Persons in male lone-parent families,,Food secure,47,47.8
2019,Saskatchewan,Persons in male lone-parent families,,Food insecure,47,52.2
2019,Saskatchewan,Persons in male lone-parent families,,"Food insecure, marginal",47,
2019,Saskatchewan,Persons in male lone-parent families,,"Food insecure, moderate or severe",47,
2019,Saskatchewan,Persons in male lone-parent families,,"Food insecure, moderate",47,
2019,Saskatchewan,Persons in male lone-parent families,,"Food insecure, severe",47,
2019,Saskatchewan,Persons in female lone-parent families,,Food secure,47,63.6
2019,Saskatchewan,Persons in female lone-parent families,,Food insecure,47,36.4
2019,Saskatchewan,Persons in female lone-parent families,,"Food insecure, marginal",47,
2019,Saskatchewan,Persons in female lone-parent families,,"Food insecure, moderate or severe",47,32.5
2019,Saskatchewan,Persons in female lone-parent families,,"Food insecure, moderate",47,
2019,Saskatchewan,Persons in female lone-parent families,,"Food insecure, severe",47,
2019,Saskatchewan,Persons in other non-elderly families,,Food secure,47,77.0
2019,Saskatchewan,Persons in other non-elderly families,,Food insecure,47,23.0
2019,Saskatchewan,Persons in other non-elderly families,,"Food insecure, marginal",47,
2019,Saskatchewan,Persons in other non-elderly families,,"Food insecure, moderate or severe",47,20.6
2019,Saskatchewan,Persons in other non-elderly families,,"Food insecure, moderate",47,
2019,Saskatchewan,Persons in other non-elderly families,,"Food insecure, severe",47,
2019,Saskatchewan,Persons not in an economic family,,Food secure,47,75.5
2019,Saskatchewan,Persons not in an economic family,,Food insecure,47,24.5
2019,Saskatchewan,Persons not in an economic family,,"Food insecure, marginal",47,7.0
2019,Saskatchewan,Persons not in an economic family,,"Food insecure, moderate or severe",47,17.5
2019,Saskatchewan,Persons not in an economic family,,"Food insecure, moderate",47,9.0
2019,Saskatchewan,Persons not in an economic family,,"Food insecure, severe",47,8.5
2019,Saskatchewan,Elderly persons not in an economic family,,Food secure,47,90.0
2019,Saskatchewan,Elderly persons not in an economic family,,Food insecure,47,10.0
2019,Saskatchewan,Elderly persons not in an economic family,,"Food insecure, marginal",47,3.3
2019,Saskatchewan,Elderly persons not in an economic family,,"Food insecure, moderate or severe",47,6.6
2019,Saskatchewan,Elderly persons not in an economic family,,"Food insecure, moderate",47,
2019,Saskatchewan,Elderly persons not in an economic family,,"Food insecure, severe",47,
2019,Saskatchewan,Elderly males not in an economic family,,Food secure,47,94.2
2019,Saskatchewan,Elderly males not in an economic family,,Food insecure,47,
2019,Saskatchewan,Elderly males not in an economic family,,"Food insecure, marginal",47,
2019,Saskatchewan,Elderly males not in an economic family,,"Food insecure, moderate or severe",47,
2019,Saskatchewan,Elderly males not in an economic family,,"Food insecure, moderate",47,
2019,Saskatchewan,Elderly males not in an economic family,,"Food insecure, severe",47,
2019,Saskatchewan,Elderly females not in an economic family,,Food secure,47,87.8
2019,Saskatchewan,Elderly females not in an economic family,,Food insecure,47,12.2
2019,Saskatchewan,Elderly females not in an economic family,,"Food insecure, marginal",47,5.1
2019,Saskatchewan,Elderly females not in an economic family,,"Food insecure, moderate or severe",47,7.1
2019,Saskatchewan,Elderly females not in an economic family,,"Food insecure, moderate",47,
2019,Saskatchewan,Elderly females not in an economic family,,"Food insecure, severe",47,
2019,Saskatchewan,Non-elderly persons not in an economic family,,Food secure,47,69.5
2019,Saskatchewan,Non-elderly persons not in an economic family,,Food insecure,47,30.5
2019,Saskatchewan,Non-elderly persons not in an economic family,,"Food insecure, marginal",47,8.5
2019,Saskatchewan,Non-elderly persons not in an economic family,,"Food insecure, moderate or severe",47,22.0
2019,Saskatchewan,Non-elderly persons not in an economic family,,"Food insecure, moderate",47,11.3
2019,Saskatchewan,Non-elderly persons not in an economic family,,"Food insecure, severe",47,10.7
2019,Saskatchewan,Non-elderly males not in an economic family,,Food secure,47,68.0
2019,Saskatchewan,Non-elderly males not in an economic family,,Food insecure,47,32.0
2019,Saskatchewan,Non-elderly males not in an economic family,,"Food insecure, marginal",47,
2019,Saskatchewan,Non-elderly males not in an economic family,,"Food insecure, moderate or severe",47,23.4
2019,Saskatchewan,Non-elderly males not in an economic family,,"Food insecure, moderate",47,12.0
2019,Saskatchewan,Non-elderly males not in an economic family,,"Food insecure, severe",47,11.4
2019,Saskatchewan,Non-elderly females not in an economic family,,Food secure,47,71.5
2019,Saskatchewan,Non-elderly females not in an economic family,,Food insecure,47,28.5
2019,Saskatchewan,Non-elderly females not in an economic family,,"Food insecure, marginal",47,
2019,Saskatchewan,Non-elderly females not in an economic family,,"Food insecure, moderate or severe",47,20.2
2019,Saskatchewan,Non-elderly females not in an economic family,,"Food insecure, moderate",47,10.4
2019,Saskatchewan,Non-elderly females not in an economic family,,"Food insecure, severe",47,9.8
2019,Alberta,All persons,,Food secure,48,81.5
2019,Alberta,All persons,,Food insecure,48,18.5
2019,Alberta,All persons,,"Food insecure, marginal",48,5.4
2019,Alberta,All persons,,"Food insecure, moderate or severe",48,13.1
2019,Alberta,All persons,,"Food insecure, moderate",48,9.2
2019,Alberta,All persons,,"Food insecure, severe",48,3.9
2019,Alberta,Persons in economic families,,Food secure,48,82.0
2019,Alberta,Persons in economic families,,Food insecure,48,18.0
2019,Alberta,Persons in economic families,,"Food insecure, marginal",48,5.4
2019,Alberta,Persons in economic families,,"Food insecure, moderate or severe",48,12.6
2019,Alberta,Persons in economic families,,"Food insecure, moderate",48,9.2
2019,Alberta,Persons in economic families,,"Food insecure, severe",48,3.4
2019,Alberta,Persons in elderly families,,Food secure,48,90.0
2019,Alberta,Persons in elderly families,,Food insecure,48,10.0
2019,Alberta,Persons in elderly families,,"Food insecure, marginal",48,
2019,Alberta,Persons in elderly families,,"Food insecure, moderate or severe",48,9.2
2019,Alberta,Persons in elderly families,,"Food insecure, moderate",48,7.0
2019,Alberta,Persons in elderly families,,"Food insecure, severe",48,
2019,Alberta,Persons in elderly couples,,Food secure,48,92.6
2019,Alberta,Persons in elderly couples,,Food insecure,48,7.4
2019,Alberta,Persons in elderly couples,,"Food insecure, marginal",48,
2019,Alberta,Persons in elderly couples,,"Food insecure, moderate or severe",48,6.5
2019,Alberta,Persons in elderly couples,,"Food insecure, moderate",48,5.2
2019,Alberta,Persons in elderly couples,,"Food insecure, severe",48,
2019,Alberta,Persons in other elderly families,,Food secure,48,85.3
2019,Alberta,Persons in other elderly families,,Food insecure,48,
2019,Alberta,Persons in other elderly families,,"Food insecure, marginal",48,
2019,Alberta,Persons in other elderly families,,"Food insecure, moderate or severe",48,
2019,Alberta,Persons in other elderly families,,"Food insecure, moderate",48,
2019,Alberta,Persons in other elderly families,,"Food insecure, severe",48,
2019,Alberta,Persons in non-elderly families,,Food secure,48,80.9
2019,Alberta,Persons in non-elderly families,,Food insecure,48,19.1
2019,Alberta,Persons in non-elderly families,,"Food insecure, marginal",48,6.0
2019,Alberta,Persons in non-elderly families,,"Food insecure, moderate or severe",48,13.1
2019,Alberta,Persons in non-elderly families,,"Food insecure, moderate",48,9.5
2019,Alberta,Persons in non-elderly families,,"Food insecure, severe",48,3.6
2019,Alberta,Persons in couples,,Food secure,48,88.2
2019,Alberta,Persons in couples,,Food insecure,48,11.8
2019,Alberta,Persons in couples,,"Food insecure, marginal",48,2.6
2019,Alberta,Persons in couples,,"Food insecure, moderate or severe",48,9.1
2019,Alberta,Persons in couples,,"Food insecure, moderate",48,6.0
2019,Alberta,Persons in couples,,"Food insecure, severe",48,3.1
2019,Alberta,Persons in couple families with children,,Food secure,48,81.0
2019,Alberta,Persons in couple families with children,,Food insecure,48,19.0
2019,Alberta,Persons in couple families with children,,"Food insecure, marginal",48,6.2
2019,Alberta,Persons in couple families with children,,"Food insecure, moderate or severe",48,12.8
2019,Alberta,Persons in couple families with children,,"Food insecure, moderate",48,10.6
2019,Alberta,Persons in couple families with children,,"Food insecure, severe",48,2.2
2019,Alberta,Persons in couple families with other relatives,,Food secure,48,77.0
2019,Alberta,Persons in couple families with other relatives,,Food insecure,48,23.0
2019,Alberta,Persons in couple families with other relatives,,"Food insecure, marginal",48,
2019,Alberta,Persons in couple families with other relatives,,"Food insecure, moderate or severe",48,
2019,Alberta,Persons in couple families with other relatives,,"Food insecure, moderate",48,
2019,Alberta,Persons in couple families with other relatives,,"Food insecure, severe",48,
2019,Alberta,Persons in lone-parent families,,Food secure,48,72.9
2019,Alberta,Persons in lone-parent families,,Food insecure,48,27.1
2019,Alberta,Persons in lone-parent families,,"Food insecure, marginal",48,
2019,Alberta,Persons in lone-parent families,,"Food insecure, moderate or severe",48,18.6
2019,Alberta,Persons in lone-parent families,,"Food insecure, moderate",48,
2019,Alberta,Persons in lone-parent families,,"Food insecure, severe",48,
2019,Alberta,Persons in male lone-parent families,,Food secure,48,90.1
2019,Alberta,Persons in male lone-parent families,,Food insecure,48,
2019,Alberta,Persons in male lone-parent families,,"Food insecure, marginal",48,
2019,Alberta,Persons in male lone-parent families,,"Food insecure, moderate or severe",48,
2019,Alberta,Persons in male lone-parent families,,"Food insecure, moderate",48,
2019,Alberta,Persons in male lone-parent families,,"Food insecure, severe",48,
2019,Alberta,Persons in female lone-parent families,,Food secure,48,67.4
2019,Alberta,Persons in female lone-parent families,,Food insecure,48,32.6
2019,Alberta,Persons in female lone-parent families,,"Food insecure, marginal",48,
2019,Alberta,Persons in female lone-parent families,,"Food insecure, moderate or severe",48,21.6
2019,Alberta,Persons in female lone-parent families,,"Food insecure, moderate",48,
2019,Alberta,Persons in female lone-parent families,,"Food insecure, severe",48,
2019,Alberta,Persons in other non-elderly families,,Food secure,48,77.4
2019,Alberta,Persons in other non-elderly families,,Food insecure,48,22.6
2019,Alberta,Persons in other non-elderly families,,"Food insecure, marginal",48,
2019,Alberta,Persons in other non-elderly families,,"Food insecure, moderate or severe",48,16.5
2019,Alberta,Persons in other non-elderly families,,"Food insecure, moderate",48,
2019,Alberta,Persons in other non-elderly families,,"Food insecure, severe",48,
2019,Alberta,Persons not in an economic family,,Food secure,48,78.7
2019,Alberta,Persons not in an economic family,,Food insecure,48,21.3
2019,Alberta,Persons not in an economic family,,"Food insecure, marginal",48,5.2
2019,Alberta,Persons not in an economic family,,"Food insecure, moderate or severe",48,16.1
2019,Alberta,Persons not in an economic family,,"Food insecure, moderate",48,9.1
2019,Alberta,Persons not in an economic family,,"Food insecure, severe",48,7.0
2019,Alberta,Elderly persons not in an economic family,,Food secure,48,90.2
2019,Alberta,Elderly persons not in an economic family,,Food insecure,48,9.8
2019,Alberta,Elderly persons not in an economic family,,"Food insecure, marginal",48,
2019,Alberta,Elderly persons not in an economic family,,"Food insecure, moderate or severe",48,8.4
2019,Alberta,Elderly persons not in an economic family,,"Food insecure, moderate",48,
2019,Alberta,Elderly persons not in an economic family,,"Food insecure, severe",48,
2019,Alberta,Elderly males not in an economic family,,Food secure,48,88.0
2019,Alberta,Elderly males not in an economic family,,Food insecure,48,
2019,Alberta,Elderly males not in an economic family,,"Food insecure, marginal",48,
2019,Alberta,Elderly males not in an economic family,,"Food insecure, moderate or severe",48,
2019,Alberta,Elderly males not in an economic family,,"Food insecure, moderate",48,
2019,Alberta,Elderly males not in an economic family,,"Food insecure, severe",48,
2019,Alberta,Elderly females not in an economic family,,Food secure,48,91.0
2019,Alberta,Elderly females not in an economic family,,Food insecure,48,9.0
2019,Alberta,Elderly females not in an economic family,,"Food insecure, marginal",48,
2019,Alberta,Elderly females not in an economic family,,"Food insecure, moderate or severe",48,7.8
2019,Alberta,Elderly females not in an economic family,,"Food insecure, moderate",48,
2019,Alberta,Elderly females not in an economic family,,"Food insecure, severe",48,
2019,Alberta,Non-elderly persons not in an economic family,,Food secure,48,75.3
2019,Alberta,Non-elderly persons not in an economic family,,Food insecure,48,24.7
2019,Alberta,Non-elderly persons not in an economic family,,"Food insecure, marginal",48,6.3
2019,Alberta,Non-elderly persons not in an economic family,,"Food insecure, moderate or severe",48,18.4
2019,Alberta,Non-elderly persons not in an economic family,,"Food insecure, moderate",48,10.8
2019,Alberta,Non-elderly persons not in an economic family,,"Food insecure, severe",48,7.7
2019,Alberta,Non-elderly males not in an economic family,,Food secure,48,74.2
2019,Alberta,Non-elderly males not in an economic family,,Food insecure,48,25.8
2019,Alberta,Non-elderly males not in an economic family,,"Food insecure, marginal",48,
2019,Alberta,Non-elderly males not in an economic family,,"Food insecure, moderate or severe",48,19.4
2019,Alberta,Non-elderly males not in an economic family,,"Food insecure, moderate",48,11.6
2019,Alberta,Non-elderly males not in an economic family,,"Food insecure, severe",48,7.8
2019,Alberta,Non-elderly females not in an economic family,,Food secure,48,76.7
2019,Alberta,Non-elderly females not in an economic family,,Food insecure,48,23.3
2019,Alberta,Non-elderly females not in an economic family,,"Food insecure, marginal",48,
2019,Alberta,Non-elderly females not in an economic family,,"Food insecure, moderate or severe",48,17.2
2019,Alberta,Non-elderly females not in an economic family,,"Food insecure, moderate",48,9.7
2019,Alberta,Non-elderly females not in an economic family,,"Food insecure, severe",48,7.5
2019,British Columbia,All persons,,Food secure,59,83.8
2019,British Columbia,All persons,,Food insecure,59,16.2
2019,British Columbia,All persons,,"Food insecure, marginal",59,4.3
2019,British Columbia,All persons,,"Food insecure, moderate or severe",59,11.9
2019,British Columbia,All persons,,"Food insecure, moderate",59,8.4
2019,British Columbia,All persons,,"Food insecure, severe",59,3.5
2019,British Columbia,Persons in economic families,,Food secure,59,85.7
2019,British Columbia,Persons in economic families,,Food insecure,59,14.3
2019,British Columbia,Persons in economic families,,"Food insecure, marginal",59,4.2
2019,British Columbia,Persons in economic families,,"Food insecure, moderate or severe",59,10.1
2019,British Columbia,Persons in economic families,,"Food insecure, moderate",59,7.7
2019,British Columbia,Persons in economic families,,"Food insecure, severe",59,2.5
2019,British Columbia,Persons in elderly families,,Food secure,59,92.6
2019,British Columbia,Persons in elderly families,,Food insecure,59,7.4
2019,British Columbia,Persons in elderly families,,"Food insecure, marginal",59,
2019,British Columbia,Persons in elderly families,,"Food insecure, moderate or severe",59,
2019,British Columbia,Persons in elderly families,,"Food insecure, moderate",59,
2019,British Columbia,Persons in elderly families,,"Food insecure, severe",59,
2019,British Columbia,Persons in elderly couples,,Food secure,59,95.7
2019,British Columbia,Persons in elderly couples,,Food insecure,59,4.3
2019,British Columbia,Persons in elderly couples,,"Food insecure, marginal",59,
2019,British Columbia,Persons in elderly couples,,"Food insecure, moderate or severe",59,
2019,British Columbia,Persons in elderly couples,,"Food insecure, moderate",59,
2019,British Columbia,Persons in elderly couples,,"Food insecure, severe",59,
2019,British Columbia,Persons in other elderly families,,Food secure,59,85.4
2019,British Columbia,Persons in other elderly families,,Food insecure,59,
2019,British Columbia,Persons in other elderly families,,"Food insecure, marginal",59,
2019,British Columbia,Persons in other elderly families,,"Food insecure, moderate or severe",59,
2019,British Columbia,Persons in other elderly families,,"Food insecure, moderate",59,
2019,British Columbia,Persons in other elderly families,,"Food insecure, severe",59,
2019,British Columbia,Persons in non-elderly families,,Food secure,59,84.4
2019,British Columbia,Persons in non-elderly families,,Food insecure,59,15.6
2019,British Columbia,Persons in non-elderly families,,"Food insecure, marginal",59,4.5
2019,British Columbia,Persons in non-elderly families,,"Food insecure, moderate or severe",59,11.1
2019,British Columbia,Persons in non-elderly families,,"Food insecure, moderate",59,8.5
2019,British Columbia,Persons in non-elderly families,,"Food insecure, severe",59,2.6
2019,British Columbia,Persons in couples,,Food secure,59,90.7
2019,British Columbia,Persons in couples,,Food insecure,59,9.3
2019,British Columbia,Persons in couples,,"Food insecure, marginal",59,3.7
2019,British Columbia,Persons in couples,,"Food insecure, moderate or severe",59,5.6
2019,British Columbia,Persons in couples,,"Food insecure, moderate",59,4.2
2019,British Columbia,Persons in couples,,"Food insecure, severe",59,
2019,British Columbia,Persons in couple families with children,,Food secure,59,83.1
2019,British Columbia,Persons in couple families with children,,Food insecure,59,16.9
2019,British Columbia,Persons in couple families with children,,"Food insecure, marginal",59,5.9
2019,British Columbia,Persons in couple families with children,,"Food insecure, moderate or severe",59,10.9
2019,British Columbia,Persons in couple families with children,,"Food insecure, moderate",59,9.1
2019,British Columbia,Persons in couple families with children,,"Food insecure, severe",59,1.9
2019,British Columbia,Persons in couple families with other relatives,,Food secure,59,89.5
2019,British Columbia,Persons in couple families with other relatives,,Food insecure,59,10.5
2019,British Columbia,Persons in couple families with other relatives,,"Food insecure, marginal",59,
2019,British Columbia,Persons in couple families with other relatives,,"Food insecure, moderate or severe",59,8.2
2019,British Columbia,Persons in couple families with other relatives,,"Food insecure, moderate",59,
2019,British Columbia,Persons in couple families with other relatives,,"Food insecure, severe",59,
2019,British Columbia,Persons in lone-parent families,,Food secure,59,66.1
2019,British Columbia,Persons in lone-parent families,,Food insecure,59,33.9
2019,British Columbia,Persons in lone-parent families,,"Food insecure, marginal",59,
2019,British Columbia,Persons in lone-parent families,,"Food insecure, moderate or severe",59,29.5
2019,British Columbia,Persons in lone-parent families,,"Food insecure, moderate",59,19.2
2019,British Columbia,Persons in lone-parent families,,"Food insecure, severe",59,
2019,British Columbia,Persons in male lone-parent families,,Food secure,59,64.8
2019,British Columbia,Persons in male lone-parent families,,Food insecure,59,
2019,British Columbia,Persons in male lone-parent families,,"Food insecure, marginal",59,
2019,British Columbia,Persons in male lone-parent families,,"Food insecure, moderate or severe",59,
2019,British Columbia,Persons in male lone-parent families,,"Food insecure, moderate",59,
2019,British Columbia,Persons in male lone-parent families,,"Food insecure, severe",59,
2019,British Columbia,Persons in female lone-parent families,,Food secure,59,66.4
2019,British Columbia,Persons in female lone-parent families,,Food insecure,59,33.6
2019,British Columbia,Persons in female lone-parent families,,"Food insecure, marginal",59,
2019,British Columbia,Persons in female lone-parent families,,"Food insecure, moderate or severe",59,28.3
2019,British Columbia,Persons in female lone-parent families,,"Food insecure, moderate",59,17.3
2019,British Columbia,Persons in female lone-parent families,,"Food insecure, severe",59,
2019,British Columbia,Persons in other non-elderly families,,Food secure,59,80.7
2019,British Columbia,Persons in other non-elderly families,,Food insecure,59,19.3
2019,British Columbia,Persons in other non-elderly families,,"Food insecure, marginal",59,
2019,British Columbia,Persons in other non-elderly families,,"Food insecure, moderate or severe",59,
2019,British Columbia,Persons in other non-elderly families,,"Food insecure, moderate",59,
2019,British Columbia,Persons in other non-elderly families,,"Food insecure, severe",59,
2019,British Columbia,Persons not in an economic family,,Food secure,59,75.8
2019,British Columbia,Persons not in an economic family,,Food insecure,59,24.2
2019,British Columbia,Persons not in an economic family,,"Food insecure, marginal",59,4.8
2019,British Columbia,Persons not in an economic family,,"Food insecure, moderate or severe",59,19.4
2019,British Columbia,Persons not in an economic family,,"Food insecure, moderate",59,11.4
2019,British Columbia,Persons not in an economic family,,"Food insecure, severe",59,8.0
2019,British Columbia,Elderly persons not in an economic family,,Food secure,59,91.3
2019,British Columbia,Elderly persons not in an economic family,,Food insecure,59,8.7
2019,British Columbia,Elderly persons not in an economic family,,"Food insecure, marginal",59,
2019,British Columbia,Elderly persons not in an economic family,,"Food insecure, moderate or severe",59,7.3
2019,British Columbia,Elderly persons not in an economic family,,"Food insecure, moderate",59,6.0
2019,British Columbia,Elderly persons not in an economic family,,"Food insecure, severe",59,
2019,British Columbia,Elderly males not in an economic family,,Food secure,59,92.0
2019,British Columbia,Elderly males not in an economic family,,Food insecure,59,8.0
2019,British Columbia,Elderly males not in an economic family,,"Food insecure, marginal",59,
2019,British Columbia,Elderly males not in an economic family,,"Food insecure, moderate or severe",59,
2019,British Columbia,Elderly males not in an economic family,,"Food insecure, moderate",59,
2019,British Columbia,Elderly males not in an economic family,,"Food insecure, severe",59,
2019,British Columbia,Elderly females not in an economic family,,Food secure,59,90.8
2019,British Columbia,Elderly females not in an economic family,,Food insecure,59,9.2
2019,British Columbia,Elderly females not in an economic family,,"Food insecure, marginal",59,
2019,British Columbia,Elderly females not in an economic family,,"Food insecure, moderate or severe",59,7.9
2019,British Columbia,Elderly females not in an economic family,,"Food insecure, moderate",59,6.6
2019,British Columbia,Elderly females not in an economic family,,"Food insecure, severe",59,
2019,British Columbia,Non-elderly persons not in an economic family,,Food secure,59,70.1
2019,British Columbia,Non-elderly persons not in an economic family,,Food insecure,59,29.9
2019,British Columbia,Non-elderly persons not in an economic family,,"Food insecure, marginal",59,6.0
2019,British Columbia,Non-elderly persons not in an economic family,,"Food insecure, moderate or severe",59,23.9
2019,British Columbia,Non-elderly persons not in an economic family,,"Food insecure, moderate",59,13.4
2019,British Columbia,Non-elderly persons not in an economic family,,"Food insecure, severe",59,10.5
2019,British Columbia,Non-elderly males not in an economic family,,Food secure,59,71.1
2019,British Columbia,Non-elderly males not in an economic family,,Food insecure,59,28.9
2019,British Columbia,Non-elderly males not in an economic family,,"Food insecure, marginal",59,
2019,British Columbia,Non-elderly males not in an economic family,,"Food insecure, moderate or severe",59,22.6
2019,British Columbia,Non-elderly males not in an economic family,,"Food insecure, moderate",59,13.6
2019,British Columbia,Non-elderly males not in an economic family,,"Food insecure, severe",59,9.0
2019,British Columbia,Non-elderly females not in an economic family,,Food secure,59,69.1
2019,British Columbia,Non-elderly females not in an economic family,,Food insecure,59,30.9
2019,British Columbia,Non-elderly females not in an economic family,,"Food insecure, marginal",59,
2019,British Columbia,Non-elderly females not in an economic family,,"Food insecure, moderate or severe",59,25.3
2019,British Columbia,Non-elderly females not in an economic family,,"Food insecure, moderate",59,13.1
2019,British Columbia,Non-elderly females not in an economic family,,"Food insecure, severe",59,12.1
2020,Canada,All persons,,Food secure,,84.3
2020,Canada,All persons,,Food insecure,,15.7
2020,Canada,All persons,,"Food insecure, marginal",,4.6
2020,Canada,All persons,,"Food insecure, moderate",,7.6
2020,Canada,All persons,,"Food insecure, severe",,3.6
2020,Canada,Persons in economic families,,Food secure,,84.9
2020,Canada,Persons in economic families,,Food insecure,,15.1
2020,Canada,Persons in economic families,,"Food insecure, marginal",,4.6
2020,Canada,Persons in economic families,,"Food insecure, moderate or severe",,10.5
2020,Canada,Persons in economic families,,"Food insecure, moderate",,7.4
2020,Canada,Persons in economic families,,"Food insecure, severe",,3.1
2020,Canada,Persons in elderly families,,Food secure,,92.2
2020,Canada,Persons in elderly families,,Food insecure,,7.8
2020,Canada,Persons in elderly families,,"Food insecure, marginal",,2.9
2020,Canada,Persons in elderly families,,"Food insecure, moderate or severe",,4.9
2020,Canada,Persons in elderly families,,"Food insecure, moderate",,4.0
2020,Canada,Persons in elderly families,,"Food insecure, severe",,0.9
2020,Canada,Persons in elderly couples,,Food secure,,94.8
2020,Canada,Persons in elderly couples,,Food insecure,,5.2
2020,Canada,Persons in elderly couples,,"Food insecure, marginal",,1.9
2020,Canada,Persons in elderly couples,,"Food insecure, moderate or severe",,3.3
2020,Canada,Persons in elderly couples,,"Food insecure, moderate",,2.5
2020,Canada,Persons in elderly couples,,"Food insecure, severe",,0.8
2020,Canada,Persons in other elderly families,,Food secure,,86.1
2020,Canada,Persons in other elderly families,,Food insecure,,13.9
2020,Canada,Persons in other elderly families,,"Food insecure, marginal",,5.3
2020,Canada,Persons in other elderly families,,"Food insecure, moderate or severe",,8.6
2020,Canada,Persons in other elderly families,,"Food insecure, moderate",,7.3
2020,Canada,Persons in other elderly families,,"Food insecure, severe",,1.2
2020,Canada,Persons in non-elderly families,,Food secure,,83.6
2020,Canada,Persons in non-elderly families,,Food insecure,,16.4
2020,Canada,Persons in non-elderly families,,"Food insecure, marginal",,4.9
2020,Canada,Persons in non-elderly families,,"Food insecure, moderate or severe",,11.5
2020,Canada,Persons in non-elderly families,,"Food insecure, moderate",,8.0
2020,Canada,Persons in non-elderly families,,"Food insecure, severe",,3.5
2020,Canada,Persons in couples,,Food secure,,89.2
2020,Canada,Persons in couples,,Food insecure,,10.8
2020,Canada,Persons in couples,,"Food insecure, marginal",,3.2
2020,Canada,Persons in couples,,"Food insecure, moderate or severe",,7.6
2020,Canada,Persons in couples,,"Food insecure, moderate",,4.6
2020,Canada,Persons in couples,,"Food insecure, severe",,3.0
2020,Canada,Persons in couple families with children,,Food secure,,83.6
2020,Canada,Persons in couple families with children,,Food insecure,,16.4
2020,Canada,Persons in couple families with children,,"Food insecure, marginal",,5.8
2020,Canada,Persons in couple families with children,,"Food insecure, moderate or severe",,10.6
2020,Canada,Persons in couple families with children,,"Food insecure, moderate",,8.1
2020,Canada,Persons in couple families with children,,"Food insecure, severe",,2.5
2020,Canada,Persons in couple families with other relatives,,Food secure,,88.0
2020,Canada,Persons in couple families with other relatives,,Food insecure,,12.0
2020,Canada,Persons in couple families with other relatives,,"Food insecure, marginal",,3.5
2020,Canada,Persons in couple families with other relatives,,"Food insecure, moderate or severe",,8.5
2020,Canada,Persons in couple families with other relatives,,"Food insecure, moderate",,5.7
2020,Canada,Persons in couple families with other relatives,,"Food insecure, severe",,2.8
2020,Canada,Persons in lone-parent families,,Food secure,,66.3
2020,Canada,Persons in lone-parent families,,Food insecure,,33.7
2020,Canada,Persons in lone-parent families,,"Food insecure, marginal",,6.4
2020,Canada,Persons in lone-parent families,,"Food insecure, moderate or severe",,27.3
2020,Canada,Persons in lone-parent families,,"Food insecure, moderate",,16.8
2020,Canada,Persons in lone-parent families,,"Food insecure, severe",,10.5
2020,Canada,Persons in male lone-parent families,,Food secure,,79.0
2020,Canada,Persons in male lone-parent families,,Food insecure,,21.0
2020,Canada,Persons in male lone-parent families,,"Food insecure, marginal",,5.4
2020,Canada,Persons in male lone-parent families,,"Food insecure, moderate or severe",,15.7
2020,Canada,Persons in male lone-parent families,,"Food insecure, moderate",,12.2
2020,Canada,Persons in male lone-parent families,,"Food insecure, severe",,3.5
2020,Canada,Persons in female lone-parent families,,Food secure,,63.3
2020,Canada,Persons in female lone-parent families,,Food insecure,,36.7
2020,Canada,Persons in female lone-parent families,,"Food insecure, marginal",,6.6
2020,Canada,Persons in female lone-parent families,,"Food insecure, moderate or severe",,30.1
2020,Canada,Persons in female lone-parent families,,"Food insecure, moderate",,18.0
2020,Canada,Persons in female lone-parent families,,"Food insecure, severe",,12.1
2020,Canada,Persons in other non-elderly families,,Food secure,,79.3
2020,Canada,Persons in other non-elderly families,,Food insecure,,20.7
2020,Canada,Persons in other non-elderly families,,"Food insecure, marginal",,4.4
2020,Canada,Persons in other non-elderly families,,"Food insecure, moderate or severe",,16.3
2020,Canada,Persons in other non-elderly families,,"Food insecure, moderate",,10.5
2020,Canada,Persons in other non-elderly families,,"Food insecure, severe",,5.8
2020,Canada,Persons not in an economic family,,Food secure,,81.1
2020,Canada,Persons not in an economic family,,Food insecure,,18.9
2020,Canada,Persons not in an economic family,,"Food insecure, marginal",,4.4
2020,Canada,Persons not in an economic family,,"Food insecure, moderate or severe",,14.4
2020,Canada,Persons not in an economic family,,"Food insecure, moderate",,8.6
2020,Canada,Persons not in an economic family,,"Food insecure, severe",,5.8
2020,Canada,Elderly persons not in an economic family,,Food secure,,88.8
2020,Canada,Elderly persons not in an economic family,,Food insecure,,11.2
2020,Canada,Elderly persons not in an economic family,,"Food insecure, marginal",,3.5
2020,Canada,Elderly persons not in an economic family,,"Food insecure, moderate or severe",,7.8
2020,Canada,Elderly persons not in an economic family,,"Food insecure, moderate",,5.5
2020,Canada,Elderly persons not in an economic family,,"Food insecure, severe",,2.3
2020,Canada,Elderly males not in an economic family,,Food secure,,87.7
2020,Canada,Elderly males not in an economic family,,Food insecure,,12.3
2020,Canada,Elderly males not in an economic family,,"Food insecure, marginal",,4.1
2020,Canada,Elderly males not in an economic family,,"Food insecure, moderate or severe",,8.2
2020,Canada,Elderly males not in an economic family,,"Food insecure, moderate",,6.0
2020,Canada,Elderly males not in an economic family,,"Food insecure, severe",,2.1
2020,Canada,Elderly females not in an economic family,,Food secure,,89.3
2020,Canada,Elderly females not in an economic family,,Food insecure,,10.7
2020,Canada,Elderly females not in an economic family,,"Food insecure, marginal",,3.1
2020,Canada,Elderly females not in an economic family,,"Food insecure, moderate or severe",,7.6
2020,Canada,Elderly females not in an economic family,,"Food insecure, moderate",,5.1
2020,Canada,Elderly females not in an economic family,,"Food insecure, severe",,2.4
2020,Canada,Non-elderly persons not in an economic family,,Food secure,,77.6
2020,Canada,Non-elderly persons not in an economic family,,Food insecure,,22.4
2020,Canada,Non-elderly persons not in an economic family,,"Food insecure, marginal",,4.9
2020,Canada,Non-elderly persons not in an economic family,,"Food insecure, moderate or severe",,17.6
2020,Canada,Non-elderly persons not in an economic family,,"Food insecure, moderate",,10.1
2020,Canada,Non-elderly persons not in an economic family,,"Food insecure, severe",,7.4
2020,Canada,Non-elderly males not in an economic family,,Food secure,,78.9
2020,Canada,Non-elderly males not in an economic family,,Food insecure,,21.1
2020,Canada,Non-elderly males not in an economic family,,"Food insecure, marginal",,4.8
2020,Canada,Non-elderly males not in an economic family,,"Food insecure, moderate or severe",,16.3
2020,Canada,Non-elderly males not in an economic family,,"Food insecure, moderate",,9.4
2020,Canada,Non-elderly males not in an economic family,,"Food insecure, severe",,6.8
2020,Canada,Non-elderly females not in an economic family,,Food secure,,75.7
2020,Canada,Non-elderly females not in an economic family,,Food insecure,,24.3
2020,Canada,Non-elderly females not in an economic family,,"Food insecure, marginal",,5.0
2020,Canada,Non-elderly females not in an economic family,,"Food insecure, moderate or severe",,19.3
2020,Canada,Non-elderly females not in an economic family,,"Food insecure, moderate",,11.1
2020,Canada,Non-elderly females not in an economic family,,"Food insecure, severe",,8.2
2020,Atlantic provinces,All persons,,Food secure,,82.2
2020,Atlantic provinces,All persons,,Food insecure,,17.8
2020,Atlantic provinces,All persons,,"Food insecure, marginal",,5.2
2020,Atlantic provinces,All persons,,"Food insecure, moderate or severe",,12.6
2020,Atlantic provinces,All persons,,"Food insecure, moderate",,7.9
2020,Atlantic provinces,All persons,,"Food insecure, severe",,4.7
2020,Atlantic provinces,Persons in economic families,,Food secure,,83.0
2020,Atlantic provinces,Persons in economic families,,Food insecure,,17.0
2020,Atlantic provinces,Persons in economic families,,"Food insecure, marginal",,5.3
2020,Atlantic provinces,Persons in economic families,,"Food insecure, moderate or severe",,11.7
2020,Atlantic provinces,Persons in economic families,,"Food insecure, moderate",,7.6
2020,Atlantic provinces,Persons in economic families,,"Food insecure, severe",,4.1
2020,Atlantic provinces,Persons in elderly families,,Food secure,,91.0
2020,Atlantic provinces,Persons in elderly families,,Food insecure,,9.0
2020,Atlantic provinces,Persons in elderly families,,"Food insecure, marginal",,3.7
2020,Atlantic provinces,Persons in elderly families,,"Food insecure, moderate or severe",,5.3
2020,Atlantic provinces,Persons in elderly families,,"Food insecure, moderate",,4.4
2020,Atlantic provinces,Persons in elderly families,,"Food insecure, severe",,0.9
2020,Atlantic provinces,Persons in elderly couples,,Food secure,,92.7
2020,Atlantic provinces,Persons in elderly couples,,Food insecure,,7.3
2020,Atlantic provinces,Persons in elderly couples,,"Food insecure, marginal",,3.1
2020,Atlantic provinces,Persons in elderly couples,,"Food insecure, moderate or severe",,4.2
2020,Atlantic provinces,Persons in elderly couples,,"Food insecure, moderate",,3.3
2020,Atlantic provinces,Persons in elderly couples,,"Food insecure, severe",,1.0
2020,Atlantic provinces,Persons in other elderly families,,Food secure,,86.1
2020,Atlantic provinces,Persons in other elderly families,,Food insecure,,13.9
2020,Atlantic provinces,Persons in other elderly families,,"Food insecure, marginal",,5.4
2020,Atlantic provinces,Persons in other elderly families,,"Food insecure, moderate or severe",,8.5
2020,Atlantic provinces,Persons in other elderly families,,"Food insecure, moderate",,7.8
2020,Atlantic provinces,Persons in other elderly families,,"Food insecure, severe",,
2020,Atlantic provinces,Persons in non-elderly families,,Food secure,,81.1
2020,Atlantic provinces,Persons in non-elderly families,,Food insecure,,18.9
2020,Atlantic provinces,Persons in non-elderly families,,"Food insecure, marginal",,5.7
2020,Atlantic provinces,Persons in non-elderly families,,"Food insecure, moderate or severe",,13.2
2020,Atlantic provinces,Persons in non-elderly families,,"Food insecure, moderate",,8.3
2020,Atlantic provinces,Persons in non-elderly families,,"Food insecure, severe",,4.8
2020,Atlantic provinces,Persons in couples,,Food secure,,87.8
2020,Atlantic provinces,Persons in couples,,Food insecure,,12.2
2020,Atlantic provinces,Persons in couples,,"Food insecure, marginal",,4.1
2020,Atlantic provinces,Persons in couples,,"Food insecure, moderate or severe",,8.2
2020,Atlantic provinces,Persons in couples,,"Food insecure, moderate",,5.3
2020,Atlantic provinces,Persons in couples,,"Food insecure, severe",,2.9
2020,Atlantic provinces,Persons in couple families with children,,Food secure,,80.0
2020,Atlantic provinces,Persons in couple families with children,,Food insecure,,20.0
2020,Atlantic provinces,Persons in couple families with children,,"Food insecure, marginal",,6.4
2020,Atlantic provinces,Persons in couple families with children,,"Food insecure, moderate or severe",,13.6
2020,Atlantic provinces,Persons in couple families with children,,"Food insecure, moderate",,9.7
2020,Atlantic provinces,Persons in couple families with children,,"Food insecure, severe",,3.9
2020,Atlantic provinces,Persons in couple families with other relatives,,Food secure,,91.4
2020,Atlantic provinces,Persons in couple families with other relatives,,Food insecure,,8.6
2020,Atlantic provinces,Persons in couple families with other relatives,,"Food insecure, marginal",,3.6
2020,Atlantic provinces,Persons in couple families with other relatives,,"Food insecure, moderate or severe",,5.0
2020,Atlantic provinces,Persons in couple families with other relatives,,"Food insecure, moderate",,3.5
2020,Atlantic provinces,Persons in couple families with other relatives,,"Food insecure, severe",,1.6
2020,Atlantic provinces,Persons in lone-parent families,,Food secure,,56.0
2020,Atlantic provinces,Persons in lone-parent families,,Food insecure,,44.0
2020,Atlantic provinces,Persons in lone-parent families,,"Food insecure, marginal",,9.8
2020,Atlantic provinces,Persons in lone-parent families,,"Food insecure, moderate or severe",,34.2
2020,Atlantic provinces,Persons in lone-parent families,,"Food insecure, moderate",,16.7
2020,Atlantic provinces,Persons in lone-parent families,,"Food insecure, severe",,17.5
2020,Atlantic provinces,Persons in male lone-parent families,,Food secure,,64.1
2020,Atlantic provinces,Persons in male lone-parent families,,Food insecure,,35.9
2020,Atlantic provinces,Persons in male lone-parent families,,"Food insecure, marginal",,
2020,Atlantic provinces,Persons in male lone-parent families,,"Food insecure, moderate or severe",,25.1
2020,Atlantic provinces,Persons in male lone-parent families,,"Food insecure, moderate",,
2020,Atlantic provinces,Persons in male lone-parent families,,"Food insecure, severe",,
2020,Atlantic provinces,Persons in female lone-parent families,,Food secure,,54.2
2020,Atlantic provinces,Persons in female lone-parent families,,Food insecure,,45.8
2020,Atlantic provinces,Persons in female lone-parent families,,"Food insecure, marginal",,9.6
2020,Atlantic provinces,Persons in female lone-parent families,,"Food insecure, moderate or severe",,36.2
2020,Atlantic provinces,Persons in female lone-parent families,,"Food insecure, moderate",,17.7
2020,Atlantic provinces,Persons in female lone-parent families,,"Food insecure, severe",,18.5
2020,Atlantic provinces,Persons in other non-elderly families,,Food secure,,77.1
2020,Atlantic provinces,Persons in other non-elderly families,,Food insecure,,22.9
2020,Atlantic provinces,Persons in other non-elderly families,,"Food insecure, marginal",,6.2
2020,Atlantic provinces,Persons in other non-elderly families,,"Food insecure, moderate or severe",,16.7
2020,Atlantic provinces,Persons in other non-elderly families,,"Food insecure, moderate",,9.3
2020,Atlantic provinces,Persons in other non-elderly families,,"Food insecure, severe",,7.4
2020,Atlantic provinces,Persons not in an economic family,,Food secure,,78.7
2020,Atlantic provinces,Persons not in an economic family,,Food insecure,,21.3
2020,Atlantic provinces,Persons not in an economic family,,"Food insecure, marginal",,4.4
2020,Atlantic provinces,Persons not in an economic family,,"Food insecure, moderate or severe",,17.0
2020,Atlantic provinces,Persons not in an economic family,,"Food insecure, moderate",,9.2
2020,Atlantic provinces,Persons not in an economic family,,"Food insecure, severe",,7.8
2020,Atlantic provinces,Elderly persons not in an economic family,,Food secure,,86.3
2020,Atlantic provinces,Elderly persons not in an economic family,,Food insecure,,13.7
2020,Atlantic provinces,Elderly persons not in an economic family,,"Food insecure, marginal",,4.3
2020,Atlantic provinces,Elderly persons not in an economic family,,"Food insecure, moderate or severe",,9.5
2020,Atlantic provinces,Elderly persons not in an economic family,,"Food insecure, moderate",,6.4
2020,Atlantic provinces,Elderly persons not in an economic family,,"Food insecure, severe",,3.0
2020,Atlantic provinces,Elderly males not in an economic family,,Food secure,,85.5
2020,Atlantic provinces,Elderly males not in an economic family,,Food insecure,,14.5
2020,Atlantic provinces,Elderly males not in an economic family,,"Food insecure, marginal",,3.8
2020,Atlantic provinces,Elderly males not in an economic family,,"Food insecure, moderate or severe",,10.6
2020,Atlantic provinces,Elderly males not in an economic family,,"Food insecure, moderate",,7.7
2020,Atlantic provinces,Elderly males not in an economic family,,"Food insecure, severe",,2.9
2020,Atlantic provinces,Elderly females not in an economic family,,Food secure,,86.7
2020,Atlantic provinces,Elderly females not in an economic family,,Food insecure,,13.3
2020,Atlantic provinces,Elderly females not in an economic family,,"Food insecure, marginal",,4.5
2020,Atlantic provinces,Elderly females not in an economic family,,"Food insecure, moderate or severe",,8.8
2020,Atlantic provinces,Elderly females not in an economic family,,"Food insecure, moderate",,5.7
2020,Atlantic provinces,Elderly females not in an economic family,,"Food insecure, severe",,3.1
2020,Atlantic provinces,Non-elderly persons not in an economic family,,Food secure,,74.2
2020,Atlantic provinces,Non-elderly persons not in an economic family,,Food insecure,,25.8
2020,Atlantic provinces,Non-elderly persons not in an economic family,,"Food insecure, marginal",,4.4
2020,Atlantic provinces,Non-elderly persons not in an economic family,,"Food insecure, moderate or severe",,21.3
2020,Atlantic provinces,Non-elderly persons not in an economic family,,"Food insecure, moderate",,10.8
2020,Atlantic provinces,Non-elderly persons not in an economic family,,"Food insecure, severe",,10.5
2020,Atlantic provinces,Non-elderly males not in an economic family,,Food secure,,76.5
2020,Atlantic provinces,Non-elderly males not in an economic family,,Food insecure,,23.5
2020,Atlantic provinces,Non-elderly males not in an economic family,,"Food insecure, marginal",,5.3
2020,Atlantic provinces,Non-elderly males not in an economic family,,"Food insecure, moderate or severe",,18.2
2020,Atlantic provinces,Non-elderly males not in an economic family,,"Food insecure, moderate",,9.2
2020,Atlantic provinces,Non-elderly males not in an economic family,,"Food insecure, severe",,9.0
2020,Atlantic provinces,Non-elderly females not in an economic family,,Food secure,,71.7
2020,Atlantic provinces,Non-elderly females not in an economic family,,Food insecure,,28.3
2020,Atlantic provinces,Non-elderly females not in an economic family,,"Food insecure, marginal",,3.5
2020,Atlantic provinces,Non-elderly females not in an economic family,,"Food insecure, moderate or severe",,24.8
2020,Atlantic provinces,Non-elderly females not in an economic family,,"Food insecure, moderate",,12.7
2020,Atlantic provinces,Non-elderly females not in an economic family,,"Food insecure, severe",,12.1
2020,Newfoundland and Labrador,All persons,,Food secure,10,82.5
2020,Newfoundland and Labrador,All persons,,Food insecure,10,17.5
2020,Newfoundland and Labrador,All persons,,"Food insecure, marginal",10,4.9
2020,Newfoundland and Labrador,All persons,,"Food insecure, moderate or severe",10,12.6
2020,Newfoundland and Labrador,All persons,,"Food insecure, moderate",10,9.1
2020,Newfoundland and Labrador,All persons,,"Food insecure, severe",10,3.5
2020,Newfoundland and Labrador,Persons in economic families,,Food secure,10,83.5
2020,Newfoundland and Labrador,Persons in economic families,,Food insecure,10,16.5
2020,Newfoundland and Labrador,Persons in economic families,,"Food insecure, marginal",10,5.0
2020,Newfoundland and Labrador,Persons in economic families,,"Food insecure, moderate or severe",10,11.5
2020,Newfoundland and Labrador,Persons in economic families,,"Food insecure, moderate",10,8.9
2020,Newfoundland and Labrador,Persons in economic families,,"Food insecure, severe",10,2.6
2020,Newfoundland and Labrador,Persons in elderly families,,Food secure,10,90.3
2020,Newfoundland and Labrador,Persons in elderly families,,Food insecure,10,9.7
2020,Newfoundland and Labrador,Persons in elderly families,,"Food insecure, marginal",10,5.0
2020,Newfoundland and Labrador,Persons in elderly families,,"Food insecure, moderate or severe",10,4.7
2020,Newfoundland and Labrador,Persons in elderly families,,"Food insecure, moderate",10,4.4
2020,Newfoundland and Labrador,Persons in elderly families,,"Food insecure, severe",10,
2020,Newfoundland and Labrador,Persons in elderly couples,,Food secure,10,91.8
2020,Newfoundland and Labrador,Persons in elderly couples,,Food insecure,10,8.2
2020,Newfoundland and Labrador,Persons in elderly couples,,"Food insecure, marginal",10,3.6
2020,Newfoundland and Labrador,Persons in elderly couples,,"Food insecure, moderate or severe",10,4.6
2020,Newfoundland and Labrador,Persons in elderly couples,,"Food insecure, moderate",10,
2020,Newfoundland and Labrador,Persons in elderly couples,,"Food insecure, severe",10,
2020,Newfoundland and Labrador,Persons in other elderly families,,Food secure,10,85.9
2020,Newfoundland and Labrador,Persons in other elderly families,,Food insecure,10,
2020,Newfoundland and Labrador,Persons in other elderly families,,"Food insecure, marginal",10,
2020,Newfoundland and Labrador,Persons in other elderly families,,"Food insecure, moderate or severe",10,
2020,Newfoundland and Labrador,Persons in other elderly families,,"Food insecure, moderate",10,
2020,Newfoundland and Labrador,Persons in other elderly families,,"Food insecure, severe",10,
2020,Newfoundland and Labrador,Persons in non-elderly families,,Food secure,10,81.8
2020,Newfoundland and Labrador,Persons in non-elderly families,,Food insecure,10,18.2
2020,Newfoundland and Labrador,Persons in non-elderly families,,"Food insecure, marginal",10,4.9
2020,Newfoundland and Labrador,Persons in non-elderly families,,"Food insecure, moderate or severe",10,13.2
2020,Newfoundland and Labrador,Persons in non-elderly families,,"Food insecure, moderate",10,10.1
2020,Newfoundland and Labrador,Persons in non-elderly families,,"Food insecure, severe",10,3.2
2020,Newfoundland and Labrador,Persons in couples,,Food secure,10,92.5
2020,Newfoundland and Labrador,Persons in couples,,Food insecure,10,7.5
2020,Newfoundland and Labrador,Persons in couples,,"Food insecure, marginal",10,3.7
2020,Newfoundland and Labrador,Persons in couples,,"Food insecure, moderate or severe",10,3.8
2020,Newfoundland and Labrador,Persons in couples,,"Food insecure, moderate",10,
2020,Newfoundland and Labrador,Persons in couples,,"Food insecure, severe",10,
2020,Newfoundland and Labrador,Persons in couple families with children,,Food secure,10,77.9
2020,Newfoundland and Labrador,Persons in couple families with children,,Food insecure,10,22.1
2020,Newfoundland and Labrador,Persons in couple families with children,,"Food insecure, marginal",10,5.8
2020,Newfoundland and Labrador,Persons in couple families with children,,"Food insecure, moderate or severe",10,16.4
2020,Newfoundland and Labrador,Persons in couple families with children,,"Food insecure, moderate",10,13.7
2020,Newfoundland and Labrador,Persons in couple families with children,,"Food insecure, severe",10,
2020,Newfoundland and Labrador,Persons in couple families with other relatives,,Food secure,10,92.3
2020,Newfoundland and Labrador,Persons in couple families with other relatives,,Food insecure,10,7.7
2020,Newfoundland and Labrador,Persons in couple families with other relatives,,"Food insecure, marginal",10,
2020,Newfoundland and Labrador,Persons in couple families with other relatives,,"Food insecure, moderate or severe",10,
2020,Newfoundland and Labrador,Persons in couple families with other relatives,,"Food insecure, moderate",10,
2020,Newfoundland and Labrador,Persons in couple families with other relatives,,"Food insecure, severe",10,
2020,Newfoundland and Labrador,Persons in lone-parent families,,Food secure,10,51.8
2020,Newfoundland and Labrador,Persons in lone-parent families,,Food insecure,10,48.2
2020,Newfoundland and Labrador,Persons in lone-parent families,,"Food insecure, marginal",10,
2020,Newfoundland and Labrador,Persons in lone-parent families,,"Food insecure, moderate or severe",10,35.1
2020,Newfoundland and Labrador,Persons in lone-parent families,,"Food insecure, moderate",10,19.6
2020,Newfoundland and Labrador,Persons in lone-parent families,,"Food insecure, severe",10,15.5
2020,Newfoundland and Labrador,Persons in male lone-parent families,,Food secure,10,81.5
2020,Newfoundland and Labrador,Persons in male lone-parent families,,Food insecure,10,
2020,Newfoundland and Labrador,Persons in male lone-parent families,,"Food insecure, marginal",10,
2020,Newfoundland and Labrador,Persons in male lone-parent families,,"Food insecure, moderate or severe",10,
2020,Newfoundland and Labrador,Persons in male lone-parent families,,"Food insecure, moderate",10,
2020,Newfoundland and Labrador,Persons in male lone-parent families,,"Food insecure, severe",10,
2020,Newfoundland and Labrador,Persons in female lone-parent families,,Food secure,10,45.8
2020,Newfoundland and Labrador,Persons in female lone-parent families,,Food insecure,10,54.2
2020,Newfoundland and Labrador,Persons in female lone-parent families,,"Food insecure, marginal",10,
2020,Newfoundland and Labrador,Persons in female lone-parent families,,"Food insecure, moderate or severe",10,39.2
2020,Newfoundland and Labrador,Persons in female lone-parent families,,"Food insecure, moderate",10,20.6
2020,Newfoundland and Labrador,Persons in female lone-parent families,,"Food insecure, severe",10,18.6
2020,Newfoundland and Labrador,Persons in other non-elderly families,,Food secure,10,83.0
2020,Newfoundland and Labrador,Persons in other non-elderly families,,Food insecure,10,17.0
2020,Newfoundland and Labrador,Persons in other non-elderly families,,"Food insecure, marginal",10,
2020,Newfoundland and Labrador,Persons in other non-elderly families,,"Food insecure, moderate or severe",10,14.6
2020,Newfoundland and Labrador,Persons in other non-elderly families,,"Food insecure, moderate",10,
2020,Newfoundland and Labrador,Persons in other non-elderly families,,"Food insecure, severe",10,
2020,Newfoundland and Labrador,Persons not in an economic family,,Food secure,10,77.2
2020,Newfoundland and Labrador,Persons not in an economic family,,Food insecure,10,22.8
2020,Newfoundland and Labrador,Persons not in an economic family,,"Food insecure, marginal",10,4.6
2020,Newfoundland and Labrador,Persons not in an economic family,,"Food insecure, moderate or severe",10,18.2
2020,Newfoundland and Labrador,Persons not in an economic family,,"Food insecure, moderate",10,10.0
2020,Newfoundland and Labrador,Persons not in an economic family,,"Food insecure, severe",10,8.2
2020,Newfoundland and Labrador,Elderly persons not in an economic family,,Food secure,10,84.9
2020,Newfoundland and Labrador,Elderly persons not in an economic family,,Food insecure,10,15.1
2020,Newfoundland and Labrador,Elderly persons not in an economic family,,"Food insecure, marginal",10,
2020,Newfoundland and Labrador,Elderly persons not in an economic family,,"Food insecure, moderate or severe",10,11.1
2020,Newfoundland and Labrador,Elderly persons not in an economic family,,"Food insecure, moderate",10,5.5
2020,Newfoundland and Labrador,Elderly persons not in an economic family,,"Food insecure, severe",10,
2020,Newfoundland and Labrador,Elderly males not in an economic family,,Food secure,10,88.0
2020,Newfoundland and Labrador,Elderly males not in an economic family,,Food insecure,10,
2020,Newfoundland and Labrador,Elderly males not in an economic family,,"Food insecure, marginal",10,
2020,Newfoundland and Labrador,Elderly males not in an economic family,,"Food insecure, moderate or severe",10,
2020,Newfoundland and Labrador,Elderly males not in an economic family,,"Food insecure, moderate",10,
2020,Newfoundland and Labrador,Elderly males not in an economic family,,"Food insecure, severe",10,
2020,Newfoundland and Labrador,Elderly females not in an economic family,,Food secure,10,83.2
2020,Newfoundland and Labrador,Elderly females not in an economic family,,Food insecure,10,16.8
2020,Newfoundland and Labrador,Elderly females not in an economic family,,"Food insecure, marginal",10,
2020,Newfoundland and Labrador,Elderly females not in an economic family,,"Food insecure, moderate or severe",10,12.6
2020,Newfoundland and Labrador,Elderly females not in an economic family,,"Food insecure, moderate",10,
2020,Newfoundland and Labrador,Elderly females not in an economic family,,"Food insecure, severe",10,
2020,Newfoundland and Labrador,Non-elderly persons not in an economic family,,Food secure,10,71.8
2020,Newfoundland and Labrador,Non-elderly persons not in an economic family,,Food insecure,10,28.2
2020,Newfoundland and Labrador,Non-elderly persons not in an economic family,,"Food insecure, marginal",10,5.1
2020,Newfoundland and Labrador,Non-elderly persons not in an economic family,,"Food insecure, moderate or severe",10,23.1
2020,Newfoundland and Labrador,Non-elderly persons not in an economic family,,"Food insecure, moderate",10,13.1
2020,Newfoundland and Labrador,Non-elderly persons not in an economic family,,"Food insecure, severe",10,10.0
2020,Newfoundland and Labrador,Non-elderly males not in an economic family,,Food secure,10,75.4
2020,Newfoundland and Labrador,Non-elderly males not in an economic family,,Food insecure,10,24.6
2020,Newfoundland and Labrador,Non-elderly males not in an economic family,,"Food insecure, marginal",10,
2020,Newfoundland and Labrador,Non-elderly males not in an economic family,,"Food insecure, moderate or severe",10,17.4
2020,Newfoundland and Labrador,Non-elderly males not in an economic family,,"Food insecure, moderate",10,8.6
2020,Newfoundland and Labrador,Non-elderly males not in an economic family,,"Food insecure, severe",10,8.7
2020,Newfoundland and Labrador,Non-elderly females not in an economic family,,Food secure,10,66.9
2020,Newfoundland and Labrador,Non-elderly females not in an economic family,,Food insecure,10,33.1
2020,Newfoundland and Labrador,Non-elderly females not in an economic family,,"Food insecure, marginal",10,
2020,Newfoundland and Labrador,Non-elderly females not in an economic family,,"Food insecure, moderate or severe",10,31.1
2020,Newfoundland and Labrador,Non-elderly females not in an economic family,,"Food insecure, moderate",10,19.4
2020,Newfoundland and Labrador,Non-elderly females not in an economic family,,"Food insecure, severe",10,11.7
2020,Prince Edward Island,All persons,,Food secure,11,83.5
2020,Prince Edward Island,All persons,,Food insecure,11,16.5
2020,Prince Edward Island,All persons,,"Food insecure, marginal",11,5.7
2020,Prince Edward Island,All persons,,"Food insecure, moderate or severe",11,10.7
2020,Prince Edward Island,All persons,,"Food insecure, moderate",11,6.3
2020,Prince Edward Island,All persons,,"Food insecure, severe",11,4.4
2020,Prince Edward Island,Persons in economic families,,Food secure,11,83.8
2020,Prince Edward Island,Persons in economic families,,Food insecure,11,16.2
2020,Prince Edward Island,Persons in economic families,,"Food insecure, marginal",11,5.8
2020,Prince Edward Island,Persons in economic families,,"Food insecure, moderate or severe",11,10.3
2020,Prince Edward Island,Persons in economic families,,"Food insecure, moderate",11,6.3
2020,Prince Edward Island,Persons in economic families,,"Food insecure, severe",11,4.1
2020,Prince Edward Island,Persons in elderly families,,Food secure,11,93.5
2020,Prince Edward Island,Persons in elderly families,,Food insecure,11,6.5
2020,Prince Edward Island,Persons in elderly families,,"Food insecure, marginal",11,3.2
2020,Prince Edward Island,Persons in elderly families,,"Food insecure, moderate or severe",11,
2020,Prince Edward Island,Persons in elderly families,,"Food insecure, moderate",11,
2020,Prince Edward Island,Persons in elderly families,,"Food insecure, severe",11,
2020,Prince Edward Island,Persons in elderly couples,,Food secure,11,94.9
2020,Prince Edward Island,Persons in elderly couples,,Food insecure,11,5.1
2020,Prince Edward Island,Persons in elderly couples,,"Food insecure, marginal",11,
2020,Prince Edward Island,Persons in elderly couples,,"Food insecure, moderate or severe",11,
2020,Prince Edward Island,Persons in elderly couples,,"Food insecure, moderate",11,
2020,Prince Edward Island,Persons in elderly couples,,"Food insecure, severe",11,
2020,Prince Edward Island,Persons in other elderly families,,Food secure,11,89.7
2020,Prince Edward Island,Persons in other elderly families,,Food insecure,11,
2020,Prince Edward Island,Persons in other elderly families,,"Food insecure, marginal",11,
2020,Prince Edward Island,Persons in other elderly families,,"Food insecure, moderate or severe",11,
2020,Prince Edward Island,Persons in other elderly families,,"Food insecure, moderate",11,
2020,Prince Edward Island,Persons in other elderly families,,"Food insecure, severe",11,
2020,Prince Edward Island,Persons in non-elderly families,,Food secure,11,81.7
2020,Prince Edward Island,Persons in non-elderly families,,Food insecure,11,18.3
2020,Prince Edward Island,Persons in non-elderly families,,"Food insecure, marginal",11,6.4
2020,Prince Edward Island,Persons in non-elderly families,,"Food insecure, moderate or severe",11,11.9
2020,Prince Edward Island,Persons in non-elderly families,,"Food insecure, moderate",11,7.2
2020,Prince Edward Island,Persons in non-elderly families,,"Food insecure, severe",11,4.7
2020,Prince Edward Island,Persons in couples,,Food secure,11,92.3
2020,Prince Edward Island,Persons in couples,,Food insecure,11,7.7
2020,Prince Edward Island,Persons in couples,,"Food insecure, marginal",11,5.7
2020,Prince Edward Island,Persons in couples,,"Food insecure, moderate or severe",11,
2020,Prince Edward Island,Persons in couples,,"Food insecure, moderate",11,
2020,Prince Edward Island,Persons in couples,,"Food insecure, severe",11,
2020,Prince Edward Island,Persons in couple families with children,,Food secure,11,78.3
2020,Prince Edward Island,Persons in couple families with children,,Food insecure,11,21.7
2020,Prince Edward Island,Persons in couple families with children,,"Food insecure, marginal",11,
2020,Prince Edward Island,Persons in couple families with children,,"Food insecure, moderate or severe",11,14.5
2020,Prince Edward Island,Persons in couple families with children,,"Food insecure, moderate",11,9.8
2020,Prince Edward Island,Persons in couple families with children,,"Food insecure, severe",11,
2020,Prince Edward Island,Persons in couple families with other relatives,,Food secure,11,91.3
2020,Prince Edward Island,Persons in couple families with other relatives,,Food insecure,11,
2020,Prince Edward Island,Persons in couple families with other relatives,,"Food insecure, marginal",11,
2020,Prince Edward Island,Persons in couple families with other relatives,,"Food insecure, moderate or severe",11,
2020,Prince Edward Island,Persons in couple families with other relatives,,"Food insecure, moderate",11,
2020,Prince Edward Island,Persons in couple families with other relatives,,"Food insecure, severe",11,
2020,Prince Edward Island,Persons in lone-parent families,,Food secure,11,63.1
2020,Prince Edward Island,Persons in lone-parent families,,Food insecure,11,36.9
2020,Prince Edward Island,Persons in lone-parent families,,"Food insecure, marginal",11,
2020,Prince Edward Island,Persons in lone-parent families,,"Food insecure, moderate or severe",11,32.7
2020,Prince Edward Island,Persons in lone-parent families,,"Food insecure, moderate",11,
2020,Prince Edward Island,Persons in lone-parent families,,"Food insecure, severe",11,
2020,Prince Edward Island,Persons in male lone-parent families,,Food secure,11,85.2
2020,Prince Edward Island,Persons in male lone-parent families,,Food insecure,11,
2020,Prince Edward Island,Persons in male lone-parent families,,"Food insecure, marginal",11,
2020,Prince Edward Island,Persons in male lone-parent families,,"Food insecure, moderate or severe",11,
2020,Prince Edward Island,Persons in male lone-parent families,,"Food insecure, moderate",11,
2020,Prince Edward Island,Persons in male lone-parent families,,"Food insecure, severe",11,
2020,Prince Edward Island,Persons in female lone-parent families,,Food secure,11,58.4
2020,Prince Edward Island,Persons in female lone-parent families,,Food insecure,11,41.6
2020,Prince Edward Island,Persons in female lone-parent families,,"Food insecure, marginal",11,
2020,Prince Edward Island,Persons in female lone-parent families,,"Food insecure, moderate or severe",11,38.5
2020,Prince Edward Island,Persons in female lone-parent families,,"Food insecure, moderate",11,
2020,Prince Edward Island,Persons in female lone-parent families,,"Food insecure, severe",11,
2020,Prince Edward Island,Persons in other non-elderly families,,Food secure,11,78.2
2020,Prince Edward Island,Persons in other non-elderly families,,Food insecure,11,21.8
2020,Prince Edward Island,Persons in other non-elderly families,,"Food insecure, marginal",11,
2020,Prince Edward Island,Persons in other non-elderly families,,"Food insecure, moderate or severe",11,16.6
2020,Prince Edward Island,Persons in other non-elderly families,,"Food insecure, moderate",11,
2020,Prince Edward Island,Persons in other non-elderly families,,"Food insecure, severe",11,
2020,Prince Edward Island,Persons not in an economic family,,Food secure,11,82.0
2020,Prince Edward Island,Persons not in an economic family,,Food insecure,11,18.0
2020,Prince Edward Island,Persons not in an economic family,,"Food insecure, marginal",11,5.4
2020,Prince Edward Island,Persons not in an economic family,,"Food insecure, moderate or severe",11,12.6
2020,Prince Edward Island,Persons not in an economic family,,"Food insecure, moderate",11,6.5
2020,Prince Edward Island,Persons not in an economic family,,"Food insecure, severe",11,6.1
2020,Prince Edward Island,Elderly persons not in an economic family,,Food secure,11,86.2
2020,Prince Edward Island,Elderly persons not in an economic family,,Food insecure,11,13.8
2020,Prince Edward Island,Elderly persons not in an economic family,,"Food insecure, marginal",11,
2020,Prince Edward Island,Elderly persons not in an economic family,,"Food insecure, moderate or severe",11,10.3
2020,Prince Edward Island,Elderly persons not in an economic family,,"Food insecure, moderate",11,7.1
2020,Prince Edward Island,Elderly persons not in an economic family,,"Food insecure, severe",11,
2020,Prince Edward Island,Elderly males not in an economic family,,Food secure,11,80.6
2020,Prince Edward Island,Elderly males not in an economic family,,Food insecure,11,19.4
2020,Prince Edward Island,Elderly males not in an economic family,,"Food insecure, marginal",11,
2020,Prince Edward Island,Elderly males not in an economic family,,"Food insecure, moderate or severe",11,
2020,Prince Edward Island,Elderly males not in an economic family,,"Food insecure, moderate",11,
2020,Prince Edward Island,Elderly males not in an economic family,,"Food insecure, severe",11,
2020,Prince Edward Island,Elderly females not in an economic family,,Food secure,11,89.1
2020,Prince Edward Island,Elderly females not in an economic family,,Food insecure,11,10.9
2020,Prince Edward Island,Elderly females not in an economic family,,"Food insecure, marginal",11,
2020,Prince Edward Island,Elderly females not in an economic family,,"Food insecure, moderate or severe",11,8.2
2020,Prince Edward Island,Elderly females not in an economic family,,"Food insecure, moderate",11,
2020,Prince Edward Island,Elderly females not in an economic family,,"Food insecure, severe",11,
2020,Prince Edward Island,Non-elderly persons not in an economic family,,Food secure,11,79.9
2020,Prince Edward Island,Non-elderly persons not in an economic family,,Food insecure,11,20.1
2020,Prince Edward Island,Non-elderly persons not in an economic family,,"Food insecure, marginal",11,6.3
2020,Prince Edward Island,Non-elderly persons not in an economic family,,"Food insecure, moderate or severe",11,13.8
2020,Prince Edward Island,Non-elderly persons not in an economic family,,"Food insecure, moderate",11,
2020,Prince Edward Island,Non-elderly persons not in an economic family,,"Food insecure, severe",11,7.5
2020,Prince Edward Island,Non-elderly males not in an economic family,,Food secure,11,81.5
2020,Prince Edward Island,Non-elderly males not in an economic family,,Food insecure,11,18.5
2020,Prince Edward Island,Non-elderly males not in an economic family,,"Food insecure, marginal",11,
2020,Prince Edward Island,Non-elderly males not in an economic family,,"Food insecure, moderate or severe",11,10.7
2020,Prince Edward Island,Non-elderly males not in an economic family,,"Food insecure, moderate",11,
2020,Prince Edward Island,Non-elderly males not in an economic family,,"Food insecure, severe",11,
2020,Prince Edward Island,Non-elderly females not in an economic family,,Food secure,11,78.1
2020,Prince Edward Island,Non-elderly females not in an economic family,,Food insecure,11,21.9
2020,Prince Edward Island,Non-elderly females not in an economic family,,"Food insecure, marginal",11,
2020,Prince Edward Island,Non-elderly females not in an economic family,,"Food insecure, moderate or severe",11,17.3
2020,Prince Edward Island,Non-elderly females not in an economic family,,"Food insecure, moderate",11,
2020,Prince Edward Island,Non-elderly females not in an economic family,,"Food insecure, severe",11,9.6
2020,Nova Scotia,All persons,,Food secure,12,82.3
2020,Nova Scotia,All persons,,Food insecure,12,17.7
2020,Nova Scotia,All persons,,"Food insecure, marginal",12,4.5
2020,Nova Scotia,All persons,,"Food insecure, moderate or severe",12,13.1
2020,Nova Scotia,All persons,,"Food insecure, moderate",12,8.1
2020,Nova Scotia,All persons,,"Food insecure, severe",12,5.0
2020,Nova Scotia,Persons in economic families,,Food secure,12,82.8
2020,Nova Scotia,Persons in economic families,,Food insecure,12,17.2
2020,Nova Scotia,Persons in economic families,,"Food insecure, marginal",12,4.7
2020,Nova Scotia,Persons in economic families,,"Food insecure, moderate or severe",12,12.5
2020,Nova Scotia,Persons in economic families,,"Food insecure, moderate",12,7.9
2020,Nova Scotia,Persons in economic families,,"Food insecure, severe",12,4.6
2020,Nova Scotia,Persons in elderly families,,Food secure,12,90.9
2020,Nova Scotia,Persons in elderly families,,Food insecure,12,9.1
2020,Nova Scotia,Persons in elderly families,,"Food insecure, marginal",12,3.4
2020,Nova Scotia,Persons in elderly families,,"Food insecure, moderate or severe",12,5.7
2020,Nova Scotia,Persons in elderly families,,"Food insecure, moderate",12,4.9
2020,Nova Scotia,Persons in elderly families,,"Food insecure, severe",12,
2020,Nova Scotia,Persons in elderly couples,,Food secure,12,94.1
2020,Nova Scotia,Persons in elderly couples,,Food insecure,12,5.9
2020,Nova Scotia,Persons in elderly couples,,"Food insecure, marginal",12,2.5
2020,Nova Scotia,Persons in elderly couples,,"Food insecure, moderate or severe",12,3.4
2020,Nova Scotia,Persons in elderly couples,,"Food insecure, moderate",12,2.8
2020,Nova Scotia,Persons in elderly couples,,"Food insecure, severe",12,
2020,Nova Scotia,Persons in other elderly families,,Food secure,12,82.6
2020,Nova Scotia,Persons in other elderly families,,Food insecure,12,17.4
2020,Nova Scotia,Persons in other elderly families,,"Food insecure, marginal",12,
2020,Nova Scotia,Persons in other elderly families,,"Food insecure, moderate or severe",12,
2020,Nova Scotia,Persons in other elderly families,,"Food insecure, moderate",12,
2020,Nova Scotia,Persons in other elderly families,,"Food insecure, severe",12,
2020,Nova Scotia,Persons in non-elderly families,,Food secure,12,80.9
2020,Nova Scotia,Persons in non-elderly families,,Food insecure,12,19.1
2020,Nova Scotia,Persons in non-elderly families,,"Food insecure, marginal",12,5.0
2020,Nova Scotia,Persons in non-elderly families,,"Food insecure, moderate or severe",12,14.1
2020,Nova Scotia,Persons in non-elderly families,,"Food insecure, moderate",12,8.6
2020,Nova Scotia,Persons in non-elderly families,,"Food insecure, severe",12,5.5
2020,Nova Scotia,Persons in couples,,Food secure,12,88.1
2020,Nova Scotia,Persons in couples,,Food insecure,12,11.9
2020,Nova Scotia,Persons in couples,,"Food insecure, marginal",12,3.2
2020,Nova Scotia,Persons in couples,,"Food insecure, moderate or severe",12,8.7
2020,Nova Scotia,Persons in couples,,"Food insecure, moderate",12,5.7
2020,Nova Scotia,Persons in couples,,"Food insecure, severe",12,3.0
2020,Nova Scotia,Persons in couple families with children,,Food secure,12,79.7
2020,Nova Scotia,Persons in couple families with children,,Food insecure,12,20.3
2020,Nova Scotia,Persons in couple families with children,,"Food insecure, marginal",12,4.6
2020,Nova Scotia,Persons in couple families with children,,"Food insecure, moderate or severe",12,15.7
2020,Nova Scotia,Persons in couple families with children,,"Food insecure, moderate",12,11.0
2020,Nova Scotia,Persons in couple families with children,,"Food insecure, severe",12,4.7
2020,Nova Scotia,Persons in couple families with other relatives,,Food secure,12,92.1
2020,Nova Scotia,Persons in couple families with other relatives,,Food insecure,12,7.9
2020,Nova Scotia,Persons in couple families with other relatives,,"Food insecure, marginal",12,
2020,Nova Scotia,Persons in couple families with other relatives,,"Food insecure, moderate or severe",12,
2020,Nova Scotia,Persons in couple families with other relatives,,"Food insecure, moderate",12,
2020,Nova Scotia,Persons in couple families with other relatives,,"Food insecure, severe",12,
2020,Nova Scotia,Persons in lone-parent families,,Food secure,12,59.0
2020,Nova Scotia,Persons in lone-parent families,,Food insecure,12,41.0
2020,Nova Scotia,Persons in lone-parent families,,"Food insecure, marginal",12,
2020,Nova Scotia,Persons in lone-parent families,,"Food insecure, moderate or severe",12,34.3
2020,Nova Scotia,Persons in lone-parent families,,"Food insecure, moderate",12,15.2
2020,Nova Scotia,Persons in lone-parent families,,"Food insecure, severe",12,19.1
2020,Nova Scotia,Persons in male lone-parent families,,Food secure,12,68.4
2020,Nova Scotia,Persons in male lone-parent families,,Food insecure,12,
2020,Nova Scotia,Persons in male lone-parent families,,"Food insecure, marginal",12,
2020,Nova Scotia,Persons in male lone-parent families,,"Food insecure, moderate or severe",12,
2020,Nova Scotia,Persons in male lone-parent families,,"Food insecure, moderate",12,
2020,Nova Scotia,Persons in male lone-parent families,,"Food insecure, severe",12,
2020,Nova Scotia,Persons in female lone-parent families,,Food secure,12,56.6
2020,Nova Scotia,Persons in female lone-parent families,,Food insecure,12,43.4
2020,Nova Scotia,Persons in female lone-parent families,,"Food insecure, marginal",12,
2020,Nova Scotia,Persons in female lone-parent families,,"Food insecure, moderate or severe",12,35.6
2020,Nova Scotia,Persons in female lone-parent families,,"Food insecure, moderate",12,16.4
2020,Nova Scotia,Persons in female lone-parent families,,"Food insecure, severe",12,19.2
2020,Nova Scotia,Persons in other non-elderly families,,Food secure,12,72.2
2020,Nova Scotia,Persons in other non-elderly families,,Food insecure,12,27.8
2020,Nova Scotia,Persons in other non-elderly families,,"Food insecure, marginal",12,
2020,Nova Scotia,Persons in other non-elderly families,,"Food insecure, moderate or severe",12,17.9
2020,Nova Scotia,Persons in other non-elderly families,,"Food insecure, moderate",12,
2020,Nova Scotia,Persons in other non-elderly families,,"Food insecure, severe",12,
2020,Nova Scotia,Persons not in an economic family,,Food secure,12,80.3
2020,Nova Scotia,Persons not in an economic family,,Food insecure,12,19.7
2020,Nova Scotia,Persons not in an economic family,,"Food insecure, marginal",12,3.8
2020,Nova Scotia,Persons not in an economic family,,"Food insecure, moderate or severe",12,15.9
2020,Nova Scotia,Persons not in an economic family,,"Food insecure, moderate",12,9.1
2020,Nova Scotia,Persons not in an economic family,,"Food insecure, severe",12,6.7
2020,Nova Scotia,Elderly persons not in an economic family,,Food secure,12,84.7
2020,Nova Scotia,Elderly persons not in an economic family,,Food insecure,12,15.3
2020,Nova Scotia,Elderly persons not in an economic family,,"Food insecure, marginal",12,4.9
2020,Nova Scotia,Elderly persons not in an economic family,,"Food insecure, moderate or severe",12,10.4
2020,Nova Scotia,Elderly persons not in an economic family,,"Food insecure, moderate",12,7.4
2020,Nova Scotia,Elderly persons not in an economic family,,"Food insecure, severe",12,3.0
2020,Nova Scotia,Elderly males not in an economic family,,Food secure,12,82.4
2020,Nova Scotia,Elderly males not in an economic family,,Food insecure,12,17.6
2020,Nova Scotia,Elderly males not in an economic family,,"Food insecure, marginal",12,
2020,Nova Scotia,Elderly males not in an economic family,,"Food insecure, moderate or severe",12,13.3
2020,Nova Scotia,Elderly males not in an economic family,,"Food insecure, moderate",12,10.6
2020,Nova Scotia,Elderly males not in an economic family,,"Food insecure, severe",12,
2020,Nova Scotia,Elderly females not in an economic family,,Food secure,12,86.0
2020,Nova Scotia,Elderly females not in an economic family,,Food insecure,12,14.0
2020,Nova Scotia,Elderly females not in an economic family,,"Food insecure, marginal",12,5.2
2020,Nova Scotia,Elderly females not in an economic family,,"Food insecure, moderate or severe",12,8.8
2020,Nova Scotia,Elderly females not in an economic family,,"Food insecure, moderate",12,5.6
2020,Nova Scotia,Elderly females not in an economic family,,"Food insecure, severe",12,
2020,Nova Scotia,Non-elderly persons not in an economic family,,Food secure,12,78.0
2020,Nova Scotia,Non-elderly persons not in an economic family,,Food insecure,12,22.0
2020,Nova Scotia,Non-elderly persons not in an economic family,,"Food insecure, marginal",12,3.2
2020,Nova Scotia,Non-elderly persons not in an economic family,,"Food insecure, moderate or severe",12,18.7
2020,Nova Scotia,Non-elderly persons not in an economic family,,"Food insecure, moderate",12,10.1
2020,Nova Scotia,Non-elderly persons not in an economic family,,"Food insecure, severe",12,8.7
2020,Nova Scotia,Non-elderly males not in an economic family,,Food secure,12,82.2
2020,Nova Scotia,Non-elderly males not in an economic family,,Food insecure,12,17.8
2020,Nova Scotia,Non-elderly males not in an economic family,,"Food insecure, marginal",12,3.8
2020,Nova Scotia,Non-elderly males not in an economic family,,"Food insecure, moderate or severe",12,14.0
2020,Nova Scotia,Non-elderly males not in an economic family,,"Food insecure, moderate",12,8.7
2020,Nova Scotia,Non-elderly males not in an economic family,,"Food insecure, severe",12,5.3
2020,Nova Scotia,Non-elderly females not in an economic family,,Food secure,12,74.0
2020,Nova Scotia,Non-elderly females not in an economic family,,Food insecure,12,26.0
2020,Nova Scotia,Non-elderly females not in an economic family,,"Food insecure, marginal",12,
2020,Nova Scotia,Non-elderly females not in an economic family,,"Food insecure, moderate or severe",12,23.4
2020,Nova Scotia,Non-elderly females not in an economic family,,"Food insecure, moderate",12,11.4
2020,Nova Scotia,Non-elderly females not in an economic family,,"Food insecure, severe",12,12.0
2020,New Brunswick,All persons,,Food secure,13,81.6
2020,New Brunswick,All persons,,Food insecure,13,18.4
2020,New Brunswick,All persons,,"Food insecure, marginal",13,6.0
2020,New Brunswick,All persons,,"Food insecure, moderate or severe",13,12.4
2020,New Brunswick,All persons,,"Food insecure, moderate",13,7.1
2020,New Brunswick,All persons,,"Food insecure, severe",13,5.3
2020,New Brunswick,Persons in economic families,,Food secure,13,82.6
2020,New Brunswick,Persons in economic families,,Food insecure,13,17.4
2020,New Brunswick,Persons in economic families,,"Food insecure, marginal",13,6.3
2020,New Brunswick,Persons in economic families,,"Food insecure, moderate or severe",13,11.1
2020,New Brunswick,Persons in economic families,,"Food insecure, moderate",13,6.6
2020,New Brunswick,Persons in economic families,,"Food insecure, severe",13,4.5
2020,New Brunswick,Persons in elderly families,,Food secure,13,90.9
2020,New Brunswick,Persons in elderly families,,Food insecure,13,9.1
2020,New Brunswick,Persons in elderly families,,"Food insecure, marginal",13,3.3
2020,New Brunswick,Persons in elderly families,,"Food insecure, moderate or severe",13,5.8
2020,New Brunswick,Persons in elderly families,,"Food insecure, moderate",13,4.4
2020,New Brunswick,Persons in elderly families,,"Food insecure, severe",13,
2020,New Brunswick,Persons in elderly couples,,Food secure,13,91.2
2020,New Brunswick,Persons in elderly couples,,Food insecure,13,8.8
2020,New Brunswick,Persons in elderly couples,,"Food insecure, marginal",13,3.6
2020,New Brunswick,Persons in elderly couples,,"Food insecure, moderate or severe",13,5.2
2020,New Brunswick,Persons in elderly couples,,"Food insecure, moderate",13,3.5
2020,New Brunswick,Persons in elderly couples,,"Food insecure, severe",13,
2020,New Brunswick,Persons in other elderly families,,Food secure,13,90.1
2020,New Brunswick,Persons in other elderly families,,Food insecure,13,
2020,New Brunswick,Persons in other elderly families,,"Food insecure, marginal",13,
2020,New Brunswick,Persons in other elderly families,,"Food insecure, moderate or severe",13,
2020,New Brunswick,Persons in other elderly families,,"Food insecure, moderate",13,
2020,New Brunswick,Persons in other elderly families,,"Food insecure, severe",13,
2020,New Brunswick,Persons in non-elderly families,,Food secure,13,80.7
2020,New Brunswick,Persons in non-elderly families,,Food insecure,13,19.3
2020,New Brunswick,Persons in non-elderly families,,"Food insecure, marginal",13,7.0
2020,New Brunswick,Persons in non-elderly families,,"Food insecure, moderate or severe",13,12.3
2020,New Brunswick,Persons in non-elderly families,,"Food insecure, moderate",13,7.1
2020,New Brunswick,Persons in non-elderly families,,"Food insecure, severe",13,5.2
2020,New Brunswick,Persons in couples,,Food secure,13,83.6
2020,New Brunswick,Persons in couples,,Food insecure,13,16.4
2020,New Brunswick,Persons in couples,,"Food insecure, marginal",13,5.0
2020,New Brunswick,Persons in couples,,"Food insecure, moderate or severe",13,11.5
2020,New Brunswick,Persons in couples,,"Food insecure, moderate",13,7.0
2020,New Brunswick,Persons in couples,,"Food insecure, severe",13,4.5
2020,New Brunswick,Persons in couple families with children,,Food secure,13,82.4
2020,New Brunswick,Persons in couple families with children,,Food insecure,13,17.6
2020,New Brunswick,Persons in couple families with children,,"Food insecure, marginal",13,8.7
2020,New Brunswick,Persons in couple families with children,,"Food insecure, moderate or severe",13,8.9
2020,New Brunswick,Persons in couple families with children,,"Food insecure, moderate",13,5.4
2020,New Brunswick,Persons in couple families with children,,"Food insecure, severe",13,3.6
2020,New Brunswick,Persons in couple families with other relatives,,Food secure,13,89.8
2020,New Brunswick,Persons in couple families with other relatives,,Food insecure,13,10.2
2020,New Brunswick,Persons in couple families with other relatives,,"Food insecure, marginal",13,
2020,New Brunswick,Persons in couple families with other relatives,,"Food insecure, moderate or severe",13,7.3
2020,New Brunswick,Persons in couple families with other relatives,,"Food insecure, moderate",13,
2020,New Brunswick,Persons in couple families with other relatives,,"Food insecure, severe",13,
2020,New Brunswick,Persons in lone-parent families,,Food secure,13,53.9
2020,New Brunswick,Persons in lone-parent families,,Food insecure,13,46.1
2020,New Brunswick,Persons in lone-parent families,,"Food insecure, marginal",13,12.4
2020,New Brunswick,Persons in lone-parent families,,"Food insecure, moderate or severe",13,33.7
2020,New Brunswick,Persons in lone-parent families,,"Food insecure, moderate",13,16.6
2020,New Brunswick,Persons in lone-parent families,,"Food insecure, severe",13,17.1
2020,New Brunswick,Persons in male lone-parent families,,Food secure,13,44.1
2020,New Brunswick,Persons in male lone-parent families,,Food insecure,13,55.9
2020,New Brunswick,Persons in male lone-parent families,,"Food insecure, marginal",13,
2020,New Brunswick,Persons in male lone-parent families,,"Food insecure, moderate or severe",13,
2020,New Brunswick,Persons in male lone-parent families,,"Food insecure, moderate",13,
2020,New Brunswick,Persons in male lone-parent families,,"Food insecure, severe",13,
2020,New Brunswick,Persons in female lone-parent families,,Food secure,13,55.9
2020,New Brunswick,Persons in female lone-parent families,,Food insecure,13,44.1
2020,New Brunswick,Persons in female lone-parent families,,"Food insecure, marginal",13,9.5
2020,New Brunswick,Persons in female lone-parent families,,"Food insecure, moderate or severe",13,34.6
2020,New Brunswick,Persons in female lone-parent families,,"Food insecure, moderate",13,17.1
2020,New Brunswick,Persons in female lone-parent families,,"Food insecure, severe",13,
2020,New Brunswick,Persons in other non-elderly families,,Food secure,13,78.8
2020,New Brunswick,Persons in other non-elderly families,,Food insecure,13,21.2
2020,New Brunswick,Persons in other non-elderly families,,"Food insecure, marginal",13,
2020,New Brunswick,Persons in other non-elderly families,,"Food insecure, moderate or severe",13,16.8
2020,New Brunswick,Persons in other non-elderly families,,"Food insecure, moderate",13,10.4
2020,New Brunswick,Persons in other non-elderly families,,"Food insecure, severe",13,
2020,New Brunswick,Persons not in an economic family,,Food secure,13,76.6
2020,New Brunswick,Persons not in an economic family,,Food insecure,13,23.4
2020,New Brunswick,Persons not in an economic family,,"Food insecure, marginal",13,4.8
2020,New Brunswick,Persons not in an economic family,,"Food insecure, moderate or severe",13,18.6
2020,New Brunswick,Persons not in an economic family,,"Food insecure, moderate",13,9.4
2020,New Brunswick,Persons not in an economic family,,"Food insecure, severe",13,9.2
2020,New Brunswick,Elderly persons not in an economic family,,Food secure,13,89.1
2020,New Brunswick,Elderly persons not in an economic family,,Food insecure,13,10.9
2020,New Brunswick,Elderly persons not in an economic family,,"Food insecure, marginal",13,3.7
2020,New Brunswick,Elderly persons not in an economic family,,"Food insecure, moderate or severe",13,7.2
2020,New Brunswick,Elderly persons not in an economic family,,"Food insecure, moderate",13,5.8
2020,New Brunswick,Elderly persons not in an economic family,,"Food insecure, severe",13,
2020,New Brunswick,Elderly males not in an economic family,,Food secure,13,88.5
2020,New Brunswick,Elderly males not in an economic family,,Food insecure,13,11.5
2020,New Brunswick,Elderly males not in an economic family,,"Food insecure, marginal",13,
2020,New Brunswick,Elderly males not in an economic family,,"Food insecure, moderate or severe",13,8.4
2020,New Brunswick,Elderly males not in an economic family,,"Food insecure, moderate",13,
2020,New Brunswick,Elderly males not in an economic family,,"Food insecure, severe",13,
2020,New Brunswick,Elderly females not in an economic family,,Food secure,13,89.4
2020,New Brunswick,Elderly females not in an economic family,,Food insecure,13,10.6
2020,New Brunswick,Elderly females not in an economic family,,"Food insecure, marginal",13,4.1
2020,New Brunswick,Elderly females not in an economic family,,"Food insecure, moderate or severe",13,6.5
2020,New Brunswick,Elderly females not in an economic family,,"Food insecure, moderate",13,5.3
2020,New Brunswick,Elderly females not in an economic family,,"Food insecure, severe",13,
2020,New Brunswick,Non-elderly persons not in an economic family,,Food secure,13,69.0
2020,New Brunswick,Non-elderly persons not in an economic family,,Food insecure,13,31.0
2020,New Brunswick,Non-elderly persons not in an economic family,,"Food insecure, marginal",13,5.4
2020,New Brunswick,Non-elderly persons not in an economic family,,"Food insecure, moderate or severe",13,25.6
2020,New Brunswick,Non-elderly persons not in an economic family,,"Food insecure, moderate",13,11.6
2020,New Brunswick,Non-elderly persons not in an economic family,,"Food insecure, severe",13,14.0
2020,New Brunswick,Non-elderly males not in an economic family,,Food secure,13,68.8
2020,New Brunswick,Non-elderly males not in an economic family,,Food insecure,13,31.2
2020,New Brunswick,Non-elderly males not in an economic family,,"Food insecure, marginal",13,5.5
2020,New Brunswick,Non-elderly males not in an economic family,,"Food insecure, moderate or severe",13,25.7
2020,New Brunswick,Non-elderly males not in an economic family,,"Food insecure, moderate",13,10.9
2020,New Brunswick,Non-elderly males not in an economic family,,"Food insecure, severe",13,14.7
2020,New Brunswick,Non-elderly females not in an economic family,,Food secure,13,69.2
2020,New Brunswick,Non-elderly females not in an economic family,,Food insecure,13,30.8
2020,New Brunswick,Non-elderly females not in an economic family,,"Food insecure, marginal",13,
2020,New Brunswick,Non-elderly females not in an economic family,,"Food insecure, moderate or severe",13,25.5
2020,New Brunswick,Non-elderly females not in an economic family,,"Food insecure, moderate",13,12.3
2020,New Brunswick,Non-elderly females not in an economic family,,"Food insecure, severe",13,13.2
2020,Quebec,All persons,,Food secure,24,87.3
2020,Quebec,All persons,,Food insecure,24,12.7
2020,Quebec,All persons,,"Food insecure, marginal",24,4.1
2020,Quebec,All persons,,"Food insecure, moderate or severe",24,8.6
2020,Quebec,All persons,,"Food insecure, moderate",24,6.4
2020,Quebec,All persons,,"Food insecure, severe",24,2.2
2020,Quebec,Persons in economic families,,Food secure,24,88.3
2020,Quebec,Persons in economic families,,Food insecure,24,11.7
2020,Quebec,Persons in economic families,,"Food insecure, marginal",24,4.1
2020,Quebec,Persons in economic families,,"Food insecure, moderate or severe",24,7.6
2020,Quebec,Persons in economic families,,"Food insecure, moderate",24,5.9
2020,Quebec,Persons in economic families,,"Food insecure, severe",24,1.6
2020,Quebec,Persons in elderly families,,Food secure,24,92.5
2020,Quebec,Persons in elderly families,,Food insecure,24,7.5
2020,Quebec,Persons in elderly families,,"Food insecure, marginal",24,3.0
2020,Quebec,Persons in elderly families,,"Food insecure, moderate or severe",24,4.4
2020,Quebec,Persons in elderly families,,"Food insecure, moderate",24,3.8
2020,Quebec,Persons in elderly families,,"Food insecure, severe",24,
2020,Quebec,Persons in elderly couples,,Food secure,24,96.0
2020,Quebec,Persons in elderly couples,,Food insecure,24,4.0
2020,Quebec,Persons in elderly couples,,"Food insecure, marginal",24,1.5
2020,Quebec,Persons in elderly couples,,"Food insecure, moderate or severe",24,2.4
2020,Quebec,Persons in elderly couples,,"Food insecure, moderate",24,2.1
2020,Quebec,Persons in elderly couples,,"Food insecure, severe",24,
2020,Quebec,Persons in other elderly families,,Food secure,24,79.7
2020,Quebec,Persons in other elderly families,,Food insecure,24,20.3
2020,Quebec,Persons in other elderly families,,"Food insecure, marginal",24,
2020,Quebec,Persons in other elderly families,,"Food insecure, moderate or severe",24,
2020,Quebec,Persons in other elderly families,,"Food insecure, moderate",24,
2020,Quebec,Persons in other elderly families,,"Food insecure, severe",24,
2020,Quebec,Persons in non-elderly families,,Food secure,24,87.6
2020,Quebec,Persons in non-elderly families,,Food insecure,24,12.4
2020,Quebec,Persons in non-elderly families,,"Food insecure, marginal",24,4.3
2020,Quebec,Persons in non-elderly families,,"Food insecure, moderate or severe",24,8.2
2020,Quebec,Persons in non-elderly families,,"Food insecure, moderate",24,6.3
2020,Quebec,Persons in non-elderly families,,"Food insecure, severe",24,1.8
2020,Quebec,Persons in couples,,Food secure,24,93.2
2020,Quebec,Persons in couples,,Food insecure,24,6.8
2020,Quebec,Persons in couples,,"Food insecure, marginal",24,2.1
2020,Quebec,Persons in couples,,"Food insecure, moderate or severe",24,4.7
2020,Quebec,Persons in couples,,"Food insecure, moderate",24,2.8
2020,Quebec,Persons in couples,,"Food insecure, severe",24,1.9
2020,Quebec,Persons in couple families with children,,Food secure,24,86.8
2020,Quebec,Persons in couple families with children,,Food insecure,24,13.2
2020,Quebec,Persons in couple families with children,,"Food insecure, marginal",24,5.4
2020,Quebec,Persons in couple families with children,,"Food insecure, moderate or severe",24,7.8
2020,Quebec,Persons in couple families with children,,"Food insecure, moderate",24,6.3
2020,Quebec,Persons in couple families with children,,"Food insecure, severe",24,1.5
2020,Quebec,Persons in couple families with other relatives,,Food secure,24,91.9
2020,Quebec,Persons in couple families with other relatives,,Food insecure,24,8.1
2020,Quebec,Persons in couple families with other relatives,,"Food insecure, marginal",24,
2020,Quebec,Persons in couple families with other relatives,,"Food insecure, moderate or severe",24,
2020,Quebec,Persons in couple families with other relatives,,"Food insecure, moderate",24,
2020,Quebec,Persons in couple families with other relatives,,"Food insecure, severe",24,
2020,Quebec,Persons in lone-parent families,,Food secure,24,78.6
2020,Quebec,Persons in lone-parent families,,Food insecure,24,21.4
2020,Quebec,Persons in lone-parent families,,"Food insecure, marginal",24,4.8
2020,Quebec,Persons in lone-parent families,,"Food insecure, moderate or severe",24,16.6
2020,Quebec,Persons in lone-parent families,,"Food insecure, moderate",24,11.6
2020,Quebec,Persons in lone-parent families,,"Food insecure, severe",24,5.0
2020,Quebec,Persons in male lone-parent families,,Food secure,24,89.1
2020,Quebec,Persons in male lone-parent families,,Food insecure,24,10.9
2020,Quebec,Persons in male lone-parent families,,"Food insecure, marginal",24,
2020,Quebec,Persons in male lone-parent families,,"Food insecure, moderate or severe",24,
2020,Quebec,Persons in male lone-parent families,,"Food insecure, moderate",24,
2020,Quebec,Persons in male lone-parent families,,"Food insecure, severe",24,
2020,Quebec,Persons in female lone-parent families,,Food secure,24,75.6
2020,Quebec,Persons in female lone-parent families,,Food insecure,24,24.4
2020,Quebec,Persons in female lone-parent families,,"Food insecure, marginal",24,5.0
2020,Quebec,Persons in female lone-parent families,,"Food insecure, moderate or severe",24,19.4
2020,Quebec,Persons in female lone-parent families,,"Food insecure, moderate",24,13.0
2020,Quebec,Persons in female lone-parent families,,"Food insecure, severe",24,6.4
2020,Quebec,Persons in other non-elderly families,,Food secure,24,82.1
2020,Quebec,Persons in other non-elderly families,,Food insecure,24,17.9
2020,Quebec,Persons in other non-elderly families,,"Food insecure, marginal",24,
2020,Quebec,Persons in other non-elderly families,,"Food insecure, moderate or severe",24,13.2
2020,Quebec,Persons in other non-elderly families,,"Food insecure, moderate",24,10.4
2020,Quebec,Persons in other non-elderly families,,"Food insecure, severe",24,
2020,Quebec,Persons not in an economic family,,Food secure,24,83.2
2020,Quebec,Persons not in an economic family,,Food insecure,24,16.8
2020,Quebec,Persons not in an economic family,,"Food insecure, marginal",24,4.2
2020,Quebec,Persons not in an economic family,,"Food insecure, moderate or severe",24,12.6
2020,Quebec,Persons not in an economic family,,"Food insecure, moderate",24,8.2
2020,Quebec,Persons not in an economic family,,"Food insecure, severe",24,4.5
2020,Quebec,Elderly persons not in an economic family,,Food secure,24,91.1
2020,Quebec,Elderly persons not in an economic family,,Food insecure,24,8.9
2020,Quebec,Elderly persons not in an economic family,,"Food insecure, marginal",24,3.3
2020,Quebec,Elderly persons not in an economic family,,"Food insecure, moderate or severe",24,5.6
2020,Quebec,Elderly persons not in an economic family,,"Food insecure, moderate",24,3.7
2020,Quebec,Elderly persons not in an economic family,,"Food insecure, severe",24,1.9
2020,Quebec,Elderly males not in an economic family,,Food secure,24,89.8
2020,Quebec,Elderly males not in an economic family,,Food insecure,24,10.2
2020,Quebec,Elderly males not in an economic family,,"Food insecure, marginal",24,3.4
2020,Quebec,Elderly males not in an economic family,,"Food insecure, moderate or severe",24,6.8
2020,Quebec,Elderly males not in an economic family,,"Food insecure, moderate",24,4.8
2020,Quebec,Elderly males not in an economic family,,"Food insecure, severe",24,
2020,Quebec,Elderly females not in an economic family,,Food secure,24,92.0
2020,Quebec,Elderly females not in an economic family,,Food insecure,24,8.0
2020,Quebec,Elderly females not in an economic family,,"Food insecure, marginal",24,3.2
2020,Quebec,Elderly females not in an economic family,,"Food insecure, moderate or severe",24,4.9
2020,Quebec,Elderly females not in an economic family,,"Food insecure, moderate",24,3.0
2020,Quebec,Elderly females not in an economic family,,"Food insecure, severe",24,
2020,Quebec,Non-elderly persons not in an economic family,,Food secure,24,78.8
2020,Quebec,Non-elderly persons not in an economic family,,Food insecure,24,21.2
2020,Quebec,Non-elderly persons not in an economic family,,"Food insecure, marginal",24,4.7
2020,Quebec,Non-elderly persons not in an economic family,,"Food insecure, moderate or severe",24,16.5
2020,Quebec,Non-elderly persons not in an economic family,,"Food insecure, moderate",24,10.6
2020,Quebec,Non-elderly persons not in an economic family,,"Food insecure, severe",24,5.9
2020,Quebec,Non-elderly males not in an economic family,,Food secure,24,78.1
2020,Quebec,Non-elderly males not in an economic family,,Food insecure,24,21.9
2020,Quebec,Non-elderly males not in an economic family,,"Food insecure, marginal",24,5.3
2020,Quebec,Non-elderly males not in an economic family,,"Food insecure, moderate or severe",24,16.6
2020,Quebec,Non-elderly males not in an economic family,,"Food insecure, moderate",24,10.5
2020,Quebec,Non-elderly males not in an economic family,,"Food insecure, severe",24,6.1
2020,Quebec,Non-elderly females not in an economic family,,Food secure,24,79.6
2020,Quebec,Non-elderly females not in an economic family,,Food insecure,24,20.4
2020,Quebec,Non-elderly females not in an economic family,,"Food insecure, marginal",24,4.0
2020,Quebec,Non-elderly females not in an economic family,,"Food insecure, moderate or severe",24,16.4
2020,Quebec,Non-elderly females not in an economic family,,"Food insecure, moderate",24,10.8
2020,Quebec,Non-elderly females not in an economic family,,"Food insecure, severe",24,5.5
2020,Ontario,All persons,,Food secure,35,83.9
2020,Ontario,All persons,,Food insecure,35,16.1
2020,Ontario,All persons,,"Food insecure, marginal",35,4.6
2020,Ontario,All persons,,"Food insecure, moderate or severe",35,11.5
2020,Ontario,All persons,,"Food insecure, moderate",35,7.6
2020,Ontario,All persons,,"Food insecure, severe",35,3.9
2020,Ontario,Persons in economic families,,Food secure,35,84.3
2020,Ontario,Persons in economic families,,Food insecure,35,15.7
2020,Ontario,Persons in economic families,,"Food insecure, marginal",35,4.7
2020,Ontario,Persons in economic families,,"Food insecure, moderate or severe",35,11.0
2020,Ontario,Persons in economic families,,"Food insecure, moderate",35,7.4
2020,Ontario,Persons in economic families,,"Food insecure, severe",35,3.6
2020,Ontario,Persons in elderly families,,Food secure,35,92.1
2020,Ontario,Persons in elderly families,,Food insecure,35,7.9
2020,Ontario,Persons in elderly families,,"Food insecure, marginal",35,2.5
2020,Ontario,Persons in elderly families,,"Food insecure, moderate or severe",35,5.4
2020,Ontario,Persons in elderly families,,"Food insecure, moderate",35,4.5
2020,Ontario,Persons in elderly families,,"Food insecure, severe",35,0.9
2020,Ontario,Persons in elderly couples,,Food secure,35,94.7
2020,Ontario,Persons in elderly couples,,Food insecure,35,5.3
2020,Ontario,Persons in elderly couples,,"Food insecure, marginal",35,1.7
2020,Ontario,Persons in elderly couples,,"Food insecure, moderate or severe",35,3.6
2020,Ontario,Persons in elderly couples,,"Food insecure, moderate",35,2.8
2020,Ontario,Persons in elderly couples,,"Food insecure, severe",35,
2020,Ontario,Persons in other elderly families,,Food secure,35,87.4
2020,Ontario,Persons in other elderly families,,Food insecure,35,12.6
2020,Ontario,Persons in other elderly families,,"Food insecure, marginal",35,3.9
2020,Ontario,Persons in other elderly families,,"Food insecure, moderate or severe",35,8.7
2020,Ontario,Persons in other elderly families,,"Food insecure, moderate",35,
2020,Ontario,Persons in other elderly families,,"Food insecure, severe",35,
2020,Ontario,Persons in non-elderly families,,Food secure,35,82.9
2020,Ontario,Persons in non-elderly families,,Food insecure,35,17.1
2020,Ontario,Persons in non-elderly families,,"Food insecure, marginal",35,5.1
2020,Ontario,Persons in non-elderly families,,"Food insecure, moderate or severe",35,12.0
2020,Ontario,Persons in non-elderly families,,"Food insecure, moderate",35,8.0
2020,Ontario,Persons in non-elderly families,,"Food insecure, severe",35,4.0
2020,Ontario,Persons in couples,,Food secure,35,89.5
2020,Ontario,Persons in couples,,Food insecure,35,10.5
2020,Ontario,Persons in couples,,"Food insecure, marginal",35,3.2
2020,Ontario,Persons in couples,,"Food insecure, moderate or severe",35,7.3
2020,Ontario,Persons in couples,,"Food insecure, moderate",35,4.1
2020,Ontario,Persons in couples,,"Food insecure, severe",35,3.3
2020,Ontario,Persons in couple families with children,,Food secure,35,83.2
2020,Ontario,Persons in couple families with children,,Food insecure,35,16.8
2020,Ontario,Persons in couple families with children,,"Food insecure, marginal",35,6.1
2020,Ontario,Persons in couple families with children,,"Food insecure, moderate or severe",35,10.7
2020,Ontario,Persons in couple families with children,,"Food insecure, moderate",35,8.1
2020,Ontario,Persons in couple families with children,,"Food insecure, severe",35,2.6
2020,Ontario,Persons in couple families with other relatives,,Food secure,35,88.4
2020,Ontario,Persons in couple families with other relatives,,Food insecure,35,11.6
2020,Ontario,Persons in couple families with other relatives,,"Food insecure, marginal",35,4.1
2020,Ontario,Persons in couple families with other relatives,,"Food insecure, moderate or severe",35,7.5
2020,Ontario,Persons in couple families with other relatives,,"Food insecure, moderate",35,4.2
2020,Ontario,Persons in couple families with other relatives,,"Food insecure, severe",35,3.3
2020,Ontario,Persons in lone-parent families,,Food secure,35,63.9
2020,Ontario,Persons in lone-parent families,,Food insecure,35,36.1
2020,Ontario,Persons in lone-parent families,,"Food insecure, marginal",35,5.7
2020,Ontario,Persons in lone-parent families,,"Food insecure, moderate or severe",35,30.4
2020,Ontario,Persons in lone-parent families,,"Food insecure, moderate",35,18.1
2020,Ontario,Persons in lone-parent families,,"Food insecure, severe",35,12.4
2020,Ontario,Persons in male lone-parent families,,Food secure,35,83.5
2020,Ontario,Persons in male lone-parent families,,Food insecure,35,16.5
2020,Ontario,Persons in male lone-parent families,,"Food insecure, marginal",35,
2020,Ontario,Persons in male lone-parent families,,"Food insecure, moderate or severe",35,
2020,Ontario,Persons in male lone-parent families,,"Food insecure, moderate",35,
2020,Ontario,Persons in male lone-parent families,,"Food insecure, severe",35,
2020,Ontario,Persons in female lone-parent families,,Food secure,35,60.1
2020,Ontario,Persons in female lone-parent families,,Food insecure,35,39.9
2020,Ontario,Persons in female lone-parent families,,"Food insecure, marginal",35,6.3
2020,Ontario,Persons in female lone-parent families,,"Food insecure, moderate or severe",35,33.6
2020,Ontario,Persons in female lone-parent families,,"Food insecure, moderate",35,19.4
2020,Ontario,Persons in female lone-parent families,,"Food insecure, severe",35,14.2
2020,Ontario,Persons in other non-elderly families,,Food secure,35,77.0
2020,Ontario,Persons in other non-elderly families,,Food insecure,35,23.0
2020,Ontario,Persons in other non-elderly families,,"Food insecure, marginal",35,4.8
2020,Ontario,Persons in other non-elderly families,,"Food insecure, moderate or severe",35,18.2
2020,Ontario,Persons in other non-elderly families,,"Food insecure, moderate",35,11.4
2020,Ontario,Persons in other non-elderly families,,"Food insecure, severe",35,6.8
2020,Ontario,Persons not in an economic family,,Food secure,35,81.9
2020,Ontario,Persons not in an economic family,,Food insecure,35,18.1
2020,Ontario,Persons not in an economic family,,"Food insecure, marginal",35,4.0
2020,Ontario,Persons not in an economic family,,"Food insecure, moderate or severe",35,14.1
2020,Ontario,Persons not in an economic family,,"Food insecure, moderate",35,8.3
2020,Ontario,Persons not in an economic family,,"Food insecure, severe",35,5.7
2020,Ontario,Elderly persons not in an economic family,,Food secure,35,89.8
2020,Ontario,Elderly persons not in an economic family,,Food insecure,35,10.2
2020,Ontario,Elderly persons not in an economic family,,"Food insecure, marginal",35,2.9
2020,Ontario,Elderly persons not in an economic family,,"Food insecure, moderate or severe",35,7.4
2020,Ontario,Elderly persons not in an economic family,,"Food insecure, moderate",35,5.5
2020,Ontario,Elderly persons not in an economic family,,"Food insecure, severe",35,1.8
2020,Ontario,Elderly males not in an economic family,,Food secure,35,89.1
2020,Ontario,Elderly males not in an economic family,,Food insecure,35,10.9
2020,Ontario,Elderly males not in an economic family,,"Food insecure, marginal",35,3.5
2020,Ontario,Elderly males not in an economic family,,"Food insecure, moderate or severe",35,7.4
2020,Ontario,Elderly males not in an economic family,,"Food insecure, moderate",35,6.3
2020,Ontario,Elderly males not in an economic family,,"Food insecure, severe",35,1.1
2020,Ontario,Elderly females not in an economic family,,Food secure,35,90.1
2020,Ontario,Elderly females not in an economic family,,Food insecure,35,9.9
2020,Ontario,Elderly females not in an economic family,,"Food insecure, marginal",35,2.6
2020,Ontario,Elderly females not in an economic family,,"Food insecure, moderate or severe",35,7.4
2020,Ontario,Elderly females not in an economic family,,"Food insecure, moderate",35,5.1
2020,Ontario,Elderly females not in an economic family,,"Food insecure, severe",35,2.2
2020,Ontario,Non-elderly persons not in an economic family,,Food secure,35,78.3
2020,Ontario,Non-elderly persons not in an economic family,,Food insecure,35,21.7
2020,Ontario,Non-elderly persons not in an economic family,,"Food insecure, marginal",35,4.5
2020,Ontario,Non-elderly persons not in an economic family,,"Food insecure, moderate or severe",35,17.2
2020,Ontario,Non-elderly persons not in an economic family,,"Food insecure, moderate",35,9.6
2020,Ontario,Non-elderly persons not in an economic family,,"Food insecure, severe",35,7.5
2020,Ontario,Non-elderly males not in an economic family,,Food secure,35,80.9
2020,Ontario,Non-elderly males not in an economic family,,Food insecure,35,19.1
2020,Ontario,Non-elderly males not in an economic family,,"Food insecure, marginal",35,4.6
2020,Ontario,Non-elderly males not in an economic family,,"Food insecure, moderate or severe",35,14.6
2020,Ontario,Non-elderly males not in an economic family,,"Food insecure, moderate",35,8.9
2020,Ontario,Non-elderly males not in an economic family,,"Food insecure, severe",35,5.6
2020,Ontario,Non-elderly females not in an economic family,,Food secure,35,74.7
2020,Ontario,Non-elderly females not in an economic family,,Food insecure,35,25.3
2020,Ontario,Non-elderly females not in an economic family,,"Food insecure, marginal",35,4.5
2020,Ontario,Non-elderly females not in an economic family,,"Food insecure, moderate or severe",35,20.9
2020,Ontario,Non-elderly females not in an economic family,,"Food insecure, moderate",35,10.6
2020,Ontario,Non-elderly females not in an economic family,,"Food insecure, severe",35,10.2
2020,Prairie provinces,All persons,,Food secure,,81.0
2020,Prairie provinces,All persons,,Food insecure,,19.0
2020,Prairie provinces,All persons,,"Food insecure, marginal",,4.9
2020,Prairie provinces,All persons,,"Food insecure, moderate or severe",,14.1
2020,Prairie provinces,All persons,,"Food insecure, moderate",,9.2
2020,Prairie provinces,All persons,,"Food insecure, severe",,4.9
2020,Prairie provinces,Persons in economic families,,Food secure,,81.8
2020,Prairie provinces,Persons in economic families,,Food insecure,,18.2
2020,Prairie provinces,Persons in economic families,,"Food insecure, marginal",,4.8
2020,Prairie provinces,Persons in economic families,,"Food insecure, moderate or severe",,13.4
2020,Prairie provinces,Persons in economic families,,"Food insecure, moderate",,9.1
2020,Prairie provinces,Persons in economic families,,"Food insecure, severe",,4.3
2020,Prairie provinces,Persons in elderly families,,Food secure,,92.3
2020,Prairie provinces,Persons in elderly families,,Food insecure,,7.7
2020,Prairie provinces,Persons in elderly families,,"Food insecure, marginal",,3.1
2020,Prairie provinces,Persons in elderly families,,"Food insecure, moderate or severe",,4.6
2020,Prairie provinces,Persons in elderly families,,"Food insecure, moderate",,2.9
2020,Prairie provinces,Persons in elderly families,,"Food insecure, severe",,1.7
2020,Prairie provinces,Persons in elderly couples,,Food secure,,94.0
2020,Prairie provinces,Persons in elderly couples,,Food insecure,,6.0
2020,Prairie provinces,Persons in elderly couples,,"Food insecure, marginal",,2.4
2020,Prairie provinces,Persons in elderly couples,,"Food insecure, moderate or severe",,3.6
2020,Prairie provinces,Persons in elderly couples,,"Food insecure, moderate",,1.9
2020,Prairie provinces,Persons in elderly couples,,"Food insecure, severe",,1.7
2020,Prairie provinces,Persons in other elderly families,,Food secure,,88.2
2020,Prairie provinces,Persons in other elderly families,,Food insecure,,11.8
2020,Prairie provinces,Persons in other elderly families,,"Food insecure, marginal",,
2020,Prairie provinces,Persons in other elderly families,,"Food insecure, moderate or severe",,7.0
2020,Prairie provinces,Persons in other elderly families,,"Food insecure, moderate",,5.3
2020,Prairie provinces,Persons in other elderly families,,"Food insecure, severe",,
2020,Prairie provinces,Persons in non-elderly families,,Food secure,,80.3
2020,Prairie provinces,Persons in non-elderly families,,Food insecure,,19.7
2020,Prairie provinces,Persons in non-elderly families,,"Food insecure, marginal",,5.0
2020,Prairie provinces,Persons in non-elderly families,,"Food insecure, moderate or severe",,14.7
2020,Prairie provinces,Persons in non-elderly families,,"Food insecure, moderate",,10.0
2020,Prairie provinces,Persons in non-elderly families,,"Food insecure, severe",,4.7
2020,Prairie provinces,Persons in couples,,Food secure,,84.5
2020,Prairie provinces,Persons in couples,,Food insecure,,15.5
2020,Prairie provinces,Persons in couples,,"Food insecure, marginal",,4.3
2020,Prairie provinces,Persons in couples,,"Food insecure, moderate or severe",,11.2
2020,Prairie provinces,Persons in couples,,"Food insecure, moderate",,6.8
2020,Prairie provinces,Persons in couples,,"Food insecure, severe",,4.4
2020,Prairie provinces,Persons in couple families with children,,Food secure,,81.0
2020,Prairie provinces,Persons in couple families with children,,Food insecure,,19.0
2020,Prairie provinces,Persons in couple families with children,,"Food insecure, marginal",,5.7
2020,Prairie provinces,Persons in couple families with children,,"Food insecure, moderate or severe",,13.3
2020,Prairie provinces,Persons in couple families with children,,"Food insecure, moderate",,10.0
2020,Prairie provinces,Persons in couple families with children,,"Food insecure, severe",,3.4
2020,Prairie provinces,Persons in couple families with other relatives,,Food secure,,83.6
2020,Prairie provinces,Persons in couple families with other relatives,,Food insecure,,16.4
2020,Prairie provinces,Persons in couple families with other relatives,,"Food insecure, marginal",,
2020,Prairie provinces,Persons in couple families with other relatives,,"Food insecure, moderate or severe",,13.7
2020,Prairie provinces,Persons in couple families with other relatives,,"Food insecure, moderate",,9.0
2020,Prairie provinces,Persons in couple families with other relatives,,"Food insecure, severe",,
2020,Prairie provinces,Persons in lone-parent families,,Food secure,,59.1
2020,Prairie provinces,Persons in lone-parent families,,Food insecure,,40.9
2020,Prairie provinces,Persons in lone-parent families,,"Food insecure, marginal",,8.6
2020,Prairie provinces,Persons in lone-parent families,,"Food insecure, moderate or severe",,32.3
2020,Prairie provinces,Persons in lone-parent families,,"Food insecure, moderate",,22.9
2020,Prairie provinces,Persons in lone-parent families,,"Food insecure, severe",,9.4
2020,Prairie provinces,Persons in male lone-parent families,,Food secure,,67.1
2020,Prairie provinces,Persons in male lone-parent families,,Food insecure,,32.9
2020,Prairie provinces,Persons in male lone-parent families,,"Food insecure, marginal",,
2020,Prairie provinces,Persons in male lone-parent families,,"Food insecure, moderate or severe",,
2020,Prairie provinces,Persons in male lone-parent families,,"Food insecure, moderate",,
2020,Prairie provinces,Persons in male lone-parent families,,"Food insecure, severe",,
2020,Prairie provinces,Persons in female lone-parent families,,Food secure,,57.1
2020,Prairie provinces,Persons in female lone-parent families,,Food insecure,,42.9
2020,Prairie provinces,Persons in female lone-parent families,,"Food insecure, marginal",,8.9
2020,Prairie provinces,Persons in female lone-parent families,,"Food insecure, moderate or severe",,34.0
2020,Prairie provinces,Persons in female lone-parent families,,"Food insecure, moderate",,22.8
2020,Prairie provinces,Persons in female lone-parent families,,"Food insecure, severe",,11.2
2020,Prairie provinces,Persons in other non-elderly families,,Food secure,,77.6
2020,Prairie provinces,Persons in other non-elderly families,,Food insecure,,22.4
2020,Prairie provinces,Persons in other non-elderly families,,"Food insecure, marginal",,4.2
2020,Prairie provinces,Persons in other non-elderly families,,"Food insecure, moderate or severe",,18.3
2020,Prairie provinces,Persons in other non-elderly families,,"Food insecure, moderate",,8.6
2020,Prairie provinces,Persons in other non-elderly families,,"Food insecure, severe",,9.7
2020,Prairie provinces,Persons not in an economic family,,Food secure,,76.4
2020,Prairie provinces,Persons not in an economic family,,Food insecure,,23.6
2020,Prairie provinces,Persons not in an economic family,,"Food insecure, marginal",,5.3
2020,Prairie provinces,Persons not in an economic family,,"Food insecure, moderate or severe",,18.2
2020,Prairie provinces,Persons not in an economic family,,"Food insecure, moderate",,9.9
2020,Prairie provinces,Persons not in an economic family,,"Food insecure, severe",,8.4
2020,Prairie provinces,Elderly persons not in an economic family,,Food secure,,84.8
2020,Prairie provinces,Elderly persons not in an economic family,,Food insecure,,15.2
2020,Prairie provinces,Elderly persons not in an economic family,,"Food insecure, marginal",,4.0
2020,Prairie provinces,Elderly persons not in an economic family,,"Food insecure, moderate or severe",,11.2
2020,Prairie provinces,Elderly persons not in an economic family,,"Food insecure, moderate",,7.0
2020,Prairie provinces,Elderly persons not in an economic family,,"Food insecure, severe",,4.2
2020,Prairie provinces,Elderly males not in an economic family,,Food secure,,81.9
2020,Prairie provinces,Elderly males not in an economic family,,Food insecure,,18.1
2020,Prairie provinces,Elderly males not in an economic family,,"Food insecure, marginal",,
2020,Prairie provinces,Elderly males not in an economic family,,"Food insecure, moderate or severe",,12.8
2020,Prairie provinces,Elderly males not in an economic family,,"Food insecure, moderate",,6.8
2020,Prairie provinces,Elderly males not in an economic family,,"Food insecure, severe",,6.0
2020,Prairie provinces,Elderly females not in an economic family,,Food secure,,86.5
2020,Prairie provinces,Elderly females not in an economic family,,Food insecure,,13.5
2020,Prairie provinces,Elderly females not in an economic family,,"Food insecure, marginal",,3.3
2020,Prairie provinces,Elderly females not in an economic family,,"Food insecure, moderate or severe",,10.3
2020,Prairie provinces,Elderly females not in an economic family,,"Food insecure, moderate",,7.1
2020,Prairie provinces,Elderly females not in an economic family,,"Food insecure, severe",,3.2
2020,Prairie provinces,Non-elderly persons not in an economic family,,Food secure,,73.1
2020,Prairie provinces,Non-elderly persons not in an economic family,,Food insecure,,26.9
2020,Prairie provinces,Non-elderly persons not in an economic family,,"Food insecure, marginal",,5.9
2020,Prairie provinces,Non-elderly persons not in an economic family,,"Food insecure, moderate or severe",,21.0
2020,Prairie provinces,Non-elderly persons not in an economic family,,"Food insecure, moderate",,11.0
2020,Prairie provinces,Non-elderly persons not in an economic family,,"Food insecure, severe",,10.0
2020,Prairie provinces,Non-elderly males not in an economic family,,Food secure,,73.4
2020,Prairie provinces,Non-elderly males not in an economic family,,Food insecure,,26.6
2020,Prairie provinces,Non-elderly males not in an economic family,,"Food insecure, marginal",,5.4
2020,Prairie provinces,Non-elderly males not in an economic family,,"Food insecure, moderate or severe",,21.3
2020,Prairie provinces,Non-elderly males not in an economic family,,"Food insecure, moderate",,10.8
2020,Prairie provinces,Non-elderly males not in an economic family,,"Food insecure, severe",,10.5
2020,Prairie provinces,Non-elderly females not in an economic family,,Food secure,,72.8
2020,Prairie provinces,Non-elderly females not in an economic family,,Food insecure,,27.2
2020,Prairie provinces,Non-elderly females not in an economic family,,"Food insecure, marginal",,6.6
2020,Prairie provinces,Non-elderly females not in an economic family,,"Food insecure, moderate or severe",,20.6
2020,Prairie provinces,Non-elderly females not in an economic family,,"Food insecure, moderate",,11.4
2020,Prairie provinces,Non-elderly females not in an economic family,,"Food insecure, severe",,9.2
2020,Manitoba,All persons,,Food secure,46,82.9
2020,Manitoba,All persons,,Food insecure,46,17.1
2020,Manitoba,All persons,,"Food insecure, marginal",46,5.1
2020,Manitoba,All persons,,"Food insecure, moderate or severe",46,12.0
2020,Manitoba,All persons,,"Food insecure, moderate",46,8.5
2020,Manitoba,All persons,,"Food insecure, severe",46,3.5
2020,Manitoba,Persons in economic families,,Food secure,46,83.7
2020,Manitoba,Persons in economic families,,Food insecure,46,16.3
2020,Manitoba,Persons in economic families,,"Food insecure, marginal",46,5.0
2020,Manitoba,Persons in economic families,,"Food insecure, moderate or severe",46,11.3
2020,Manitoba,Persons in economic families,,"Food insecure, moderate",46,8.4
2020,Manitoba,Persons in economic families,,"Food insecure, severe",46,2.9
2020,Manitoba,Persons in elderly families,,Food secure,46,93.0
2020,Manitoba,Persons in elderly families,,Food insecure,46,7.0
2020,Manitoba,Persons in elderly families,,"Food insecure, marginal",46,2.2
2020,Manitoba,Persons in elderly families,,"Food insecure, moderate or severe",46,4.7
2020,Manitoba,Persons in elderly families,,"Food insecure, moderate",46,2.8
2020,Manitoba,Persons in elderly families,,"Food insecure, severe",46,
2020,Manitoba,Persons in elderly couples,,Food secure,46,94.2
2020,Manitoba,Persons in elderly couples,,Food insecure,46,5.8
2020,Manitoba,Persons in elderly couples,,"Food insecure, marginal",46,2.1
2020,Manitoba,Persons in elderly couples,,"Food insecure, moderate or severe",46,3.7
2020,Manitoba,Persons in elderly couples,,"Food insecure, moderate",46,2.3
2020,Manitoba,Persons in elderly couples,,"Food insecure, severe",46,
2020,Manitoba,Persons in other elderly families,,Food secure,46,90.0
2020,Manitoba,Persons in other elderly families,,Food insecure,46,10.0
2020,Manitoba,Persons in other elderly families,,"Food insecure, marginal",46,
2020,Manitoba,Persons in other elderly families,,"Food insecure, moderate or severe",46,7.3
2020,Manitoba,Persons in other elderly families,,"Food insecure, moderate",46,
2020,Manitoba,Persons in other elderly families,,"Food insecure, severe",46,
2020,Manitoba,Persons in non-elderly families,,Food secure,46,82.1
2020,Manitoba,Persons in non-elderly families,,Food insecure,46,17.9
2020,Manitoba,Persons in non-elderly families,,"Food insecure, marginal",46,5.5
2020,Manitoba,Persons in non-elderly families,,"Food insecure, moderate or severe",46,12.3
2020,Manitoba,Persons in non-elderly families,,"Food insecure, moderate",46,9.3
2020,Manitoba,Persons in non-elderly families,,"Food insecure, severe",46,3.0
2020,Manitoba,Persons in couples,,Food secure,46,87.0
2020,Manitoba,Persons in couples,,Food insecure,46,13.0
2020,Manitoba,Persons in couples,,"Food insecure, marginal",46,2.7
2020,Manitoba,Persons in couples,,"Food insecure, moderate or severe",46,10.3
2020,Manitoba,Persons in couples,,"Food insecure, moderate",46,6.3
2020,Manitoba,Persons in couples,,"Food insecure, severe",46,4.0
2020,Manitoba,Persons in couple families with children,,Food secure,46,82.5
2020,Manitoba,Persons in couple families with children,,Food insecure,46,17.5
2020,Manitoba,Persons in couple families with children,,"Food insecure, marginal",46,6.3
2020,Manitoba,Persons in couple families with children,,"Food insecure, moderate or severe",46,11.2
2020,Manitoba,Persons in couple families with children,,"Food insecure, moderate",46,9.5
2020,Manitoba,Persons in couple families with children,,"Food insecure, severe",46,1.7
2020,Manitoba,Persons in couple families with other relatives,,Food secure,46,89.4
2020,Manitoba,Persons in couple families with other relatives,,Food insecure,46,10.6
2020,Manitoba,Persons in couple families with other relatives,,"Food insecure, marginal",46,4.4
2020,Manitoba,Persons in couple families with other relatives,,"Food insecure, moderate or severe",46,6.2
2020,Manitoba,Persons in couple families with other relatives,,"Food insecure, moderate",46,4.9
2020,Manitoba,Persons in couple families with other relatives,,"Food insecure, severe",46,
2020,Manitoba,Persons in lone-parent families,,Food secure,46,61.0
2020,Manitoba,Persons in lone-parent families,,Food insecure,46,39.0
2020,Manitoba,Persons in lone-parent families,,"Food insecure, marginal",46,10.1
2020,Manitoba,Persons in lone-parent families,,"Food insecure, moderate or severe",46,28.9
2020,Manitoba,Persons in lone-parent families,,"Food insecure, moderate",46,21.1
2020,Manitoba,Persons in lone-parent families,,"Food insecure, severe",46,7.7
2020,Manitoba,Persons in male lone-parent families,,Food secure,46,70.5
2020,Manitoba,Persons in male lone-parent families,,Food insecure,46,
2020,Manitoba,Persons in male lone-parent families,,"Food insecure, marginal",46,
2020,Manitoba,Persons in male lone-parent families,,"Food insecure, moderate or severe",46,
2020,Manitoba,Persons in male lone-parent families,,"Food insecure, moderate",46,
2020,Manitoba,Persons in male lone-parent families,,"Food insecure, severe",46,
2020,Manitoba,Persons in female lone-parent families,,Food secure,46,58.2
2020,Manitoba,Persons in female lone-parent families,,Food insecure,46,41.8
2020,Manitoba,Persons in female lone-parent families,,"Food insecure, marginal",46,10.3
2020,Manitoba,Persons in female lone-parent families,,"Food insecure, moderate or severe",46,31.4
2020,Manitoba,Persons in female lone-parent families,,"Food insecure, moderate",46,22.0
2020,Manitoba,Persons in female lone-parent families,,"Food insecure, severe",46,
2020,Manitoba,Persons in other non-elderly families,,Food secure,46,78.6
2020,Manitoba,Persons in other non-elderly families,,Food insecure,46,21.4
2020,Manitoba,Persons in other non-elderly families,,"Food insecure, marginal",46,3.6
2020,Manitoba,Persons in other non-elderly families,,"Food insecure, moderate or severe",46,17.8
2020,Manitoba,Persons in other non-elderly families,,"Food insecure, moderate",46,10.0
2020,Manitoba,Persons in other non-elderly families,,"Food insecure, severe",46,7.8
2020,Manitoba,Persons not in an economic family,,Food secure,46,78.6
2020,Manitoba,Persons not in an economic family,,Food insecure,46,21.4
2020,Manitoba,Persons not in an economic family,,"Food insecure, marginal",46,5.2
2020,Manitoba,Persons not in an economic family,,"Food insecure, moderate or severe",46,16.2
2020,Manitoba,Persons not in an economic family,,"Food insecure, moderate",46,9.1
2020,Manitoba,Persons not in an economic family,,"Food insecure, severe",46,7.1
2020,Manitoba,Elderly persons not in an economic family,,Food secure,46,87.6
2020,Manitoba,Elderly persons not in an economic family,,Food insecure,46,12.4
2020,Manitoba,Elderly persons not in an economic family,,"Food insecure, marginal",46,3.5
2020,Manitoba,Elderly persons not in an economic family,,"Food insecure, moderate or severe",46,8.9
2020,Manitoba,Elderly persons not in an economic family,,"Food insecure, moderate",46,5.7
2020,Manitoba,Elderly persons not in an economic family,,"Food insecure, severe",46,3.2
2020,Manitoba,Elderly males not in an economic family,,Food secure,46,84.0
2020,Manitoba,Elderly males not in an economic family,,Food insecure,46,16.0
2020,Manitoba,Elderly males not in an economic family,,"Food insecure, marginal",46,
2020,Manitoba,Elderly males not in an economic family,,"Food insecure, moderate or severe",46,12.3
2020,Manitoba,Elderly males not in an economic family,,"Food insecure, moderate",46,9.4
2020,Manitoba,Elderly males not in an economic family,,"Food insecure, severe",46,
2020,Manitoba,Elderly females not in an economic family,,Food secure,46,89.4
2020,Manitoba,Elderly females not in an economic family,,Food insecure,46,10.6
2020,Manitoba,Elderly females not in an economic family,,"Food insecure, marginal",46,3.4
2020,Manitoba,Elderly females not in an economic family,,"Food insecure, moderate or severe",46,7.2
2020,Manitoba,Elderly females not in an economic family,,"Food insecure, moderate",46,3.9
2020,Manitoba,Elderly females not in an economic family,,"Food insecure, severe",46,
2020,Manitoba,Non-elderly persons not in an economic family,,Food secure,46,74.4
2020,Manitoba,Non-elderly persons not in an economic family,,Food insecure,46,25.6
2020,Manitoba,Non-elderly persons not in an economic family,,"Food insecure, marginal",46,6.0
2020,Manitoba,Non-elderly persons not in an economic family,,"Food insecure, moderate or severe",46,19.6
2020,Manitoba,Non-elderly persons not in an economic family,,"Food insecure, moderate",46,10.7
2020,Manitoba,Non-elderly persons not in an economic family,,"Food insecure, severe",46,8.9
2020,Manitoba,Non-elderly males not in an economic family,,Food secure,46,75.6
2020,Manitoba,Non-elderly males not in an economic family,,Food insecure,46,24.4
2020,Manitoba,Non-elderly males not in an economic family,,"Food insecure, marginal",46,5.0
2020,Manitoba,Non-elderly males not in an economic family,,"Food insecure, moderate or severe",46,19.5
2020,Manitoba,Non-elderly males not in an economic family,,"Food insecure, moderate",46,11.5
2020,Manitoba,Non-elderly males not in an economic family,,"Food insecure, severe",46,8.0
2020,Manitoba,Non-elderly females not in an economic family,,Food secure,46,72.8
2020,Manitoba,Non-elderly females not in an economic family,,Food insecure,46,27.2
2020,Manitoba,Non-elderly females not in an economic family,,"Food insecure, marginal",46,7.4
2020,Manitoba,Non-elderly females not in an economic family,,"Food insecure, moderate or severe",46,19.7
2020,Manitoba,Non-elderly females not in an economic family,,"Food insecure, moderate",46,9.5
2020,Manitoba,Non-elderly females not in an economic family,,"Food insecure, severe",46,10.2
2020,Saskatchewan,All persons,,Food secure,47,81.5
2020,Saskatchewan,All persons,,Food insecure,47,18.5
2020,Saskatchewan,All persons,,"Food insecure, marginal",47,5.7
2020,Saskatchewan,All persons,,"Food insecure, moderate or severe",47,12.9
2020,Saskatchewan,All persons,,"Food insecure, moderate",47,8.0
2020,Saskatchewan,All persons,,"Food insecure, severe",47,4.8
2020,Saskatchewan,Persons in economic families,,Food secure,47,82.3
2020,Saskatchewan,Persons in economic families,,Food insecure,47,17.7
2020,Saskatchewan,Persons in economic families,,"Food insecure, marginal",47,5.7
2020,Saskatchewan,Persons in economic families,,"Food insecure, moderate or severe",47,12.0
2020,Saskatchewan,Persons in economic families,,"Food insecure, moderate",47,8.0
2020,Saskatchewan,Persons in economic families,,"Food insecure, severe",47,4.0
2020,Saskatchewan,Persons in elderly families,,Food secure,47,94.7
2020,Saskatchewan,Persons in elderly families,,Food insecure,47,5.3
2020,Saskatchewan,Persons in elderly families,,"Food insecure, marginal",47,2.4
2020,Saskatchewan,Persons in elderly families,,"Food insecure, moderate or severe",47,2.9
2020,Saskatchewan,Persons in elderly families,,"Food insecure, moderate",47,1.9
2020,Saskatchewan,Persons in elderly families,,"Food insecure, severe",47,
2020,Saskatchewan,Persons in elderly couples,,Food secure,47,95.9
2020,Saskatchewan,Persons in elderly couples,,Food insecure,47,4.1
2020,Saskatchewan,Persons in elderly couples,,"Food insecure, marginal",47,
2020,Saskatchewan,Persons in elderly couples,,"Food insecure, moderate or severe",47,2.4
2020,Saskatchewan,Persons in elderly couples,,"Food insecure, moderate",47,
2020,Saskatchewan,Persons in elderly couples,,"Food insecure, severe",47,
2020,Saskatchewan,Persons in other elderly families,,Food secure,47,90.3
2020,Saskatchewan,Persons in other elderly families,,Food insecure,47,
2020,Saskatchewan,Persons in other elderly families,,"Food insecure, marginal",47,
2020,Saskatchewan,Persons in other elderly families,,"Food insecure, moderate or severe",47,
2020,Saskatchewan,Persons in other elderly families,,"Food insecure, moderate",47,
2020,Saskatchewan,Persons in other elderly families,,"Food insecure, severe",47,
2020,Saskatchewan,Persons in non-elderly families,,Food secure,47,80.4
2020,Saskatchewan,Persons in non-elderly families,,Food insecure,47,19.6
2020,Saskatchewan,Persons in non-elderly families,,"Food insecure, marginal",47,6.2
2020,Saskatchewan,Persons in non-elderly families,,"Food insecure, moderate or severe",47,13.4
2020,Saskatchewan,Persons in non-elderly families,,"Food insecure, moderate",47,8.9
2020,Saskatchewan,Persons in non-elderly families,,"Food insecure, severe",47,4.5
2020,Saskatchewan,Persons in couples,,Food secure,47,86.0
2020,Saskatchewan,Persons in couples,,Food insecure,47,14.0
2020,Saskatchewan,Persons in couples,,"Food insecure, marginal",47,2.9
2020,Saskatchewan,Persons in couples,,"Food insecure, moderate or severe",47,11.1
2020,Saskatchewan,Persons in couples,,"Food insecure, moderate",47,6.9
2020,Saskatchewan,Persons in couples,,"Food insecure, severe",47,4.2
2020,Saskatchewan,Persons in couple families with children,,Food secure,47,81.6
2020,Saskatchewan,Persons in couple families with children,,Food insecure,47,18.4
2020,Saskatchewan,Persons in couple families with children,,"Food insecure, marginal",47,7.4
2020,Saskatchewan,Persons in couple families with children,,"Food insecure, moderate or severe",47,10.9
2020,Saskatchewan,Persons in couple families with children,,"Food insecure, moderate",47,7.2
2020,Saskatchewan,Persons in couple families with children,,"Food insecure, severe",47,3.8
2020,Saskatchewan,Persons in couple families with other relatives,,Food secure,47,89.1
2020,Saskatchewan,Persons in couple families with other relatives,,Food insecure,47,10.9
2020,Saskatchewan,Persons in couple families with other relatives,,"Food insecure, marginal",47,
2020,Saskatchewan,Persons in couple families with other relatives,,"Food insecure, moderate or severe",47,7.0
2020,Saskatchewan,Persons in couple families with other relatives,,"Food insecure, moderate",47,5.7
2020,Saskatchewan,Persons in couple families with other relatives,,"Food insecure, severe",47,
2020,Saskatchewan,Persons in lone-parent families,,Food secure,47,53.4
2020,Saskatchewan,Persons in lone-parent families,,Food insecure,47,46.6
2020,Saskatchewan,Persons in lone-parent families,,"Food insecure, marginal",47,10.4
2020,Saskatchewan,Persons in lone-parent families,,"Food insecure, moderate or severe",47,36.3
2020,Saskatchewan,Persons in lone-parent families,,"Food insecure, moderate",47,23.0
2020,Saskatchewan,Persons in lone-parent families,,"Food insecure, severe",47,13.3
2020,Saskatchewan,Persons in male lone-parent families,,Food secure,47,68.0
2020,Saskatchewan,Persons in male lone-parent families,,Food insecure,47,32.0
2020,Saskatchewan,Persons in male lone-parent families,,"Food insecure, marginal",47,
2020,Saskatchewan,Persons in male lone-parent families,,"Food insecure, moderate or severe",47,
2020,Saskatchewan,Persons in male lone-parent families,,"Food insecure, moderate",47,
2020,Saskatchewan,Persons in male lone-parent families,,"Food insecure, severe",47,
2020,Saskatchewan,Persons in female lone-parent families,,Food secure,47,49.8
2020,Saskatchewan,Persons in female lone-parent families,,Food insecure,47,50.2
2020,Saskatchewan,Persons in female lone-parent families,,"Food insecure, marginal",47,
2020,Saskatchewan,Persons in female lone-parent families,,"Food insecure, moderate or severe",47,41.8
2020,Saskatchewan,Persons in female lone-parent families,,"Food insecure, moderate",47,25.6
2020,Saskatchewan,Persons in female lone-parent families,,"Food insecure, severe",47,16.2
2020,Saskatchewan,Persons in other non-elderly families,,Food secure,47,73.8
2020,Saskatchewan,Persons in other non-elderly families,,Food insecure,47,26.2
2020,Saskatchewan,Persons in other non-elderly families,,"Food insecure, marginal",47,
2020,Saskatchewan,Persons in other non-elderly families,,"Food insecure, moderate or severe",47,22.6
2020,Saskatchewan,Persons in other non-elderly families,,"Food insecure, moderate",47,16.4
2020,Saskatchewan,Persons in other non-elderly families,,"Food insecure, severe",47,
2020,Saskatchewan,Persons not in an economic family,,Food secure,47,76.9
2020,Saskatchewan,Persons not in an economic family,,Food insecure,47,23.1
2020,Saskatchewan,Persons not in an economic family,,"Food insecure, marginal",47,5.8
2020,Saskatchewan,Persons not in an economic family,,"Food insecure, moderate or severe",47,17.3
2020,Saskatchewan,Persons not in an economic family,,"Food insecure, moderate",47,8.3
2020,Saskatchewan,Persons not in an economic family,,"Food insecure, severe",47,9.0
2020,Saskatchewan,Elderly persons not in an economic family,,Food secure,47,88.7
2020,Saskatchewan,Elderly persons not in an economic family,,Food insecure,47,11.3
2020,Saskatchewan,Elderly persons not in an economic family,,"Food insecure, marginal",47,4.8
2020,Saskatchewan,Elderly persons not in an economic family,,"Food insecure, moderate or severe",47,6.5
2020,Saskatchewan,Elderly persons not in an economic family,,"Food insecure, moderate",47,4.4
2020,Saskatchewan,Elderly persons not in an economic family,,"Food insecure, severe",47,
2020,Saskatchewan,Elderly males not in an economic family,,Food secure,47,86.6
2020,Saskatchewan,Elderly males not in an economic family,,Food insecure,47,13.4
2020,Saskatchewan,Elderly males not in an economic family,,"Food insecure, marginal",47,
2020,Saskatchewan,Elderly males not in an economic family,,"Food insecure, moderate or severe",47,9.4
2020,Saskatchewan,Elderly males not in an economic family,,"Food insecure, moderate",47,
2020,Saskatchewan,Elderly males not in an economic family,,"Food insecure, severe",47,
2020,Saskatchewan,Elderly females not in an economic family,,Food secure,47,89.9
2020,Saskatchewan,Elderly females not in an economic family,,Food insecure,47,10.1
2020,Saskatchewan,Elderly females not in an economic family,,"Food insecure, marginal",47,5.3
2020,Saskatchewan,Elderly females not in an economic family,,"Food insecure, moderate or severe",47,4.7
2020,Saskatchewan,Elderly females not in an economic family,,"Food insecure, moderate",47,
2020,Saskatchewan,Elderly females not in an economic family,,"Food insecure, severe",47,
2020,Saskatchewan,Non-elderly persons not in an economic family,,Food secure,47,70.9
2020,Saskatchewan,Non-elderly persons not in an economic family,,Food insecure,47,29.1
2020,Saskatchewan,Non-elderly persons not in an economic family,,"Food insecure, marginal",47,6.3
2020,Saskatchewan,Non-elderly persons not in an economic family,,"Food insecure, moderate or severe",47,22.8
2020,Saskatchewan,Non-elderly persons not in an economic family,,"Food insecure, moderate",47,10.3
2020,Saskatchewan,Non-elderly persons not in an economic family,,"Food insecure, severe",47,12.5
2020,Saskatchewan,Non-elderly males not in an economic family,,Food secure,47,71.7
2020,Saskatchewan,Non-elderly males not in an economic family,,Food insecure,47,28.3
2020,Saskatchewan,Non-elderly males not in an economic family,,"Food insecure, marginal",47,5.5
2020,Saskatchewan,Non-elderly males not in an economic family,,"Food insecure, moderate or severe",47,22.8
2020,Saskatchewan,Non-elderly males not in an economic family,,"Food insecure, moderate",47,8.6
2020,Saskatchewan,Non-elderly males not in an economic family,,"Food insecure, severe",47,14.2
2020,Saskatchewan,Non-elderly females not in an economic family,,Food secure,47,69.7
2020,Saskatchewan,Non-elderly females not in an economic family,,Food insecure,47,30.3
2020,Saskatchewan,Non-elderly females not in an economic family,,"Food insecure, marginal",47,7.5
2020,Saskatchewan,Non-elderly females not in an economic family,,"Food insecure, moderate or severe",47,22.8
2020,Saskatchewan,Non-elderly females not in an economic family,,"Food insecure, moderate",47,13.0
2020,Saskatchewan,Non-elderly females not in an economic family,,"Food insecure, severe",47,9.8
2020,Alberta,All persons,,Food secure,48,80.3
2020,Alberta,All persons,,Food insecure,48,19.7
2020,Alberta,All persons,,"Food insecure, marginal",48,4.6
2020,Alberta,All persons,,"Food insecure, moderate or severe",48,15.1
2020,Alberta,All persons,,"Food insecure, moderate",48,9.7
2020,Alberta,All persons,,"Food insecure, severe",48,5.4
2020,Alberta,Persons in economic families,,Food secure,48,81.1
2020,Alberta,Persons in economic families,,Food insecure,48,18.9
2020,Alberta,Persons in economic families,,"Food insecure, marginal",48,4.5
2020,Alberta,Persons in economic families,,"Food insecure, moderate or severe",48,14.4
2020,Alberta,Persons in economic families,,"Food insecure, moderate",48,9.6
2020,Alberta,Persons in economic families,,"Food insecure, severe",48,4.8
2020,Alberta,Persons in elderly families,,Food secure,48,91.3
2020,Alberta,Persons in elderly families,,Food insecure,48,8.7
2020,Alberta,Persons in elderly families,,"Food insecure, marginal",48,3.6
2020,Alberta,Persons in elderly families,,"Food insecure, moderate or severe",48,5.1
2020,Alberta,Persons in elderly families,,"Food insecure, moderate",48,3.2
2020,Alberta,Persons in elderly families,,"Food insecure, severe",48,1.8
2020,Alberta,Persons in elderly couples,,Food secure,48,93.2
2020,Alberta,Persons in elderly couples,,Food insecure,48,6.8
2020,Alberta,Persons in elderly couples,,"Food insecure, marginal",48,2.7
2020,Alberta,Persons in elderly couples,,"Food insecure, moderate or severe",48,4.0
2020,Alberta,Persons in elderly couples,,"Food insecure, moderate",48,1.9
2020,Alberta,Persons in elderly couples,,"Food insecure, severe",48,
2020,Alberta,Persons in other elderly families,,Food secure,48,87.1
2020,Alberta,Persons in other elderly families,,Food insecure,48,12.9
2020,Alberta,Persons in other elderly families,,"Food insecure, marginal",48,
2020,Alberta,Persons in other elderly families,,"Food insecure, moderate or severe",48,
2020,Alberta,Persons in other elderly families,,"Food insecure, moderate",48,
2020,Alberta,Persons in other elderly families,,"Food insecure, severe",48,
2020,Alberta,Persons in non-elderly families,,Food secure,48,79.8
2020,Alberta,Persons in non-elderly families,,Food insecure,48,20.2
2020,Alberta,Persons in non-elderly families,,"Food insecure, marginal",48,4.6
2020,Alberta,Persons in non-elderly families,,"Food insecure, moderate or severe",48,15.6
2020,Alberta,Persons in non-elderly families,,"Food insecure, moderate",48,10.4
2020,Alberta,Persons in non-elderly families,,"Food insecure, severe",48,5.2
2020,Alberta,Persons in couples,,Food secure,48,83.4
2020,Alberta,Persons in couples,,Food insecure,48,16.6
2020,Alberta,Persons in couples,,"Food insecure, marginal",48,5.1
2020,Alberta,Persons in couples,,"Food insecure, moderate or severe",48,11.5
2020,Alberta,Persons in couples,,"Food insecure, moderate",48,7.0
2020,Alberta,Persons in couples,,"Food insecure, severe",48,4.5
2020,Alberta,Persons in couple families with children,,Food secure,48,80.4
2020,Alberta,Persons in couple families with children,,Food insecure,48,19.6
2020,Alberta,Persons in couple families with children,,"Food insecure, marginal",48,5.0
2020,Alberta,Persons in couple families with children,,"Food insecure, moderate or severe",48,14.6
2020,Alberta,Persons in couple families with children,,"Food insecure, moderate",48,10.8
2020,Alberta,Persons in couple families with children,,"Food insecure, severe",48,3.8
2020,Alberta,Persons in couple families with other relatives,,Food secure,48,81.3
2020,Alberta,Persons in couple families with other relatives,,Food insecure,48,18.7
2020,Alberta,Persons in couple families with other relatives,,"Food insecure, marginal",48,
2020,Alberta,Persons in couple families with other relatives,,"Food insecure, moderate or severe",48,16.6
2020,Alberta,Persons in couple families with other relatives,,"Food insecure, moderate",48,
2020,Alberta,Persons in couple families with other relatives,,"Food insecure, severe",48,
2020,Alberta,Persons in lone-parent families,,Food secure,48,60.6
2020,Alberta,Persons in lone-parent families,,Food insecure,48,39.4
2020,Alberta,Persons in lone-parent families,,"Food insecure, marginal",48,7.2
2020,Alberta,Persons in lone-parent families,,"Food insecure, moderate or severe",48,32.1
2020,Alberta,Persons in lone-parent families,,"Food insecure, moderate",48,23.5
2020,Alberta,Persons in lone-parent families,,"Food insecure, severe",48,8.6
2020,Alberta,Persons in male lone-parent families,,Food secure,48,65.1
2020,Alberta,Persons in male lone-parent families,,Food insecure,48,
2020,Alberta,Persons in male lone-parent families,,"Food insecure, marginal",48,
2020,Alberta,Persons in male lone-parent families,,"Food insecure, moderate or severe",48,
2020,Alberta,Persons in male lone-parent families,,"Food insecure, moderate",48,
2020,Alberta,Persons in male lone-parent families,,"Food insecure, severe",48,
2020,Alberta,Persons in female lone-parent families,,Food secure,48,59.5
2020,Alberta,Persons in female lone-parent families,,Food insecure,48,40.5
2020,Alberta,Persons in female lone-parent families,,"Food insecure, marginal",48,
2020,Alberta,Persons in female lone-parent families,,"Food insecure, moderate or severe",48,31.9
2020,Alberta,Persons in female lone-parent families,,"Food insecure, moderate",48,22.0
2020,Alberta,Persons in female lone-parent families,,"Food insecure, severe",48,9.9
2020,Alberta,Persons in other non-elderly families,,Food secure,48,78.0
2020,Alberta,Persons in other non-elderly families,,Food insecure,48,22.0
2020,Alberta,Persons in other non-elderly families,,"Food insecure, marginal",48,
2020,Alberta,Persons in other non-elderly families,,"Food insecure, moderate or severe",48,17.6
2020,Alberta,Persons in other non-elderly families,,"Food insecure, moderate",48,
2020,Alberta,Persons in other non-elderly families,,"Food insecure, severe",48,
2020,Alberta,Persons not in an economic family,,Food secure,48,75.6
2020,Alberta,Persons not in an economic family,,Food insecure,48,24.4
2020,Alberta,Persons not in an economic family,,"Food insecure, marginal",48,5.2
2020,Alberta,Persons not in an economic family,,"Food insecure, moderate or severe",48,19.1
2020,Alberta,Persons not in an economic family,,"Food insecure, moderate",48,10.5
2020,Alberta,Persons not in an economic family,,"Food insecure, severe",48,8.6
2020,Alberta,Elderly persons not in an economic family,,Food secure,48,82.2
2020,Alberta,Elderly persons not in an economic family,,Food insecure,48,17.8
2020,Alberta,Elderly persons not in an economic family,,"Food insecure, marginal",48,3.9
2020,Alberta,Elderly persons not in an economic family,,"Food insecure, moderate or severe",48,13.8
2020,Alberta,Elderly persons not in an economic family,,"Food insecure, moderate",48,8.4
2020,Alberta,Elderly persons not in an economic family,,"Food insecure, severe",48,5.4
2020,Alberta,Elderly males not in an economic family,,Food secure,48,79.5
2020,Alberta,Elderly males not in an economic family,,Food insecure,48,20.5
2020,Alberta,Elderly males not in an economic family,,"Food insecure, marginal",48,
2020,Alberta,Elderly males not in an economic family,,"Food insecure, moderate or severe",48,14.2
2020,Alberta,Elderly males not in an economic family,,"Food insecure, moderate",48,6.2
2020,Alberta,Elderly males not in an economic family,,"Food insecure, severe",48,
2020,Alberta,Elderly females not in an economic family,,Food secure,48,84.0
2020,Alberta,Elderly females not in an economic family,,Food insecure,48,16.0
2020,Alberta,Elderly females not in an economic family,,"Food insecure, marginal",48,
2020,Alberta,Elderly females not in an economic family,,"Food insecure, moderate or severe",48,13.6
2020,Alberta,Elderly females not in an economic family,,"Food insecure, moderate",48,9.8
2020,Alberta,Elderly females not in an economic family,,"Food insecure, severe",48,
2020,Alberta,Non-elderly persons not in an economic family,,Food secure,48,73.3
2020,Alberta,Non-elderly persons not in an economic family,,Food insecure,48,26.7
2020,Alberta,Non-elderly persons not in an economic family,,"Food insecure, marginal",48,5.7
2020,Alberta,Non-elderly persons not in an economic family,,"Food insecure, moderate or severe",48,21.0
2020,Alberta,Non-elderly persons not in an economic family,,"Food insecure, moderate",48,11.3
2020,Alberta,Non-elderly persons not in an economic family,,"Food insecure, severe",48,9.7
2020,Alberta,Non-elderly males not in an economic family,,Food secure,48,73.2
2020,Alberta,Non-elderly males not in an economic family,,Food insecure,48,26.8
2020,Alberta,Non-elderly males not in an economic family,,"Food insecure, marginal",48,
2020,Alberta,Non-elderly males not in an economic family,,"Food insecure, moderate or severe",48,21.4
2020,Alberta,Non-elderly males not in an economic family,,"Food insecure, moderate",48,11.1
2020,Alberta,Non-elderly males not in an economic family,,"Food insecure, severe",48,10.3
2020,Alberta,Non-elderly females not in an economic family,,Food secure,48,73.6
2020,Alberta,Non-elderly females not in an economic family,,Food insecure,48,26.4
2020,Alberta,Non-elderly females not in an economic family,,"Food insecure, marginal",48,6.1
2020,Alberta,Non-elderly females not in an economic family,,"Food insecure, moderate or severe",48,20.4
2020,Alberta,Non-elderly females not in an economic family,,"Food insecure, moderate",48,11.5
2020,Alberta,Non-elderly females not in an economic family,,"Food insecure, severe",48,8.8
2020,British Columbia,All persons,,Food secure,59,85.4
2020,British Columbia,All persons,,Food insecure,59,14.6
2020,British Columbia,All persons,,"Food insecure, marginal",59,4.6
2020,British Columbia,All persons,,"Food insecure, moderate or severe",59,10.0
2020,British Columbia,All persons,,"Food insecure, moderate",59,7.3
2020,British Columbia,All persons,,"Food insecure, severe",59,2.7
2020,British Columbia,Persons in economic families,,Food secure,59,86.3
2020,British Columbia,Persons in economic families,,Food insecure,59,13.7
2020,British Columbia,Persons in economic families,,"Food insecure, marginal",59,4.5
2020,British Columbia,Persons in economic families,,"Food insecure, moderate or severe",59,9.2
2020,British Columbia,Persons in economic families,,"Food insecure, moderate",59,7.0
2020,British Columbia,Persons in economic families,,"Food insecure, severe",59,2.3
2020,British Columbia,Persons in elderly families,,Food secure,59,92.6
2020,British Columbia,Persons in elderly families,,Food insecure,59,7.4
2020,British Columbia,Persons in elderly families,,"Food insecure, marginal",59,
2020,British Columbia,Persons in elderly families,,"Food insecure, moderate or severe",59,4.1
2020,British Columbia,Persons in elderly families,,"Food insecure, moderate",59,3.6
2020,British Columbia,Persons in elderly families,,"Food insecure, severe",59,
2020,British Columbia,Persons in elderly couples,,Food secure,59,94.9
2020,British Columbia,Persons in elderly couples,,Food insecure,59,5.1
2020,British Columbia,Persons in elderly couples,,"Food insecure, marginal",59,1.8
2020,British Columbia,Persons in elderly couples,,"Food insecure, moderate or severe",59,3.2
2020,British Columbia,Persons in elderly couples,,"Food insecure, moderate",59,2.8
2020,British Columbia,Persons in elderly couples,,"Food insecure, severe",59,
2020,British Columbia,Persons in other elderly families,,Food secure,59,87.0
2020,British Columbia,Persons in other elderly families,,Food insecure,59,
2020,British Columbia,Persons in other elderly families,,"Food insecure, marginal",59,
2020,British Columbia,Persons in other elderly families,,"Food insecure, moderate or severe",59,
2020,British Columbia,Persons in other elderly families,,"Food insecure, moderate",59,
2020,British Columbia,Persons in other elderly families,,"Food insecure, severe",59,
2020,British Columbia,Persons in non-elderly families,,Food secure,59,85.1
2020,British Columbia,Persons in non-elderly families,,Food insecure,59,14.9
2020,British Columbia,Persons in non-elderly families,,"Food insecure, marginal",59,4.7
2020,British Columbia,Persons in non-elderly families,,"Food insecure, moderate or severe",59,10.2
2020,British Columbia,Persons in non-elderly families,,"Food insecure, moderate",59,7.6
2020,British Columbia,Persons in non-elderly families,,"Food insecure, severe",59,2.6
2020,British Columbia,Persons in couples,,Food secure,59,88.5
2020,British Columbia,Persons in couples,,Food insecure,59,11.5
2020,British Columbia,Persons in couples,,"Food insecure, marginal",59,3.5
2020,British Columbia,Persons in couples,,"Food insecure, moderate or severe",59,8.1
2020,British Columbia,Persons in couples,,"Food insecure, moderate",59,5.7
2020,British Columbia,Persons in couples,,"Food insecure, severe",59,2.4
2020,British Columbia,Persons in couple families with children,,Food secure,59,84.6
2020,British Columbia,Persons in couple families with children,,Food insecure,59,15.4
2020,British Columbia,Persons in couple families with children,,"Food insecure, marginal",59,6.0
2020,British Columbia,Persons in couple families with children,,"Food insecure, moderate or severe",59,9.4
2020,British Columbia,Persons in couple families with children,,"Food insecure, moderate",59,7.2
2020,British Columbia,Persons in couple families with children,,"Food insecure, severe",59,2.2
2020,British Columbia,Persons in couple families with other relatives,,Food secure,59,86.8
2020,British Columbia,Persons in couple families with other relatives,,Food insecure,59,13.2
2020,British Columbia,Persons in couple families with other relatives,,"Food insecure, marginal",59,
2020,British Columbia,Persons in couple families with other relatives,,"Food insecure, moderate or severe",59,9.1
2020,British Columbia,Persons in couple families with other relatives,,"Food insecure, moderate",59,
2020,British Columbia,Persons in couple families with other relatives,,"Food insecure, severe",59,
2020,British Columbia,Persons in lone-parent families,,Food secure,59,70.7
2020,British Columbia,Persons in lone-parent families,,Food insecure,59,29.3
2020,British Columbia,Persons in lone-parent families,,"Food insecure, marginal",59,5.9
2020,British Columbia,Persons in lone-parent families,,"Food insecure, moderate or severe",59,23.4
2020,British Columbia,Persons in lone-parent families,,"Food insecure, moderate",59,12.4
2020,British Columbia,Persons in lone-parent families,,"Food insecure, severe",59,11.0
2020,British Columbia,Persons in male lone-parent families,,Food secure,59,72.0
2020,British Columbia,Persons in male lone-parent families,,Food insecure,59,28.0
2020,British Columbia,Persons in male lone-parent families,,"Food insecure, marginal",59,
2020,British Columbia,Persons in male lone-parent families,,"Food insecure, moderate or severe",59,
2020,British Columbia,Persons in male lone-parent families,,"Food insecure, moderate",59,
2020,British Columbia,Persons in male lone-parent families,,"Food insecure, severe",59,
2020,British Columbia,Persons in female lone-parent families,,Food secure,59,70.3
2020,British Columbia,Persons in female lone-parent families,,Food insecure,59,29.7
2020,British Columbia,Persons in female lone-parent families,,"Food insecure, marginal",59,
2020,British Columbia,Persons in female lone-parent families,,"Food insecure, moderate or severe",59,25.3
2020,British Columbia,Persons in female lone-parent families,,"Food insecure, moderate",59,13.4
2020,British Columbia,Persons in female lone-parent families,,"Food insecure, severe",59,11.9
2020,British Columbia,Persons in other non-elderly families,,Food secure,59,84.9
2020,British Columbia,Persons in other non-elderly families,,Food insecure,59,15.1
2020,British Columbia,Persons in other non-elderly families,,"Food insecure, marginal",59,
2020,British Columbia,Persons in other non-elderly families,,"Food insecure, moderate or severe",59,13.0
2020,British Columbia,Persons in other non-elderly families,,"Food insecure, moderate",59,10.2
2020,British Columbia,Persons in other non-elderly families,,"Food insecure, severe",59,2.9
2020,British Columbia,Persons not in an economic family,,Food secure,59,81.8
2020,British Columbia,Persons not in an economic family,,Food insecure,59,18.2
2020,British Columbia,Persons not in an economic family,,"Food insecure, marginal",59,4.9
2020,British Columbia,Persons not in an economic family,,"Food insecure, moderate or severe",59,13.3
2020,British Columbia,Persons not in an economic family,,"Food insecure, moderate",59,8.6
2020,British Columbia,Persons not in an economic family,,"Food insecure, severe",59,4.6
2020,British Columbia,Elderly persons not in an economic family,,Food secure,59,86.6
2020,British Columbia,Elderly persons not in an economic family,,Food insecure,59,13.4
2020,British Columbia,Elderly persons not in an economic family,,"Food insecure, marginal",59,
2020,British Columbia,Elderly persons not in an economic family,,"Food insecure, moderate or severe",59,9.1
2020,British Columbia,Elderly persons not in an economic family,,"Food insecure, moderate",59,6.8
2020,British Columbia,Elderly persons not in an economic family,,"Food insecure, severe",59,2.2
2020,British Columbia,Elderly males not in an economic family,,Food secure,59,87.3
2020,British Columbia,Elderly males not in an economic family,,Food insecure,59,12.7
2020,British Columbia,Elderly males not in an economic family,,"Food insecure, marginal",59,
2020,British Columbia,Elderly males not in an economic family,,"Food insecure, moderate or severe",59,7.0
2020,British Columbia,Elderly males not in an economic family,,"Food insecure, moderate",59,
2020,British Columbia,Elderly males not in an economic family,,"Food insecure, severe",59,
2020,British Columbia,Elderly females not in an economic family,,Food secure,59,86.2
2020,British Columbia,Elderly females not in an economic family,,Food insecure,59,13.8
2020,British Columbia,Elderly females not in an economic family,,"Food insecure, marginal",59,3.5
2020,British Columbia,Elderly females not in an economic family,,"Food insecure, moderate or severe",59,10.3
2020,British Columbia,Elderly females not in an economic family,,"Food insecure, moderate",59,7.2
2020,British Columbia,Elderly females not in an economic family,,"Food insecure, severe",59,3.2
2020,British Columbia,Non-elderly persons not in an economic family,,Food secure,59,79.9
2020,British Columbia,Non-elderly persons not in an economic family,,Food insecure,59,20.1
2020,British Columbia,Non-elderly persons not in an economic family,,"Food insecure, marginal",59,5.1
2020,British Columbia,Non-elderly persons not in an economic family,,"Food insecure, moderate or severe",59,14.9
2020,British Columbia,Non-elderly persons not in an economic family,,"Food insecure, moderate",59,9.4
2020,British Columbia,Non-elderly persons not in an economic family,,"Food insecure, severe",59,5.6
2020,British Columbia,Non-elderly males not in an economic family,,Food secure,59,82.9
2020,British Columbia,Non-elderly males not in an economic family,,Food insecure,59,17.1
2020,British Columbia,Non-elderly males not in an economic family,,"Food insecure, marginal",59,3.8
2020,British Columbia,Non-elderly males not in an economic family,,"Food insecure, moderate or severe",59,13.3
2020,British Columbia,Non-elderly males not in an economic family,,"Food insecure, moderate",59,7.4
2020,British Columbia,Non-elderly males not in an economic family,,"Food insecure, severe",59,
2020,British Columbia,Non-elderly females not in an economic family,,Food secure,59,76.3
2020,British Columbia,Non-elderly females not in an economic family,,Food insecure,59,23.7
2020,British Columbia,Non-elderly females not in an economic family,,"Food insecure, marginal",59,6.7
2020,British Columbia,Non-elderly females not in an economic family,,"Food insecure, moderate or severe",59,17.0
2020,British Columbia,Non-elderly females not in an economic family,,"Food insecure, moderate",59,11.8
2020,British Columbia,Non-elderly females not in an economic family,,"Food insecure, severe",59,5.2
2021,Canada,All persons,,Food secure,,81.6
2021,Canada,All persons,,Food insecure,,18.4
2021,Canada,All persons,,"Food insecure, marginal",,5.6
2021,Canada,All persons,,"Food insecure, moderate",,8.9
2021,Canada,All persons,,"Food insecure, severe",,4.0
2021,Canada,Persons in economic families,,Food secure,,81.9
2021,Canada,Persons in economic families,,Food insecure,,18.1
2021,Canada,Persons in economic families,,"Food insecure, marginal",,5.7
2021,Canada,Persons in economic families,,"Food insecure, moderate or severe",,12.4
2021,Canada,Persons in economic families,,"Food insecure, moderate",,9.0
2021,Canada,Persons in economic families,,"Food insecure, severe",,3.4
2021,Canada,Persons in elderly families,,Food secure,,91.7
2021,Canada,Persons in elderly families,,Food insecure,,8.3
2021,Canada,Persons in elderly families,,"Food insecure, marginal",,3.4
2021,Canada,Persons in elderly families,,"Food insecure, moderate or severe",,4.9
2021,Canada,Persons in elderly families,,"Food insecure, moderate",,3.7
2021,Canada,Persons in elderly families,,"Food insecure, severe",,1.2
2021,Canada,Persons in elderly couples,,Food secure,,93.6
2021,Canada,Persons in elderly couples,,Food insecure,,6.4
2021,Canada,Persons in elderly couples,,"Food insecure, marginal",,3.1
2021,Canada,Persons in elderly couples,,"Food insecure, moderate or severe",,3.3
2021,Canada,Persons in elderly couples,,"Food insecure, moderate",,2.7
2021,Canada,Persons in elderly couples,,"Food insecure, severe",,0.7
2021,Canada,Persons in other elderly families,,Food secure,,87.1
2021,Canada,Persons in other elderly families,,Food insecure,,12.9
2021,Canada,Persons in other elderly families,,"Food insecure, marginal",,4.1
2021,Canada,Persons in other elderly families,,"Food insecure, moderate or severe",,8.8
2021,Canada,Persons in other elderly families,,"Food insecure, moderate",,6.2
2021,Canada,Persons in other elderly families,,"Food insecure, severe",,2.6
2021,Canada,Persons in non-elderly families,,Food secure,,80.2
2021,Canada,Persons in non-elderly families,,Food insecure,,19.8
2021,Canada,Persons in non-elderly families,,"Food insecure, marginal",,6.1
2021,Canada,Persons in non-elderly families,,"Food insecure, moderate or severe",,13.8
2021,Canada,Persons in non-elderly families,,"Food insecure, moderate",,9.9
2021,Canada,Persons in non-elderly families,,"Food insecure, severe",,3.8
2021,Canada,Persons in couples,,Food secure,,88.1
2021,Canada,Persons in couples,,Food insecure,,11.9
2021,Canada,Persons in couples,,"Food insecure, marginal",,3.6
2021,Canada,Persons in couples,,"Food insecure, moderate or severe",,8.3
2021,Canada,Persons in couples,,"Food insecure, moderate",,5.5
2021,Canada,Persons in couples,,"Food insecure, severe",,2.8
2021,Canada,Persons in couple families with children,,Food secure,,78.9
2021,Canada,Persons in couple families with children,,Food insecure,,21.1
2021,Canada,Persons in couple families with children,,"Food insecure, marginal",,7.2
2021,Canada,Persons in couple families with children,,"Food insecure, moderate or severe",,13.9
2021,Canada,Persons in couple families with children,,"Food insecure, moderate",,10.9
2021,Canada,Persons in couple families with children,,"Food insecure, severe",,3.0
2021,Canada,Persons in couple families with other relatives,,Food secure,,85.7
2021,Canada,Persons in couple families with other relatives,,Food insecure,,14.3
2021,Canada,Persons in couple families with other relatives,,"Food insecure, marginal",,4.3
2021,Canada,Persons in couple families with other relatives,,"Food insecure, moderate or severe",,10.0
2021,Canada,Persons in couple families with other relatives,,"Food insecure, moderate",,6.7
2021,Canada,Persons in couple families with other relatives,,"Food insecure, severe",,3.3
2021,Canada,Persons in lone-parent families,,Food secure,,61.2
2021,Canada,Persons in lone-parent families,,Food insecure,,38.8
2021,Canada,Persons in lone-parent families,,"Food insecure, marginal",,8.8
2021,Canada,Persons in lone-parent families,,"Food insecure, moderate or severe",,30.0
2021,Canada,Persons in lone-parent families,,"Food insecure, moderate",,19.9
2021,Canada,Persons in lone-parent families,,"Food insecure, severe",,10.1
2021,Canada,Persons in male lone-parent families,,Food secure,,76.1
2021,Canada,Persons in male lone-parent families,,Food insecure,,23.9
2021,Canada,Persons in male lone-parent families,,"Food insecure, marginal",,10.0
2021,Canada,Persons in male lone-parent families,,"Food insecure, moderate or severe",,13.9
2021,Canada,Persons in male lone-parent families,,"Food insecure, moderate",,9.2
2021,Canada,Persons in male lone-parent families,,"Food insecure, severe",,4.7
2021,Canada,Persons in female lone-parent families,,Food secure,,57.4
2021,Canada,Persons in female lone-parent families,,Food insecure,,42.6
2021,Canada,Persons in female lone-parent families,,"Food insecure, marginal",,8.5
2021,Canada,Persons in female lone-parent families,,"Food insecure, moderate or severe",,34.1
2021,Canada,Persons in female lone-parent families,,"Food insecure, moderate",,22.6
2021,Canada,Persons in female lone-parent families,,"Food insecure, severe",,11.5
2021,Canada,Persons in other non-elderly families,,Food secure,,78.2
2021,Canada,Persons in other non-elderly families,,Food insecure,,21.8
2021,Canada,Persons in other non-elderly families,,"Food insecure, marginal",,5.2
2021,Canada,Persons in other non-elderly families,,"Food insecure, moderate or severe",,16.6
2021,Canada,Persons in other non-elderly families,,"Food insecure, moderate",,10.5
2021,Canada,Persons in other non-elderly families,,"Food insecure, severe",,6.1
2021,Canada,Persons not in an economic family,,Food secure,,79.8
2021,Canada,Persons not in an economic family,,Food insecure,,20.2
2021,Canada,Persons not in an economic family,,"Food insecure, marginal",,5.1
2021,Canada,Persons not in an economic family,,"Food insecure, moderate or severe",,15.1
2021,Canada,Persons not in an economic family,,"Food insecure, moderate",,8.4
2021,Canada,Persons not in an economic family,,"Food insecure, severe",,6.7
2021,Canada,Elderly persons not in an economic family,,Food secure,,87.7
2021,Canada,Elderly persons not in an economic family,,Food insecure,,12.3
2021,Canada,Elderly persons not in an economic family,,"Food insecure, marginal",,4.3
2021,Canada,Elderly persons not in an economic family,,"Food insecure, moderate or severe",,8.0
2021,Canada,Elderly persons not in an economic family,,"Food insecure, moderate",,5.3
2021,Canada,Elderly persons not in an economic family,,"Food insecure, severe",,2.7
2021,Canada,Elderly males not in an economic family,,Food secure,,86.9
2021,Canada,Elderly males not in an economic family,,Food insecure,,13.1
2021,Canada,Elderly males not in an economic family,,"Food insecure, marginal",,4.4
2021,Canada,Elderly males not in an economic family,,"Food insecure, moderate or severe",,8.7
2021,Canada,Elderly males not in an economic family,,"Food insecure, moderate",,5.0
2021,Canada,Elderly males not in an economic family,,"Food insecure, severe",,3.7
2021,Canada,Elderly females not in an economic family,,Food secure,,88.2
2021,Canada,Elderly females not in an economic family,,Food insecure,,11.8
2021,Canada,Elderly females not in an economic family,,"Food insecure, marginal",,4.3
2021,Canada,Elderly females not in an economic family,,"Food insecure, moderate or severe",,7.6
2021,Canada,Elderly females not in an economic family,,"Food insecure, moderate",,5.5
2021,Canada,Elderly females not in an economic family,,"Food insecure, severe",,2.1
2021,Canada,Non-elderly persons not in an economic family,,Food secure,,76.0
2021,Canada,Non-elderly persons not in an economic family,,Food insecure,,24.0
2021,Canada,Non-elderly persons not in an economic family,,"Food insecure, marginal",,5.5
2021,Canada,Non-elderly persons not in an economic family,,"Food insecure, moderate or severe",,18.5
2021,Canada,Non-elderly persons not in an economic family,,"Food insecure, moderate",,9.9
2021,Canada,Non-elderly persons not in an economic family,,"Food insecure, severe",,8.6
2021,Canada,Non-elderly males not in an economic family,,Food secure,,77.3
2021,Canada,Non-elderly males not in an economic family,,Food insecure,,22.7
2021,Canada,Non-elderly males not in an economic family,,"Food insecure, marginal",,4.9
2021,Canada,Non-elderly males not in an economic family,,"Food insecure, moderate or severe",,17.9
2021,Canada,Non-elderly males not in an economic family,,"Food insecure, moderate",,9.5
2021,Canada,Non-elderly males not in an economic family,,"Food insecure, severe",,8.4
2021,Canada,Non-elderly females not in an economic family,,Food secure,,74.4
2021,Canada,Non-elderly females not in an economic family,,Food insecure,,25.6
2021,Canada,Non-elderly females not in an economic family,,"Food insecure, marginal",,6.3
2021,Canada,Non-elderly females not in an economic family,,"Food insecure, moderate or severe",,19.3
2021,Canada,Non-elderly females not in an economic family,,"Food insecure, moderate",,10.5
2021,Canada,Non-elderly females not in an economic family,,"Food insecure, severe",,8.8
2021,Atlantic provinces,All persons,,Food secure,,77.5
2021,Atlantic provinces,All persons,,Food insecure,,22.5
2021,Atlantic provinces,All persons,,"Food insecure, marginal",,5.9
2021,Atlantic provinces,All persons,,"Food insecure, moderate or severe",,16.5
2021,Atlantic provinces,All persons,,"Food insecure, moderate",,11.8
2021,Atlantic provinces,All persons,,"Food insecure, severe",,4.7
2021,Atlantic provinces,Persons in economic families,,Food secure,,77.7
2021,Atlantic provinces,Persons in economic families,,Food insecure,,22.3
2021,Atlantic provinces,Persons in economic families,,"Food insecure, marginal",,5.9
2021,Atlantic provinces,Persons in economic families,,"Food insecure, moderate or severe",,16.4
2021,Atlantic provinces,Persons in economic families,,"Food insecure, moderate",,12.3
2021,Atlantic provinces,Persons in economic families,,"Food insecure, severe",,4.1
2021,Atlantic provinces,Persons in elderly families,,Food secure,,88.0
2021,Atlantic provinces,Persons in elderly families,,Food insecure,,12.0
2021,Atlantic provinces,Persons in elderly families,,"Food insecure, marginal",,4.6
2021,Atlantic provinces,Persons in elderly families,,"Food insecure, moderate or severe",,7.4
2021,Atlantic provinces,Persons in elderly families,,"Food insecure, moderate",,5.7
2021,Atlantic provinces,Persons in elderly families,,"Food insecure, severe",,1.6
2021,Atlantic provinces,Persons in elderly couples,,Food secure,,90.0
2021,Atlantic provinces,Persons in elderly couples,,Food insecure,,10.0
2021,Atlantic provinces,Persons in elderly couples,,"Food insecure, marginal",,4.2
2021,Atlantic provinces,Persons in elderly couples,,"Food insecure, moderate or severe",,5.8
2021,Atlantic provinces,Persons in elderly couples,,"Food insecure, moderate",,4.7
2021,Atlantic provinces,Persons in elderly couples,,"Food insecure, severe",,1.1
2021,Atlantic provinces,Persons in other elderly families,,Food secure,,82.2
2021,Atlantic provinces,Persons in other elderly families,,Food insecure,,17.8
2021,Atlantic provinces,Persons in other elderly families,,"Food insecure, marginal",,5.9
2021,Atlantic provinces,Persons in other elderly families,,"Food insecure, moderate or severe",,11.9
2021,Atlantic provinces,Persons in other elderly families,,"Food insecure, moderate",,8.8
2021,Atlantic provinces,Persons in other elderly families,,"Food insecure, severe",,
2021,Atlantic provinces,Persons in non-elderly families,,Food secure,,75.2
2021,Atlantic provinces,Persons in non-elderly families,,Food insecure,,24.8
2021,Atlantic provinces,Persons in non-elderly families,,"Food insecure, marginal",,6.2
2021,Atlantic provinces,Persons in non-elderly families,,"Food insecure, moderate or severe",,18.7
2021,Atlantic provinces,Persons in non-elderly families,,"Food insecure, moderate",,13.9
2021,Atlantic provinces,Persons in non-elderly families,,"Food insecure, severe",,4.7
2021,Atlantic provinces,Persons in couples,,Food secure,,82.4
2021,Atlantic provinces,Persons in couples,,Food insecure,,17.6
2021,Atlantic provinces,Persons in couples,,"Food insecure, marginal",,5.8
2021,Atlantic provinces,Persons in couples,,"Food insecure, moderate or severe",,11.8
2021,Atlantic provinces,Persons in couples,,"Food insecure, moderate",,8.1
2021,Atlantic provinces,Persons in couples,,"Food insecure, severe",,3.7
2021,Atlantic provinces,Persons in couple families with children,,Food secure,,73.3
2021,Atlantic provinces,Persons in couple families with children,,Food insecure,,26.7
2021,Atlantic provinces,Persons in couple families with children,,"Food insecure, marginal",,5.6
2021,Atlantic provinces,Persons in couple families with children,,"Food insecure, moderate or severe",,21.0
2021,Atlantic provinces,Persons in couple families with children,,"Food insecure, moderate",,16.5
2021,Atlantic provinces,Persons in couple families with children,,"Food insecure, severe",,4.5
2021,Atlantic provinces,Persons in couple families with other relatives,,Food secure,,84.9
2021,Atlantic provinces,Persons in couple families with other relatives,,Food insecure,,15.1
2021,Atlantic provinces,Persons in couple families with other relatives,,"Food insecure, marginal",,3.5
2021,Atlantic provinces,Persons in couple families with other relatives,,"Food insecure, moderate or severe",,11.6
2021,Atlantic provinces,Persons in couple families with other relatives,,"Food insecure, moderate",,9.1
2021,Atlantic provinces,Persons in couple families with other relatives,,"Food insecure, severe",,
2021,Atlantic provinces,Persons in lone-parent families,,Food secure,,59.4
2021,Atlantic provinces,Persons in lone-parent families,,Food insecure,,40.6
2021,Atlantic provinces,Persons in lone-parent families,,"Food insecure, marginal",,10.0
2021,Atlantic provinces,Persons in lone-parent families,,"Food insecure, moderate or severe",,30.6
2021,Atlantic provinces,Persons in lone-parent families,,"Food insecure, moderate",,18.0
2021,Atlantic provinces,Persons in lone-parent families,,"Food insecure, severe",,12.6
2021,Atlantic provinces,Persons in male lone-parent families,,Food secure,,63.9
2021,Atlantic provinces,Persons in male lone-parent families,,Food insecure,,36.1
2021,Atlantic provinces,Persons in male lone-parent families,,"Food insecure, marginal",,
2021,Atlantic provinces,Persons in male lone-parent families,,"Food insecure, moderate or severe",,
2021,Atlantic provinces,Persons in male lone-parent families,,"Food insecure, moderate",,
2021,Atlantic provinces,Persons in male lone-parent families,,"Food insecure, severe",,
2021,Atlantic provinces,Persons in female lone-parent families,,Food secure,,58.1
2021,Atlantic provinces,Persons in female lone-parent families,,Food insecure,,41.9
2021,Atlantic provinces,Persons in female lone-parent families,,"Food insecure, marginal",,7.5
2021,Atlantic provinces,Persons in female lone-parent families,,"Food insecure, moderate or severe",,34.4
2021,Atlantic provinces,Persons in female lone-parent families,,"Food insecure, moderate",,19.8
2021,Atlantic provinces,Persons in female lone-parent families,,"Food insecure, severe",,14.6
2021,Atlantic provinces,Persons in other non-elderly families,,Food secure,,66.7
2021,Atlantic provinces,Persons in other non-elderly families,,Food insecure,,33.3
2021,Atlantic provinces,Persons in other non-elderly families,,"Food insecure, marginal",,10.5
2021,Atlantic provinces,Persons in other non-elderly families,,"Food insecure, moderate or severe",,22.8
2021,Atlantic provinces,Persons in other non-elderly families,,"Food insecure, moderate",,18.4
2021,Atlantic provinces,Persons in other non-elderly families,,"Food insecure, severe",,4.3
2021,Atlantic provinces,Persons not in an economic family,,Food secure,,76.5
2021,Atlantic provinces,Persons not in an economic family,,Food insecure,,23.5
2021,Atlantic provinces,Persons not in an economic family,,"Food insecure, marginal",,6.2
2021,Atlantic provinces,Persons not in an economic family,,"Food insecure, moderate or severe",,17.3
2021,Atlantic provinces,Persons not in an economic family,,"Food insecure, moderate",,9.5
2021,Atlantic provinces,Persons not in an economic family,,"Food insecure, severe",,7.8
2021,Atlantic provinces,Elderly persons not in an economic family,,Food secure,,82.6
2021,Atlantic provinces,Elderly persons not in an economic family,,Food insecure,,17.4
2021,Atlantic provinces,Elderly persons not in an economic family,,"Food insecure, marginal",,5.8
2021,Atlantic provinces,Elderly persons not in an economic family,,"Food insecure, moderate or severe",,11.6
2021,Atlantic provinces,Elderly persons not in an economic family,,"Food insecure, moderate",,8.1
2021,Atlantic provinces,Elderly persons not in an economic family,,"Food insecure, severe",,3.5
2021,Atlantic provinces,Elderly males not in an economic family,,Food secure,,80.0
2021,Atlantic provinces,Elderly males not in an economic family,,Food insecure,,20.0
2021,Atlantic provinces,Elderly males not in an economic family,,"Food insecure, marginal",,6.7
2021,Atlantic provinces,Elderly males not in an economic family,,"Food insecure, moderate or severe",,13.3
2021,Atlantic provinces,Elderly males not in an economic family,,"Food insecure, moderate",,9.8
2021,Atlantic provinces,Elderly males not in an economic family,,"Food insecure, severe",,
2021,Atlantic provinces,Elderly females not in an economic family,,Food secure,,84.0
2021,Atlantic provinces,Elderly females not in an economic family,,Food insecure,,16.0
2021,Atlantic provinces,Elderly females not in an economic family,,"Food insecure, marginal",,5.4
2021,Atlantic provinces,Elderly females not in an economic family,,"Food insecure, moderate or severe",,10.6
2021,Atlantic provinces,Elderly females not in an economic family,,"Food insecure, moderate",,7.2
2021,Atlantic provinces,Elderly females not in an economic family,,"Food insecure, severe",,3.4
2021,Atlantic provinces,Non-elderly persons not in an economic family,,Food secure,,73.2
2021,Atlantic provinces,Non-elderly persons not in an economic family,,Food insecure,,26.8
2021,Atlantic provinces,Non-elderly persons not in an economic family,,"Food insecure, marginal",,6.4
2021,Atlantic provinces,Non-elderly persons not in an economic family,,"Food insecure, moderate or severe",,20.5
2021,Atlantic provinces,Non-elderly persons not in an economic family,,"Food insecure, moderate",,10.2
2021,Atlantic provinces,Non-elderly persons not in an economic family,,"Food insecure, severe",,10.3
2021,Atlantic provinces,Non-elderly males not in an economic family,,Food secure,,75.4
2021,Atlantic provinces,Non-elderly males not in an economic family,,Food insecure,,24.6
2021,Atlantic provinces,Non-elderly males not in an economic family,,"Food insecure, marginal",,5.3
2021,Atlantic provinces,Non-elderly males not in an economic family,,"Food insecure, moderate or severe",,19.3
2021,Atlantic provinces,Non-elderly males not in an economic family,,"Food insecure, moderate",,10.4
2021,Atlantic provinces,Non-elderly males not in an economic family,,"Food insecure, severe",,8.9
2021,Atlantic provinces,Non-elderly females not in an economic family,,Food secure,,70.7
2021,Atlantic provinces,Non-elderly females not in an economic family,,Food insecure,,29.3
2021,Atlantic provinces,Non-elderly females not in an economic family,,"Food insecure, marginal",,7.5
2021,Atlantic provinces,Non-elderly females not in an economic family,,"Food insecure, moderate or severe",,21.8
2021,Atlantic provinces,Non-elderly females not in an economic family,,"Food insecure, moderate",,10.0
2021,Atlantic provinces,Non-elderly females not in an economic family,,"Food insecure, severe",,11.7
2021,Newfoundland and Labrador,All persons,,Food secure,10,77.5
2021,Newfoundland and Labrador,All persons,,Food insecure,10,22.5
2021,Newfoundland and Labrador,All persons,,"Food insecure, marginal",10,7.4
2021,Newfoundland and Labrador,All persons,,"Food insecure, moderate or severe",10,15.1
2021,Newfoundland and Labrador,All persons,,"Food insecure, moderate",10,10.1
2021,Newfoundland and Labrador,All persons,,"Food insecure, severe",10,5.1
2021,Newfoundland and Labrador,Persons in economic families,,Food secure,10,77.7
2021,Newfoundland and Labrador,Persons in economic families,,Food insecure,10,22.3
2021,Newfoundland and Labrador,Persons in economic families,,"Food insecure, marginal",10,7.6
2021,Newfoundland and Labrador,Persons in economic families,,"Food insecure, moderate or severe",10,14.6
2021,Newfoundland and Labrador,Persons in economic families,,"Food insecure, moderate",10,10.4
2021,Newfoundland and Labrador,Persons in economic families,,"Food insecure, severe",10,4.2
2021,Newfoundland and Labrador,Persons in elderly families,,Food secure,10,82.9
2021,Newfoundland and Labrador,Persons in elderly families,,Food insecure,10,17.1
2021,Newfoundland and Labrador,Persons in elderly families,,"Food insecure, marginal",10,5.0
2021,Newfoundland and Labrador,Persons in elderly families,,"Food insecure, moderate or severe",10,12.1
2021,Newfoundland and Labrador,Persons in elderly families,,"Food insecure, moderate",10,9.2
2021,Newfoundland and Labrador,Persons in elderly families,,"Food insecure, severe",10,
2021,Newfoundland and Labrador,Persons in elderly couples,,Food secure,10,83.7
2021,Newfoundland and Labrador,Persons in elderly couples,,Food insecure,10,16.3
2021,Newfoundland and Labrador,Persons in elderly couples,,"Food insecure, marginal",10,5.7
2021,Newfoundland and Labrador,Persons in elderly couples,,"Food insecure, moderate or severe",10,10.6
2021,Newfoundland and Labrador,Persons in elderly couples,,"Food insecure, moderate",10,7.8
2021,Newfoundland and Labrador,Persons in elderly couples,,"Food insecure, severe",10,
2021,Newfoundland and Labrador,Persons in other elderly families,,Food secure,10,80.2
2021,Newfoundland and Labrador,Persons in other elderly families,,Food insecure,10,
2021,Newfoundland and Labrador,Persons in other elderly families,,"Food insecure, marginal",10,
2021,Newfoundland and Labrador,Persons in other elderly families,,"Food insecure, moderate or severe",10,
2021,Newfoundland and Labrador,Persons in other elderly families,,"Food insecure, moderate",10,
2021,Newfoundland and Labrador,Persons in other elderly families,,"Food insecure, severe",10,
2021,Newfoundland and Labrador,Persons in non-elderly families,,Food secure,10,76.4
2021,Newfoundland and Labrador,Persons in non-elderly families,,Food insecure,10,23.6
2021,Newfoundland and Labrador,Persons in non-elderly families,,"Food insecure, marginal",10,8.3
2021,Newfoundland and Labrador,Persons in non-elderly families,,"Food insecure, moderate or severe",10,15.3
2021,Newfoundland and Labrador,Persons in non-elderly families,,"Food insecure, moderate",10,10.7
2021,Newfoundland and Labrador,Persons in non-elderly families,,"Food insecure, severe",10,4.5
2021,Newfoundland and Labrador,Persons in couples,,Food secure,10,77.9
2021,Newfoundland and Labrador,Persons in couples,,Food insecure,10,22.1
2021,Newfoundland and Labrador,Persons in couples,,"Food insecure, marginal",10,10.1
2021,Newfoundland and Labrador,Persons in couples,,"Food insecure, moderate or severe",10,12.0
2021,Newfoundland and Labrador,Persons in couples,,"Food insecure, moderate",10,7.3
2021,Newfoundland and Labrador,Persons in couples,,"Food insecure, severe",10,4.6
2021,Newfoundland and Labrador,Persons in couple families with children,,Food secure,10,72.9
2021,Newfoundland and Labrador,Persons in couple families with children,,Food insecure,10,27.1
2021,Newfoundland and Labrador,Persons in couple families with children,,"Food insecure, marginal",10,9.3
2021,Newfoundland and Labrador,Persons in couple families with children,,"Food insecure, moderate or severe",10,17.8
2021,Newfoundland and Labrador,Persons in couple families with children,,"Food insecure, moderate",10,14.1
2021,Newfoundland and Labrador,Persons in couple families with children,,"Food insecure, severe",10,
2021,Newfoundland and Labrador,Persons in couple families with other relatives,,Food secure,10,92.7
2021,Newfoundland and Labrador,Persons in couple families with other relatives,,Food insecure,10,
2021,Newfoundland and Labrador,Persons in couple families with other relatives,,"Food insecure, marginal",10,
2021,Newfoundland and Labrador,Persons in couple families with other relatives,,"Food insecure, moderate or severe",10,
2021,Newfoundland and Labrador,Persons in couple families with other relatives,,"Food insecure, moderate",10,
2021,Newfoundland and Labrador,Persons in couple families with other relatives,,"Food insecure, severe",10,
2021,Newfoundland and Labrador,Persons in lone-parent families,,Food secure,10,60.5
2021,Newfoundland and Labrador,Persons in lone-parent families,,Food insecure,10,39.5
2021,Newfoundland and Labrador,Persons in lone-parent families,,"Food insecure, marginal",10,
2021,Newfoundland and Labrador,Persons in lone-parent families,,"Food insecure, moderate or severe",10,29.6
2021,Newfoundland and Labrador,Persons in lone-parent families,,"Food insecure, moderate",10,
2021,Newfoundland and Labrador,Persons in lone-parent families,,"Food insecure, severe",10,
2021,Newfoundland and Labrador,Persons in male lone-parent families,,Food secure,10,74.8
2021,Newfoundland and Labrador,Persons in male lone-parent families,,Food insecure,10,
2021,Newfoundland and Labrador,Persons in male lone-parent families,,"Food insecure, marginal",10,
2021,Newfoundland and Labrador,Persons in male lone-parent families,,"Food insecure, moderate or severe",10,
2021,Newfoundland and Labrador,Persons in male lone-parent families,,"Food insecure, moderate",10,
2021,Newfoundland and Labrador,Persons in male lone-parent families,,"Food insecure, severe",10,
2021,Newfoundland and Labrador,Persons in female lone-parent families,,Food secure,10,57.9
2021,Newfoundland and Labrador,Persons in female lone-parent families,,Food insecure,10,42.1
2021,Newfoundland and Labrador,Persons in female lone-parent families,,"Food insecure, marginal",10,
2021,Newfoundland and Labrador,Persons in female lone-parent families,,"Food insecure, moderate or severe",10,30.4
2021,Newfoundland and Labrador,Persons in female lone-parent families,,"Food insecure, moderate",10,
2021,Newfoundland and Labrador,Persons in female lone-parent families,,"Food insecure, severe",10,
2021,Newfoundland and Labrador,Persons in other non-elderly families,,Food secure,10,71.2
2021,Newfoundland and Labrador,Persons in other non-elderly families,,Food insecure,10,28.8
2021,Newfoundland and Labrador,Persons in other non-elderly families,,"Food insecure, marginal",10,
2021,Newfoundland and Labrador,Persons in other non-elderly families,,"Food insecure, moderate or severe",10,19.5
2021,Newfoundland and Labrador,Persons in other non-elderly families,,"Food insecure, moderate",10,17.9
2021,Newfoundland and Labrador,Persons in other non-elderly families,,"Food insecure, severe",10,
2021,Newfoundland and Labrador,Persons not in an economic family,,Food secure,10,76.1
2021,Newfoundland and Labrador,Persons not in an economic family,,Food insecure,10,23.9
2021,Newfoundland and Labrador,Persons not in an economic family,,"Food insecure, marginal",10,6.0
2021,Newfoundland and Labrador,Persons not in an economic family,,"Food insecure, moderate or severe",10,17.9
2021,Newfoundland and Labrador,Persons not in an economic family,,"Food insecure, moderate",10,8.2
2021,Newfoundland and Labrador,Persons not in an economic family,,"Food insecure, severe",10,9.7
2021,Newfoundland and Labrador,Elderly persons not in an economic family,,Food secure,10,77.9
2021,Newfoundland and Labrador,Elderly persons not in an economic family,,Food insecure,10,22.1
2021,Newfoundland and Labrador,Elderly persons not in an economic family,,"Food insecure, marginal",10,6.4
2021,Newfoundland and Labrador,Elderly persons not in an economic family,,"Food insecure, moderate or severe",10,15.8
2021,Newfoundland and Labrador,Elderly persons not in an economic family,,"Food insecure, moderate",10,8.4
2021,Newfoundland and Labrador,Elderly persons not in an economic family,,"Food insecure, severe",10,
2021,Newfoundland and Labrador,Elderly males not in an economic family,,Food secure,10,67.6
2021,Newfoundland and Labrador,Elderly males not in an economic family,,Food insecure,10,32.4
2021,Newfoundland and Labrador,Elderly males not in an economic family,,"Food insecure, marginal",10,
2021,Newfoundland and Labrador,Elderly males not in an economic family,,"Food insecure, moderate or severe",10,21.2
2021,Newfoundland and Labrador,Elderly males not in an economic family,,"Food insecure, moderate",10,
2021,Newfoundland and Labrador,Elderly males not in an economic family,,"Food insecure, severe",10,
2021,Newfoundland and Labrador,Elderly females not in an economic family,,Food secure,10,84.1
2021,Newfoundland and Labrador,Elderly females not in an economic family,,Food insecure,10,15.9
2021,Newfoundland and Labrador,Elderly females not in an economic family,,"Food insecure, marginal",10,
2021,Newfoundland and Labrador,Elderly females not in an economic family,,"Food insecure, moderate or severe",10,12.4
2021,Newfoundland and Labrador,Elderly females not in an economic family,,"Food insecure, moderate",10,
2021,Newfoundland and Labrador,Elderly females not in an economic family,,"Food insecure, severe",10,
2021,Newfoundland and Labrador,Non-elderly persons not in an economic family,,Food secure,10,75.1
2021,Newfoundland and Labrador,Non-elderly persons not in an economic family,,Food insecure,10,24.9
2021,Newfoundland and Labrador,Non-elderly persons not in an economic family,,"Food insecure, marginal",10,
2021,Newfoundland and Labrador,Non-elderly persons not in an economic family,,"Food insecure, moderate or severe",10,19.1
2021,Newfoundland and Labrador,Non-elderly persons not in an economic family,,"Food insecure, moderate",10,8.0
2021,Newfoundland and Labrador,Non-elderly persons not in an economic family,,"Food insecure, severe",10,11.1
2021,Newfoundland and Labrador,Non-elderly males not in an economic family,,Food secure,10,80.6
2021,Newfoundland and Labrador,Non-elderly males not in an economic family,,Food insecure,10,19.4
2021,Newfoundland and Labrador,Non-elderly males not in an economic family,,"Food insecure, marginal",10,
2021,Newfoundland and Labrador,Non-elderly males not in an economic family,,"Food insecure, moderate or severe",10,16.8
2021,Newfoundland and Labrador,Non-elderly males not in an economic family,,"Food insecure, moderate",10,
2021,Newfoundland and Labrador,Non-elderly males not in an economic family,,"Food insecure, severe",10,10.6
2021,Newfoundland and Labrador,Non-elderly females not in an economic family,,Food secure,10,68.7
2021,Newfoundland and Labrador,Non-elderly females not in an economic family,,Food insecure,10,31.3
2021,Newfoundland and Labrador,Non-elderly females not in an economic family,,"Food insecure, marginal",10,9.6
2021,Newfoundland and Labrador,Non-elderly females not in an economic family,,"Food insecure, moderate or severe",10,21.8
2021,Newfoundland and Labrador,Non-elderly females not in an economic family,,"Food insecure, moderate",10,10.2
2021,Newfoundland and Labrador,Non-elderly females not in an economic family,,"Food insecure, severe",10,11.6
2021,Prince Edward Island,All persons,,Food secure,11,76.4
2021,Prince Edward Island,All persons,,Food insecure,11,23.6
2021,Prince Edward Island,All persons,,"Food insecure, marginal",11,8.5
2021,Prince Edward Island,All persons,,"Food insecure, moderate or severe",11,15.1
2021,Prince Edward Island,All persons,,"Food insecure, moderate",11,9.5
2021,Prince Edward Island,All persons,,"Food insecure, severe",11,5.5
2021,Prince Edward Island,Persons in economic families,,Food secure,11,76.2
2021,Prince Edward Island,Persons in economic families,,Food insecure,11,23.8
2021,Prince Edward Island,Persons in economic families,,"Food insecure, marginal",11,9.2
2021,Prince Edward Island,Persons in economic families,,"Food insecure, moderate or severe",11,14.6
2021,Prince Edward Island,Persons in economic families,,"Food insecure, moderate",11,9.6
2021,Prince Edward Island,Persons in economic families,,"Food insecure, severe",11,4.9
2021,Prince Edward Island,Persons in elderly families,,Food secure,11,91.2
2021,Prince Edward Island,Persons in elderly families,,Food insecure,11,8.8
2021,Prince Edward Island,Persons in elderly families,,"Food insecure, marginal",11,
2021,Prince Edward Island,Persons in elderly families,,"Food insecure, moderate or severe",11,
2021,Prince Edward Island,Persons in elderly families,,"Food insecure, moderate",11,
2021,Prince Edward Island,Persons in elderly families,,"Food insecure, severe",11,
2021,Prince Edward Island,Persons in elderly couples,,Food secure,11,91.3
2021,Prince Edward Island,Persons in elderly couples,,Food insecure,11,8.7
2021,Prince Edward Island,Persons in elderly couples,,"Food insecure, marginal",11,
2021,Prince Edward Island,Persons in elderly couples,,"Food insecure, moderate or severe",11,
2021,Prince Edward Island,Persons in elderly couples,,"Food insecure, moderate",11,
2021,Prince Edward Island,Persons in elderly couples,,"Food insecure, severe",11,
2021,Prince Edward Island,Persons in other elderly families,,Food secure,11,91.0
2021,Prince Edward Island,Persons in other elderly families,,Food insecure,11,
2021,Prince Edward Island,Persons in other elderly families,,"Food insecure, marginal",11,
2021,Prince Edward Island,Persons in other elderly families,,"Food insecure, moderate or severe",11,
2021,Prince Edward Island,Persons in other elderly families,,"Food insecure, moderate",11,
2021,Prince Edward Island,Persons in other elderly families,,"Food insecure, severe",11,
2021,Prince Edward Island,Persons in non-elderly families,,Food secure,11,73.1
2021,Prince Edward Island,Persons in non-elderly families,,Food insecure,11,26.9
2021,Prince Edward Island,Persons in non-elderly families,,"Food insecure, marginal",11,10.2
2021,Prince Edward Island,Persons in non-elderly families,,"Food insecure, moderate or severe",11,16.7
2021,Prince Edward Island,Persons in non-elderly families,,"Food insecure, moderate",11,11.1
2021,Prince Edward Island,Persons in non-elderly families,,"Food insecure, severe",11,5.6
2021,Prince Edward Island,Persons in couples,,Food secure,11,88.5
2021,Prince Edward Island,Persons in couples,,Food insecure,11,11.5
2021,Prince Edward Island,Persons in couples,,"Food insecure, marginal",11,
2021,Prince Edward Island,Persons in couples,,"Food insecure, moderate or severe",11,
2021,Prince Edward Island,Persons in couples,,"Food insecure, moderate",11,
2021,Prince Edward Island,Persons in couples,,"Food insecure, severe",11,
2021,Prince Edward Island,Persons in couple families with children,,Food secure,11,69.4
2021,Prince Edward Island,Persons in couple families with children,,Food insecure,11,30.6
2021,Prince Edward Island,Persons in couple families with children,,"Food insecure, marginal",11,12.1
2021,Prince Edward Island,Persons in couple families with children,,"Food insecure, moderate or severe",11,18.5
2021,Prince Edward Island,Persons in couple families with children,,"Food insecure, moderate",11,11.6
2021,Prince Edward Island,Persons in couple families with children,,"Food insecure, severe",11,6.9
2021,Prince Edward Island,Persons in couple families with other relatives,,Food secure,11,84.8
2021,Prince Edward Island,Persons in couple families with other relatives,,Food insecure,11,
2021,Prince Edward Island,Persons in couple families with other relatives,,"Food insecure, marginal",11,
2021,Prince Edward Island,Persons in couple families with other relatives,,"Food insecure, moderate or severe",11,
2021,Prince Edward Island,Persons in couple families with other relatives,,"Food insecure, moderate",11,
2021,Prince Edward Island,Persons in couple families with other relatives,,"Food insecure, severe",11,
2021,Prince Edward Island,Persons in lone-parent families,,Food secure,11,57.9
2021,Prince Edward Island,Persons in lone-parent families,,Food insecure,11,42.1
2021,Prince Edward Island,Persons in lone-parent families,,"Food insecure, marginal",11,
2021,Prince Edward Island,Persons in lone-parent families,,"Food insecure, moderate or severe",11,
2021,Prince Edward Island,Persons in lone-parent families,,"Food insecure, moderate",11,
2021,Prince Edward Island,Persons in lone-parent families,,"Food insecure, severe",11,
2021,Prince Edward Island,Persons in male lone-parent families,,Food secure,11,
2021,Prince Edward Island,Persons in male lone-parent families,,Food insecure,11,
2021,Prince Edward Island,Persons in male lone-parent families,,"Food insecure, marginal",11,
2021,Prince Edward Island,Persons in male lone-parent families,,"Food insecure, moderate or severe",11,
2021,Prince Edward Island,Persons in male lone-parent families,,"Food insecure, moderate",11,
2021,Prince Edward Island,Persons in male lone-parent families,,"Food insecure, severe",11,
2021,Prince Edward Island,Persons in female lone-parent families,,Food secure,11,54.9
2021,Prince Edward Island,Persons in female lone-parent families,,Food insecure,11,45.1
2021,Prince Edward Island,Persons in female lone-parent families,,"Food insecure, marginal",11,
2021,Prince Edward Island,Persons in female lone-parent families,,"Food insecure, moderate or severe",11,
2021,Prince Edward Island,Persons in female lone-parent families,,"Food insecure, moderate",11,
2021,Prince Edward Island,Persons in female lone-parent families,,"Food insecure, severe",11,
2021,Prince Edward Island,Persons in other non-elderly families,,Food secure,11,59.2
2021,Prince Edward Island,Persons in other non-elderly families,,Food insecure,11,40.8
2021,Prince Edward Island,Persons in other non-elderly families,,"Food insecure, marginal",11,
2021,Prince Edward Island,Persons in other non-elderly families,,"Food insecure, moderate or severe",11,23.7
2021,Prince Edward Island,Persons in other non-elderly families,,"Food insecure, moderate",11,
2021,Prince Edward Island,Persons in other non-elderly families,,"Food insecure, severe",11,
2021,Prince Edward Island,Persons not in an economic family,,Food secure,11,77.3
2021,Prince Edward Island,Persons not in an economic family,,Food insecure,11,22.7
2021,Prince Edward Island,Persons not in an economic family,,"Food insecure, marginal",11,
2021,Prince Edward Island,Persons not in an economic family,,"Food insecure, moderate or severe",11,17.6
2021,Prince Edward Island,Persons not in an economic family,,"Food insecure, moderate",11,9.1
2021,Prince Edward Island,Persons not in an economic family,,"Food insecure, severe",11,8.5
2021,Prince Edward Island,Elderly persons not in an economic family,,Food secure,11,86.7
2021,Prince Edward Island,Elderly persons not in an economic family,,Food insecure,11,13.3
2021,Prince Edward Island,Elderly persons not in an economic family,,"Food insecure, marginal",11,
2021,Prince Edward Island,Elderly persons not in an economic family,,"Food insecure, moderate or severe",11,9.8
2021,Prince Edward Island,Elderly persons not in an economic family,,"Food insecure, moderate",11,
2021,Prince Edward Island,Elderly persons not in an economic family,,"Food insecure, severe",11,
2021,Prince Edward Island,Elderly males not in an economic family,,Food secure,11,81.5
2021,Prince Edward Island,Elderly males not in an economic family,,Food insecure,11,
2021,Prince Edward Island,Elderly males not in an economic family,,"Food insecure, marginal",11,
2021,Prince Edward Island,Elderly males not in an economic family,,"Food insecure, moderate or severe",11,
2021,Prince Edward Island,Elderly males not in an economic family,,"Food insecure, moderate",11,
2021,Prince Edward Island,Elderly males not in an economic family,,"Food insecure, severe",11,
2021,Prince Edward Island,Elderly females not in an economic family,,Food secure,11,89.4
2021,Prince Edward Island,Elderly females not in an economic family,,Food insecure,11,10.6
2021,Prince Edward Island,Elderly females not in an economic family,,"Food insecure, marginal",11,
2021,Prince Edward Island,Elderly females not in an economic family,,"Food insecure, moderate or severe",11,
2021,Prince Edward Island,Elderly females not in an economic family,,"Food insecure, moderate",11,
2021,Prince Edward Island,Elderly females not in an economic family,,"Food insecure, severe",11,
2021,Prince Edward Island,Non-elderly persons not in an economic family,,Food secure,11,72.0
2021,Prince Edward Island,Non-elderly persons not in an economic family,,Food insecure,11,28.0
2021,Prince Edward Island,Non-elderly persons not in an economic family,,"Food insecure, marginal",11,
2021,Prince Edward Island,Non-elderly persons not in an economic family,,"Food insecure, moderate or severe",11,21.9
2021,Prince Edward Island,Non-elderly persons not in an economic family,,"Food insecure, moderate",11,10.1
2021,Prince Edward Island,Non-elderly persons not in an economic family,,"Food insecure, severe",11,11.8
2021,Prince Edward Island,Non-elderly males not in an economic family,,Food secure,11,74.5
2021,Prince Edward Island,Non-elderly males not in an economic family,,Food insecure,11,25.5
2021,Prince Edward Island,Non-elderly males not in an economic family,,"Food insecure, marginal",11,
2021,Prince Edward Island,Non-elderly males not in an economic family,,"Food insecure, moderate or severe",11,20.3
2021,Prince Edward Island,Non-elderly males not in an economic family,,"Food insecure, moderate",11,
2021,Prince Edward Island,Non-elderly males not in an economic family,,"Food insecure, severe",11,
2021,Prince Edward Island,Non-elderly females not in an economic family,,Food secure,11,69.8
2021,Prince Edward Island,Non-elderly females not in an economic family,,Food insecure,11,30.2
2021,Prince Edward Island,Non-elderly females not in an economic family,,"Food insecure, marginal",11,
2021,Prince Edward Island,Non-elderly females not in an economic family,,"Food insecure, moderate or severe",11,23.4
2021,Prince Edward Island,Non-elderly females not in an economic family,,"Food insecure, moderate",11,10.5
2021,Prince Edward Island,Non-elderly females not in an economic family,,"Food insecure, severe",11,12.9
2021,Nova Scotia,All persons,,Food secure,12,78.0
2021,Nova Scotia,All persons,,Food insecure,12,22.0
2021,Nova Scotia,All persons,,"Food insecure, marginal",12,5.1
2021,Nova Scotia,All persons,,"Food insecure, moderate or severe",12,16.9
2021,Nova Scotia,All persons,,"Food insecure, moderate",12,12.2
2021,Nova Scotia,All persons,,"Food insecure, severe",12,4.7
2021,Nova Scotia,Persons in economic families,,Food secure,12,78.2
2021,Nova Scotia,Persons in economic families,,Food insecure,12,21.8
2021,Nova Scotia,Persons in economic families,,"Food insecure, marginal",12,4.7
2021,Nova Scotia,Persons in economic families,,"Food insecure, moderate or severe",12,17.1
2021,Nova Scotia,Persons in economic families,,"Food insecure, moderate",12,12.9
2021,Nova Scotia,Persons in economic families,,"Food insecure, severe",12,4.2
2021,Nova Scotia,Persons in elderly families,,Food secure,12,88.0
2021,Nova Scotia,Persons in elderly families,,Food insecure,12,12.0
2021,Nova Scotia,Persons in elderly families,,"Food insecure, marginal",12,4.9
2021,Nova Scotia,Persons in elderly families,,"Food insecure, moderate or severe",12,7.0
2021,Nova Scotia,Persons in elderly families,,"Food insecure, moderate",12,6.0
2021,Nova Scotia,Persons in elderly families,,"Food insecure, severe",12,
2021,Nova Scotia,Persons in elderly couples,,Food secure,12,90.6
2021,Nova Scotia,Persons in elderly couples,,Food insecure,12,9.4
2021,Nova Scotia,Persons in elderly couples,,"Food insecure, marginal",12,4.6
2021,Nova Scotia,Persons in elderly couples,,"Food insecure, moderate or severe",12,4.8
2021,Nova Scotia,Persons in elderly couples,,"Food insecure, moderate",12,4.4
2021,Nova Scotia,Persons in elderly couples,,"Food insecure, severe",12,
2021,Nova Scotia,Persons in other elderly families,,Food secure,12,81.5
2021,Nova Scotia,Persons in other elderly families,,Food insecure,12,18.5
2021,Nova Scotia,Persons in other elderly families,,"Food insecure, marginal",12,
2021,Nova Scotia,Persons in other elderly families,,"Food insecure, moderate or severe",12,
2021,Nova Scotia,Persons in other elderly families,,"Food insecure, moderate",12,
2021,Nova Scotia,Persons in other elderly families,,"Food insecure, severe",12,
2021,Nova Scotia,Persons in non-elderly families,,Food secure,12,75.7
2021,Nova Scotia,Persons in non-elderly families,,Food insecure,12,24.3
2021,Nova Scotia,Persons in non-elderly families,,"Food insecure, marginal",12,4.6
2021,Nova Scotia,Persons in non-elderly families,,"Food insecure, moderate or severe",12,19.7
2021,Nova Scotia,Persons in non-elderly families,,"Food insecure, moderate",12,14.7
2021,Nova Scotia,Persons in non-elderly families,,"Food insecure, severe",12,5.0
2021,Nova Scotia,Persons in couples,,Food secure,12,82.0
2021,Nova Scotia,Persons in couples,,Food insecure,12,18.0
2021,Nova Scotia,Persons in couples,,"Food insecure, marginal",12,4.9
2021,Nova Scotia,Persons in couples,,"Food insecure, moderate or severe",12,13.1
2021,Nova Scotia,Persons in couples,,"Food insecure, moderate",12,8.6
2021,Nova Scotia,Persons in couples,,"Food insecure, severe",12,4.6
2021,Nova Scotia,Persons in couple families with children,,Food secure,12,73.2
2021,Nova Scotia,Persons in couple families with children,,Food insecure,12,26.8
2021,Nova Scotia,Persons in couple families with children,,"Food insecure, marginal",12,3.0
2021,Nova Scotia,Persons in couple families with children,,"Food insecure, moderate or severe",12,23.8
2021,Nova Scotia,Persons in couple families with children,,"Food insecure, moderate",12,19.0
2021,Nova Scotia,Persons in couple families with children,,"Food insecure, severe",12,4.8
2021,Nova Scotia,Persons in couple families with other relatives,,Food secure,12,88.5
2021,Nova Scotia,Persons in couple families with other relatives,,Food insecure,12,11.5
2021,Nova Scotia,Persons in couple families with other relatives,,"Food insecure, marginal",12,
2021,Nova Scotia,Persons in couple families with other relatives,,"Food insecure, moderate or severe",12,
2021,Nova Scotia,Persons in couple families with other relatives,,"Food insecure, moderate",12,
2021,Nova Scotia,Persons in couple families with other relatives,,"Food insecure, severe",12,
2021,Nova Scotia,Persons in lone-parent families,,Food secure,12,59.1
2021,Nova Scotia,Persons in lone-parent families,,Food insecure,12,40.9
2021,Nova Scotia,Persons in lone-parent families,,"Food insecure, marginal",12,
2021,Nova Scotia,Persons in lone-parent families,,"Food insecure, moderate or severe",12,27.5
2021,Nova Scotia,Persons in lone-parent families,,"Food insecure, moderate",12,11.4
2021,Nova Scotia,Persons in lone-parent families,,"Food insecure, severe",12,
2021,Nova Scotia,Persons in male lone-parent families,,Food secure,12,
2021,Nova Scotia,Persons in male lone-parent families,,Food insecure,12,
2021,Nova Scotia,Persons in male lone-parent families,,"Food insecure, marginal",12,
2021,Nova Scotia,Persons in male lone-parent families,,"Food insecure, moderate or severe",12,
2021,Nova Scotia,Persons in male lone-parent families,,"Food insecure, moderate",12,
2021,Nova Scotia,Persons in male lone-parent families,,"Food insecure, severe",12,
2021,Nova Scotia,Persons in female lone-parent families,,Food secure,12,62.5
2021,Nova Scotia,Persons in female lone-parent families,,Food insecure,12,37.5
2021,Nova Scotia,Persons in female lone-parent families,,"Food insecure, marginal",12,
2021,Nova Scotia,Persons in female lone-parent families,,"Food insecure, moderate or severe",12,30.0
2021,Nova Scotia,Persons in female lone-parent families,,"Food insecure, moderate",12,
2021,Nova Scotia,Persons in female lone-parent families,,"Food insecure, severe",12,
2021,Nova Scotia,Persons in other non-elderly families,,Food secure,12,67.1
2021,Nova Scotia,Persons in other non-elderly families,,Food insecure,12,32.9
2021,Nova Scotia,Persons in other non-elderly families,,"Food insecure, marginal",12,10.7
2021,Nova Scotia,Persons in other non-elderly families,,"Food insecure, moderate or severe",12,22.2
2021,Nova Scotia,Persons in other non-elderly families,,"Food insecure, moderate",12,18.0
2021,Nova Scotia,Persons in other non-elderly families,,"Food insecure, severe",12,
2021,Nova Scotia,Persons not in an economic family,,Food secure,12,76.7
2021,Nova Scotia,Persons not in an economic family,,Food insecure,12,23.3
2021,Nova Scotia,Persons not in an economic family,,"Food insecure, marginal",12,7.1
2021,Nova Scotia,Persons not in an economic family,,"Food insecure, moderate or severe",12,16.1
2021,Nova Scotia,Persons not in an economic family,,"Food insecure, moderate",12,9.2
2021,Nova Scotia,Persons not in an economic family,,"Food insecure, severe",12,6.9
2021,Nova Scotia,Elderly persons not in an economic family,,Food secure,12,83.5
2021,Nova Scotia,Elderly persons not in an economic family,,Food insecure,12,16.5
2021,Nova Scotia,Elderly persons not in an economic family,,"Food insecure, marginal",12,6.1
2021,Nova Scotia,Elderly persons not in an economic family,,"Food insecure, moderate or severe",12,10.4
2021,Nova Scotia,Elderly persons not in an economic family,,"Food insecure, moderate",12,7.5
2021,Nova Scotia,Elderly persons not in an economic family,,"Food insecure, severe",12,
2021,Nova Scotia,Elderly males not in an economic family,,Food secure,12,85.1
2021,Nova Scotia,Elderly males not in an economic family,,Food insecure,12,14.9
2021,Nova Scotia,Elderly males not in an economic family,,"Food insecure, marginal",12,
2021,Nova Scotia,Elderly males not in an economic family,,"Food insecure, moderate or severe",12,
2021,Nova Scotia,Elderly males not in an economic family,,"Food insecure, moderate",12,8.4
2021,Nova Scotia,Elderly males not in an economic family,,"Food insecure, severe",12,
2021,Nova Scotia,Elderly females not in an economic family,,Food secure,12,82.7
2021,Nova Scotia,Elderly females not in an economic family,,Food insecure,12,17.3
2021,Nova Scotia,Elderly females not in an economic family,,"Food insecure, marginal",12,6.8
2021,Nova Scotia,Elderly females not in an economic family,,"Food insecure, moderate or severe",12,10.4
2021,Nova Scotia,Elderly females not in an economic family,,"Food insecure, moderate",12,6.9
2021,Nova Scotia,Elderly females not in an economic family,,"Food insecure, severe",12,
2021,Nova Scotia,Non-elderly persons not in an economic family,,Food secure,12,73.4
2021,Nova Scotia,Non-elderly persons not in an economic family,,Food insecure,12,26.6
2021,Nova Scotia,Non-elderly persons not in an economic family,,"Food insecure, marginal",12,7.6
2021,Nova Scotia,Non-elderly persons not in an economic family,,"Food insecure, moderate or severe",12,19.0
2021,Nova Scotia,Non-elderly persons not in an economic family,,"Food insecure, moderate",12,10.1
2021,Nova Scotia,Non-elderly persons not in an economic family,,"Food insecure, severe",12,8.9
2021,Nova Scotia,Non-elderly males not in an economic family,,Food secure,12,77.6
2021,Nova Scotia,Non-elderly males not in an economic family,,Food insecure,12,22.4
2021,Nova Scotia,Non-elderly males not in an economic family,,"Food insecure, marginal",12,7.3
2021,Nova Scotia,Non-elderly males not in an economic family,,"Food insecure, moderate or severe",12,15.0
2021,Nova Scotia,Non-elderly males not in an economic family,,"Food insecure, moderate",12,9.2
2021,Nova Scotia,Non-elderly males not in an economic family,,"Food insecure, severe",12,5.8
2021,Nova Scotia,Non-elderly females not in an economic family,,Food secure,12,68.9
2021,Nova Scotia,Non-elderly females not in an economic family,,Food insecure,12,31.1
2021,Nova Scotia,Non-elderly females not in an economic family,,"Food insecure, marginal",12,7.9
2021,Nova Scotia,Non-elderly females not in an economic family,,"Food insecure, moderate or severe",12,23.2
2021,Nova Scotia,Non-elderly females not in an economic family,,"Food insecure, moderate",12,11.1
2021,Nova Scotia,Non-elderly females not in an economic family,,"Food insecure, severe",12,12.1
2021,New Brunswick,All persons,,Food secure,13,77.3
2021,New Brunswick,All persons,,Food insecure,13,22.7
2021,New Brunswick,All persons,,"Food insecure, marginal",13,5.4
2021,New Brunswick,All persons,,"Food insecure, moderate or severe",13,17.4
2021,New Brunswick,All persons,,"Food insecure, moderate",13,12.9
2021,New Brunswick,All persons,,"Food insecure, severe",13,4.5
2021,New Brunswick,Persons in economic families,,Food secure,13,77.5
2021,New Brunswick,Persons in economic families,,Food insecure,13,22.5
2021,New Brunswick,Persons in economic families,,"Food insecure, marginal",13,5.4
2021,New Brunswick,Persons in economic families,,"Food insecure, moderate or severe",13,17.1
2021,New Brunswick,Persons in economic families,,"Food insecure, moderate",13,13.4
2021,New Brunswick,Persons in economic families,,"Food insecure, severe",13,3.7
2021,New Brunswick,Persons in elderly families,,Food secure,13,91.1
2021,New Brunswick,Persons in elderly families,,Food insecure,13,8.9
2021,New Brunswick,Persons in elderly families,,"Food insecure, marginal",13,4.0
2021,New Brunswick,Persons in elderly families,,"Food insecure, moderate or severe",13,4.9
2021,New Brunswick,Persons in elderly families,,"Food insecure, moderate",13,3.5
2021,New Brunswick,Persons in elderly families,,"Food insecure, severe",13,
2021,New Brunswick,Persons in elderly couples,,Food secure,13,93.7
2021,New Brunswick,Persons in elderly couples,,Food insecure,13,6.3
2021,New Brunswick,Persons in elderly couples,,"Food insecure, marginal",13,
2021,New Brunswick,Persons in elderly couples,,"Food insecure, moderate or severe",13,4.0
2021,New Brunswick,Persons in elderly couples,,"Food insecure, moderate",13,3.2
2021,New Brunswick,Persons in elderly couples,,"Food insecure, severe",13,
2021,New Brunswick,Persons in other elderly families,,Food secure,13,83.0
2021,New Brunswick,Persons in other elderly families,,Food insecure,13,17.0
2021,New Brunswick,Persons in other elderly families,,"Food insecure, marginal",13,
2021,New Brunswick,Persons in other elderly families,,"Food insecure, moderate or severe",13,
2021,New Brunswick,Persons in other elderly families,,"Food insecure, moderate",13,
2021,New Brunswick,Persons in other elderly families,,"Food insecure, severe",13,
2021,New Brunswick,Persons in non-elderly families,,Food secure,13,74.1
2021,New Brunswick,Persons in non-elderly families,,Food insecure,13,25.9
2021,New Brunswick,Persons in non-elderly families,,"Food insecure, marginal",13,5.8
2021,New Brunswick,Persons in non-elderly families,,"Food insecure, moderate or severe",13,20.2
2021,New Brunswick,Persons in non-elderly families,,"Food insecure, moderate",13,15.9
2021,New Brunswick,Persons in non-elderly families,,"Food insecure, severe",13,4.3
2021,New Brunswick,Persons in couples,,Food secure,13,84.5
2021,New Brunswick,Persons in couples,,Food insecure,13,15.5
2021,New Brunswick,Persons in couples,,"Food insecure, marginal",13,4.1
2021,New Brunswick,Persons in couples,,"Food insecure, moderate or severe",13,11.3
2021,New Brunswick,Persons in couples,,"Food insecure, moderate",13,9.0
2021,New Brunswick,Persons in couples,,"Food insecure, severe",13,
2021,New Brunswick,Persons in couple families with children,,Food secure,13,74.7
2021,New Brunswick,Persons in couple families with children,,Food insecure,13,25.3
2021,New Brunswick,Persons in couple families with children,,"Food insecure, marginal",13,5.1
2021,New Brunswick,Persons in couple families with children,,"Food insecure, moderate or severe",13,20.2
2021,New Brunswick,Persons in couple families with children,,"Food insecure, moderate",13,16.1
2021,New Brunswick,Persons in couple families with children,,"Food insecure, severe",13,4.1
2021,New Brunswick,Persons in couple families with other relatives,,Food secure,13,72.9
2021,New Brunswick,Persons in couple families with other relatives,,Food insecure,13,27.1
2021,New Brunswick,Persons in couple families with other relatives,,"Food insecure, marginal",13,
2021,New Brunswick,Persons in couple families with other relatives,,"Food insecure, moderate or severe",13,20.2
2021,New Brunswick,Persons in couple families with other relatives,,"Food insecure, moderate",13,16.8
2021,New Brunswick,Persons in couple families with other relatives,,"Food insecure, severe",13,
2021,New Brunswick,Persons in lone-parent families,,Food secure,13,59.2
2021,New Brunswick,Persons in lone-parent families,,Food insecure,13,40.8
2021,New Brunswick,Persons in lone-parent families,,"Food insecure, marginal",13,
2021,New Brunswick,Persons in lone-parent families,,"Food insecure, moderate or severe",13,33.7
2021,New Brunswick,Persons in lone-parent families,,"Food insecure, moderate",13,23.4
2021,New Brunswick,Persons in lone-parent families,,"Food insecure, severe",13,
2021,New Brunswick,Persons in male lone-parent families,,Food secure,13,70.4
2021,New Brunswick,Persons in male lone-parent families,,Food insecure,13,
2021,New Brunswick,Persons in male lone-parent families,,"Food insecure, marginal",13,
2021,New Brunswick,Persons in male lone-parent families,,"Food insecure, moderate or severe",13,
2021,New Brunswick,Persons in male lone-parent families,,"Food insecure, moderate",13,
2021,New Brunswick,Persons in male lone-parent families,,"Food insecure, severe",13,
2021,New Brunswick,Persons in female lone-parent families,,Food secure,13,54.7
2021,New Brunswick,Persons in female lone-parent families,,Food insecure,13,45.3
2021,New Brunswick,Persons in female lone-parent families,,"Food insecure, marginal",13,
2021,New Brunswick,Persons in female lone-parent families,,"Food insecure, moderate or severe",13,41.4
2021,New Brunswick,Persons in female lone-parent families,,"Food insecure, moderate",13,27.9
2021,New Brunswick,Persons in female lone-parent families,,"Food insecure, severe",13,
2021,New Brunswick,Persons in other non-elderly families,,Food secure,13,65.4
2021,New Brunswick,Persons in other non-elderly families,,Food insecure,13,34.6
2021,New Brunswick,Persons in other non-elderly families,,"Food insecure, marginal",13,
2021,New Brunswick,Persons in other non-elderly families,,"Food insecure, moderate or severe",13,25.1
2021,New Brunswick,Persons in other non-elderly families,,"Food insecure, moderate",13,20.3
2021,New Brunswick,Persons in other non-elderly families,,"Food insecure, severe",13,
2021,New Brunswick,Persons not in an economic family,,Food secure,13,76.4
2021,New Brunswick,Persons not in an economic family,,Food insecure,13,23.6
2021,New Brunswick,Persons not in an economic family,,"Food insecure, marginal",13,5.2
2021,New Brunswick,Persons not in an economic family,,"Food insecure, moderate or severe",13,18.4
2021,New Brunswick,Persons not in an economic family,,"Food insecure, moderate",13,10.6
2021,New Brunswick,Persons not in an economic family,,"Food insecure, severe",13,7.8
2021,New Brunswick,Elderly persons not in an economic family,,Food secure,13,83.4
2021,New Brunswick,Elderly persons not in an economic family,,Food insecure,13,16.6
2021,New Brunswick,Elderly persons not in an economic family,,"Food insecure, marginal",13,5.7
2021,New Brunswick,Elderly persons not in an economic family,,"Food insecure, moderate or severe",13,10.9
2021,New Brunswick,Elderly persons not in an economic family,,"Food insecure, moderate",13,8.8
2021,New Brunswick,Elderly persons not in an economic family,,"Food insecure, severe",13,
2021,New Brunswick,Elderly males not in an economic family,,Food secure,13,81.5
2021,New Brunswick,Elderly males not in an economic family,,Food insecure,13,18.5
2021,New Brunswick,Elderly males not in an economic family,,"Food insecure, marginal",13,
2021,New Brunswick,Elderly males not in an economic family,,"Food insecure, moderate or severe",13,11.5
2021,New Brunswick,Elderly males not in an economic family,,"Food insecure, moderate",13,9.4
2021,New Brunswick,Elderly males not in an economic family,,"Food insecure, severe",13,
2021,New Brunswick,Elderly females not in an economic family,,Food secure,13,84.4
2021,New Brunswick,Elderly females not in an economic family,,Food insecure,13,15.6
2021,New Brunswick,Elderly females not in an economic family,,"Food insecure, marginal",13,5.0
2021,New Brunswick,Elderly females not in an economic family,,"Food insecure, moderate or severe",13,10.6
2021,New Brunswick,Elderly females not in an economic family,,"Food insecure, moderate",13,8.5
2021,New Brunswick,Elderly females not in an economic family,,"Food insecure, severe",13,
2021,New Brunswick,Non-elderly persons not in an economic family,,Food secure,13,71.9
2021,New Brunswick,Non-elderly persons not in an economic family,,Food insecure,13,28.1
2021,New Brunswick,Non-elderly persons not in an economic family,,"Food insecure, marginal",13,4.9
2021,New Brunswick,Non-elderly persons not in an economic family,,"Food insecure, moderate or severe",13,23.1
2021,New Brunswick,Non-elderly persons not in an economic family,,"Food insecure, moderate",13,11.7
2021,New Brunswick,Non-elderly persons not in an economic family,,"Food insecure, severe",13,11.5
2021,New Brunswick,Non-elderly males not in an economic family,,Food secure,13,69.4
2021,New Brunswick,Non-elderly males not in an economic family,,Food insecure,13,30.6
2021,New Brunswick,Non-elderly males not in an economic family,,"Food insecure, marginal",13,
2021,New Brunswick,Non-elderly males not in an economic family,,"Food insecure, moderate or severe",13,26.3
2021,New Brunswick,Non-elderly males not in an economic family,,"Food insecure, moderate",13,14.5
2021,New Brunswick,Non-elderly males not in an economic family,,"Food insecure, severe",13,11.8
2021,New Brunswick,Non-elderly females not in an economic family,,Food secure,13,75.1
2021,New Brunswick,Non-elderly females not in an economic family,,Food insecure,13,24.9
2021,New Brunswick,Non-elderly females not in an economic family,,"Food insecure, marginal",13,5.7
2021,New Brunswick,Non-elderly females not in an economic family,,"Food insecure, moderate or severe",13,19.2
2021,New Brunswick,Non-elderly females not in an economic family,,"Food insecure, moderate",13,8.2
2021,New Brunswick,Non-elderly females not in an economic family,,"Food insecure, severe",13,11.0
2021,Quebec,All persons,,Food secure,24,85.3
2021,Quebec,All persons,,Food insecure,24,14.7
2021,Quebec,All persons,,"Food insecure, marginal",24,5.8
2021,Quebec,All persons,,"Food insecure, moderate or severe",24,8.9
2021,Quebec,All persons,,"Food insecure, moderate",24,6.6
2021,Quebec,All persons,,"Food insecure, severe",24,2.3
2021,Quebec,Persons in economic families,,Food secure,24,85.6
2021,Quebec,Persons in economic families,,Food insecure,24,14.4
2021,Quebec,Persons in economic families,,"Food insecure, marginal",24,6.2
2021,Quebec,Persons in economic families,,"Food insecure, moderate or severe",24,8.2
2021,Quebec,Persons in economic families,,"Food insecure, moderate",24,6.3
2021,Quebec,Persons in economic families,,"Food insecure, severe",24,1.9
2021,Quebec,Persons in elderly families,,Food secure,24,94.4
2021,Quebec,Persons in elderly families,,Food insecure,24,5.6
2021,Quebec,Persons in elderly families,,"Food insecure, marginal",24,2.9
2021,Quebec,Persons in elderly families,,"Food insecure, moderate or severe",24,2.7
2021,Quebec,Persons in elderly families,,"Food insecure, moderate",24,2.5
2021,Quebec,Persons in elderly families,,"Food insecure, severe",24,
2021,Quebec,Persons in elderly couples,,Food secure,24,95.3
2021,Quebec,Persons in elderly couples,,Food insecure,24,4.7
2021,Quebec,Persons in elderly couples,,"Food insecure, marginal",24,2.6
2021,Quebec,Persons in elderly couples,,"Food insecure, moderate or severe",24,2.1
2021,Quebec,Persons in elderly couples,,"Food insecure, moderate",24,2.0
2021,Quebec,Persons in elderly couples,,"Food insecure, severe",24,
2021,Quebec,Persons in other elderly families,,Food secure,24,91.4
2021,Quebec,Persons in other elderly families,,Food insecure,24,
2021,Quebec,Persons in other elderly families,,"Food insecure, marginal",24,
2021,Quebec,Persons in other elderly families,,"Food insecure, moderate or severe",24,
2021,Quebec,Persons in other elderly families,,"Food insecure, moderate",24,
2021,Quebec,Persons in other elderly families,,"Food insecure, severe",24,
2021,Quebec,Persons in non-elderly families,,Food secure,24,83.9
2021,Quebec,Persons in non-elderly families,,Food insecure,24,16.1
2021,Quebec,Persons in non-elderly families,,"Food insecure, marginal",24,6.8
2021,Quebec,Persons in non-elderly families,,"Food insecure, moderate or severe",24,9.2
2021,Quebec,Persons in non-elderly families,,"Food insecure, moderate",24,7.0
2021,Quebec,Persons in non-elderly families,,"Food insecure, severe",24,2.2
2021,Quebec,Persons in couples,,Food secure,24,93.4
2021,Quebec,Persons in couples,,Food insecure,24,6.6
2021,Quebec,Persons in couples,,"Food insecure, marginal",24,2.4
2021,Quebec,Persons in couples,,"Food insecure, moderate or severe",24,4.1
2021,Quebec,Persons in couples,,"Food insecure, moderate",24,3.3
2021,Quebec,Persons in couples,,"Food insecure, severe",24,
2021,Quebec,Persons in couple families with children,,Food secure,24,81.8
2021,Quebec,Persons in couple families with children,,Food insecure,24,18.2
2021,Quebec,Persons in couple families with children,,"Food insecure, marginal",24,9.7
2021,Quebec,Persons in couple families with children,,"Food insecure, moderate or severe",24,8.5
2021,Quebec,Persons in couple families with children,,"Food insecure, moderate",24,7.0
2021,Quebec,Persons in couple families with children,,"Food insecure, severe",24,1.6
2021,Quebec,Persons in couple families with other relatives,,Food secure,24,89.2
2021,Quebec,Persons in couple families with other relatives,,Food insecure,24,10.8
2021,Quebec,Persons in couple families with other relatives,,"Food insecure, marginal",24,
2021,Quebec,Persons in couple families with other relatives,,"Food insecure, moderate or severe",24,8.0
2021,Quebec,Persons in couple families with other relatives,,"Food insecure, moderate",24,
2021,Quebec,Persons in couple families with other relatives,,"Food insecure, severe",24,
2021,Quebec,Persons in lone-parent families,,Food secure,24,67.3
2021,Quebec,Persons in lone-parent families,,Food insecure,24,32.7
2021,Quebec,Persons in lone-parent families,,"Food insecure, marginal",24,10.8
2021,Quebec,Persons in lone-parent families,,"Food insecure, moderate or severe",24,21.9
2021,Quebec,Persons in lone-parent families,,"Food insecure, moderate",24,17.0
2021,Quebec,Persons in lone-parent families,,"Food insecure, severe",24,
2021,Quebec,Persons in male lone-parent families,,Food secure,24,82.7
2021,Quebec,Persons in male lone-parent families,,Food insecure,24,17.3
2021,Quebec,Persons in male lone-parent families,,"Food insecure, marginal",24,
2021,Quebec,Persons in male lone-parent families,,"Food insecure, moderate or severe",24,
2021,Quebec,Persons in male lone-parent families,,"Food insecure, moderate",24,
2021,Quebec,Persons in male lone-parent families,,"Food insecure, severe",24,
2021,Quebec,Persons in female lone-parent families,,Food secure,24,63.1
2021,Quebec,Persons in female lone-parent families,,Food insecure,24,36.9
2021,Quebec,Persons in female lone-parent families,,"Food insecure, marginal",24,12.5
2021,Quebec,Persons in female lone-parent families,,"Food insecure, moderate or severe",24,24.5
2021,Quebec,Persons in female lone-parent families,,"Food insecure, moderate",24,18.3
2021,Quebec,Persons in female lone-parent families,,"Food insecure, severe",24,
2021,Quebec,Persons in other non-elderly families,,Food secure,24,81.6
2021,Quebec,Persons in other non-elderly families,,Food insecure,24,18.4
2021,Quebec,Persons in other non-elderly families,,"Food insecure, marginal",24,
2021,Quebec,Persons in other non-elderly families,,"Food insecure, moderate or severe",24,15.5
2021,Quebec,Persons in other non-elderly families,,"Food insecure, moderate",24,10.7
2021,Quebec,Persons in other non-elderly families,,"Food insecure, severe",24,
2021,Quebec,Persons not in an economic family,,Food secure,24,83.9
2021,Quebec,Persons not in an economic family,,Food insecure,24,16.1
2021,Quebec,Persons not in an economic family,,"Food insecure, marginal",24,4.3
2021,Quebec,Persons not in an economic family,,"Food insecure, moderate or severe",24,11.7
2021,Quebec,Persons not in an economic family,,"Food insecure, moderate",24,7.9
2021,Quebec,Persons not in an economic family,,"Food insecure, severe",24,3.8
2021,Quebec,Elderly persons not in an economic family,,Food secure,24,88.9
2021,Quebec,Elderly persons not in an economic family,,Food insecure,24,11.1
2021,Quebec,Elderly persons not in an economic family,,"Food insecure, marginal",24,4.2
2021,Quebec,Elderly persons not in an economic family,,"Food insecure, moderate or severe",24,6.8
2021,Quebec,Elderly persons not in an economic family,,"Food insecure, moderate",24,4.9
2021,Quebec,Elderly persons not in an economic family,,"Food insecure, severe",24,1.9
2021,Quebec,Elderly males not in an economic family,,Food secure,24,89.1
2021,Quebec,Elderly males not in an economic family,,Food insecure,24,10.9
2021,Quebec,Elderly males not in an economic family,,"Food insecure, marginal",24,4.5
2021,Quebec,Elderly males not in an economic family,,"Food insecure, moderate or severe",24,6.3
2021,Quebec,Elderly males not in an economic family,,"Food insecure, moderate",24,4.9
2021,Quebec,Elderly males not in an economic family,,"Food insecure, severe",24,
2021,Quebec,Elderly females not in an economic family,,Food secure,24,88.8
2021,Quebec,Elderly females not in an economic family,,Food insecure,24,11.2
2021,Quebec,Elderly females not in an economic family,,"Food insecure, marginal",24,4.0
2021,Quebec,Elderly females not in an economic family,,"Food insecure, moderate or severe",24,7.2
2021,Quebec,Elderly females not in an economic family,,"Food insecure, moderate",24,5.0
2021,Quebec,Elderly females not in an economic family,,"Food insecure, severe",24,
2021,Quebec,Non-elderly persons not in an economic family,,Food secure,24,80.9
2021,Quebec,Non-elderly persons not in an economic family,,Food insecure,24,19.1
2021,Quebec,Non-elderly persons not in an economic family,,"Food insecure, marginal",24,4.4
2021,Quebec,Non-elderly persons not in an economic family,,"Food insecure, moderate or severe",24,14.7
2021,Quebec,Non-elderly persons not in an economic family,,"Food insecure, moderate",24,9.6
2021,Quebec,Non-elderly persons not in an economic family,,"Food insecure, severe",24,5.0
2021,Quebec,Non-elderly males not in an economic family,,Food secure,24,80.6
2021,Quebec,Non-elderly males not in an economic family,,Food insecure,24,19.4
2021,Quebec,Non-elderly males not in an economic family,,"Food insecure, marginal",24,4.1
2021,Quebec,Non-elderly males not in an economic family,,"Food insecure, moderate or severe",24,15.2
2021,Quebec,Non-elderly males not in an economic family,,"Food insecure, moderate",24,9.6
2021,Quebec,Non-elderly males not in an economic family,,"Food insecure, severe",24,5.6
2021,Quebec,Non-elderly females not in an economic family,,Food secure,24,81.4
2021,Quebec,Non-elderly females not in an economic family,,Food insecure,24,18.6
2021,Quebec,Non-elderly females not in an economic family,,"Food insecure, marginal",24,4.8
2021,Quebec,Non-elderly females not in an economic family,,"Food insecure, moderate or severe",24,13.8
2021,Quebec,Non-elderly females not in an economic family,,"Food insecure, moderate",24,9.7
2021,Quebec,Non-elderly females not in an economic family,,"Food insecure, severe",24,4.2
2021,Ontario,All persons,,Food secure,35,80.8
2021,Ontario,All persons,,Food insecure,35,19.2
2021,Ontario,All persons,,"Food insecure, marginal",35,5.3
2021,Ontario,All persons,,"Food insecure, moderate or severe",35,13.9
2021,Ontario,All persons,,"Food insecure, moderate",35,9.8
2021,Ontario,All persons,,"Food insecure, severe",35,4.1
2021,Ontario,Persons in economic families,,Food secure,35,81.0
2021,Ontario,Persons in economic families,,Food insecure,35,19.0
2021,Ontario,Persons in economic families,,"Food insecure, marginal",35,5.4
2021,Ontario,Persons in economic families,,"Food insecure, moderate or severe",35,13.6
2021,Ontario,Persons in economic families,,"Food insecure, moderate",35,10.0
2021,Ontario,Persons in economic families,,"Food insecure, severe",35,3.5
2021,Ontario,Persons in elderly families,,Food secure,35,90.5
2021,Ontario,Persons in elderly families,,Food insecure,35,9.5
2021,Ontario,Persons in elderly families,,"Food insecure, marginal",35,3.6
2021,Ontario,Persons in elderly families,,"Food insecure, moderate or severe",35,5.8
2021,Ontario,Persons in elderly families,,"Food insecure, moderate",35,4.0
2021,Ontario,Persons in elderly families,,"Food insecure, severe",35,1.9
2021,Ontario,Persons in elderly couples,,Food secure,35,93.1
2021,Ontario,Persons in elderly couples,,Food insecure,35,6.9
2021,Ontario,Persons in elderly couples,,"Food insecure, marginal",35,3.4
2021,Ontario,Persons in elderly couples,,"Food insecure, moderate or severe",35,3.5
2021,Ontario,Persons in elderly couples,,"Food insecure, moderate",35,2.6
2021,Ontario,Persons in elderly couples,,"Food insecure, severe",35,0.9
2021,Ontario,Persons in other elderly families,,Food secure,35,85.4
2021,Ontario,Persons in other elderly families,,Food insecure,35,14.6
2021,Ontario,Persons in other elderly families,,"Food insecure, marginal",35,4.1
2021,Ontario,Persons in other elderly families,,"Food insecure, moderate or severe",35,10.5
2021,Ontario,Persons in other elderly families,,"Food insecure, moderate",35,6.7
2021,Ontario,Persons in other elderly families,,"Food insecure, severe",35,3.8
2021,Ontario,Persons in non-elderly families,,Food secure,35,79.4
2021,Ontario,Persons in non-elderly families,,Food insecure,35,20.6
2021,Ontario,Persons in non-elderly families,,"Food insecure, marginal",35,5.7
2021,Ontario,Persons in non-elderly families,,"Food insecure, moderate or severe",35,14.9
2021,Ontario,Persons in non-elderly families,,"Food insecure, moderate",35,11.1
2021,Ontario,Persons in non-elderly families,,"Food insecure, severe",35,3.8
2021,Ontario,Persons in couples,,Food secure,35,85.8
2021,Ontario,Persons in couples,,Food insecure,35,14.2
2021,Ontario,Persons in couples,,"Food insecure, marginal",35,4.2
2021,Ontario,Persons in couples,,"Food insecure, moderate or severe",35,9.9
2021,Ontario,Persons in couples,,"Food insecure, moderate",35,6.8
2021,Ontario,Persons in couples,,"Food insecure, severe",35,3.1
2021,Ontario,Persons in couple families with children,,Food secure,35,79.5
2021,Ontario,Persons in couple families with children,,Food insecure,35,20.5
2021,Ontario,Persons in couple families with children,,"Food insecure, marginal",35,6.0
2021,Ontario,Persons in couple families with children,,"Food insecure, moderate or severe",35,14.5
2021,Ontario,Persons in couple families with children,,"Food insecure, moderate",35,12.0
2021,Ontario,Persons in couple families with children,,"Food insecure, severe",35,2.6
2021,Ontario,Persons in couple families with other relatives,,Food secure,35,84.7
2021,Ontario,Persons in couple families with other relatives,,Food insecure,35,15.3
2021,Ontario,Persons in couple families with other relatives,,"Food insecure, marginal",35,5.0
2021,Ontario,Persons in couple families with other relatives,,"Food insecure, moderate or severe",35,10.3
2021,Ontario,Persons in couple families with other relatives,,"Food insecure, moderate",35,7.6
2021,Ontario,Persons in couple families with other relatives,,"Food insecure, severe",35,2.7
2021,Ontario,Persons in lone-parent families,,Food secure,35,59.2
2021,Ontario,Persons in lone-parent families,,Food insecure,35,40.8
2021,Ontario,Persons in lone-parent families,,"Food insecure, marginal",35,7.9
2021,Ontario,Persons in lone-parent families,,"Food insecure, moderate or severe",35,33.0
2021,Ontario,Persons in lone-parent families,,"Food insecure, moderate",35,22.4
2021,Ontario,Persons in lone-parent families,,"Food insecure, severe",35,10.6
2021,Ontario,Persons in male lone-parent families,,Food secure,35,83.6
2021,Ontario,Persons in male lone-parent families,,Food insecure,35,
2021,Ontario,Persons in male lone-parent families,,"Food insecure, marginal",35,
2021,Ontario,Persons in male lone-parent families,,"Food insecure, moderate or severe",35,
2021,Ontario,Persons in male lone-parent families,,"Food insecure, moderate",35,
2021,Ontario,Persons in male lone-parent families,,"Food insecure, severe",35,
2021,Ontario,Persons in female lone-parent families,,Food secure,35,54.0
2021,Ontario,Persons in female lone-parent families,,Food insecure,35,46.0
2021,Ontario,Persons in female lone-parent families,,"Food insecure, marginal",35,7.8
2021,Ontario,Persons in female lone-parent families,,"Food insecure, moderate or severe",35,38.3
2021,Ontario,Persons in female lone-parent families,,"Food insecure, moderate",35,26.7
2021,Ontario,Persons in female lone-parent families,,"Food insecure, severe",35,11.6
2021,Ontario,Persons in other non-elderly families,,Food secure,35,76.8
2021,Ontario,Persons in other non-elderly families,,Food insecure,35,23.2
2021,Ontario,Persons in other non-elderly families,,"Food insecure, marginal",35,6.0
2021,Ontario,Persons in other non-elderly families,,"Food insecure, moderate or severe",35,17.2
2021,Ontario,Persons in other non-elderly families,,"Food insecure, moderate",35,10.4
2021,Ontario,Persons in other non-elderly families,,"Food insecure, severe",35,6.8
2021,Ontario,Persons not in an economic family,,Food secure,35,79.3
2021,Ontario,Persons not in an economic family,,Food insecure,35,20.7
2021,Ontario,Persons not in an economic family,,"Food insecure, marginal",35,5.0
2021,Ontario,Persons not in an economic family,,"Food insecure, moderate or severe",35,15.8
2021,Ontario,Persons not in an economic family,,"Food insecure, moderate",35,8.7
2021,Ontario,Persons not in an economic family,,"Food insecure, severe",35,7.0
2021,Ontario,Elderly persons not in an economic family,,Food secure,35,87.7
2021,Ontario,Elderly persons not in an economic family,,Food insecure,35,12.3
2021,Ontario,Elderly persons not in an economic family,,"Food insecure, marginal",35,4.7
2021,Ontario,Elderly persons not in an economic family,,"Food insecure, moderate or severe",35,7.6
2021,Ontario,Elderly persons not in an economic family,,"Food insecure, moderate",35,5.2
2021,Ontario,Elderly persons not in an economic family,,"Food insecure, severe",35,2.3
2021,Ontario,Elderly males not in an economic family,,Food secure,35,86.4
2021,Ontario,Elderly males not in an economic family,,Food insecure,35,13.6
2021,Ontario,Elderly males not in an economic family,,"Food insecure, marginal",35,4.5
2021,Ontario,Elderly males not in an economic family,,"Food insecure, moderate or severe",35,9.1
2021,Ontario,Elderly males not in an economic family,,"Food insecure, moderate",35,5.0
2021,Ontario,Elderly males not in an economic family,,"Food insecure, severe",35,
2021,Ontario,Elderly females not in an economic family,,Food secure,35,88.4
2021,Ontario,Elderly females not in an economic family,,Food insecure,35,11.6
2021,Ontario,Elderly females not in an economic family,,"Food insecure, marginal",35,4.8
2021,Ontario,Elderly females not in an economic family,,"Food insecure, moderate or severe",35,6.7
2021,Ontario,Elderly females not in an economic family,,"Food insecure, moderate",35,5.3
2021,Ontario,Elderly females not in an economic family,,"Food insecure, severe",35,1.4
2021,Ontario,Non-elderly persons not in an economic family,,Food secure,35,75.3
2021,Ontario,Non-elderly persons not in an economic family,,Food insecure,35,24.7
2021,Ontario,Non-elderly persons not in an economic family,,"Food insecure, marginal",35,5.1
2021,Ontario,Non-elderly persons not in an economic family,,"Food insecure, moderate or severe",35,19.6
2021,Ontario,Non-elderly persons not in an economic family,,"Food insecure, moderate",35,10.3
2021,Ontario,Non-elderly persons not in an economic family,,"Food insecure, severe",35,9.2
2021,Ontario,Non-elderly males not in an economic family,,Food secure,35,76.1
2021,Ontario,Non-elderly males not in an economic family,,Food insecure,35,23.9
2021,Ontario,Non-elderly males not in an economic family,,"Food insecure, marginal",35,4.6
2021,Ontario,Non-elderly males not in an economic family,,"Food insecure, moderate or severe",35,19.3
2021,Ontario,Non-elderly males not in an economic family,,"Food insecure, moderate",35,10.2
2021,Ontario,Non-elderly males not in an economic family,,"Food insecure, severe",35,9.1
2021,Ontario,Non-elderly females not in an economic family,,Food secure,35,74.4
2021,Ontario,Non-elderly females not in an economic family,,Food insecure,35,25.6
2021,Ontario,Non-elderly females not in an economic family,,"Food insecure, marginal",35,5.8
2021,Ontario,Non-elderly females not in an economic family,,"Food insecure, moderate or severe",35,19.8
2021,Ontario,Non-elderly females not in an economic family,,"Food insecure, moderate",35,10.5
2021,Ontario,Non-elderly females not in an economic family,,"Food insecure, severe",35,9.3
2021,Prairie provinces,All persons,,Food secure,,78.9
2021,Prairie provinces,All persons,,Food insecure,,21.1
2021,Prairie provinces,All persons,,"Food insecure, marginal",,5.8
2021,Prairie provinces,All persons,,"Food insecure, moderate or severe",,15.3
2021,Prairie provinces,All persons,,"Food insecure, moderate",,9.3
2021,Prairie provinces,All persons,,"Food insecure, severe",,6.0
2021,Prairie provinces,Persons in economic families,,Food secure,,79.4
2021,Prairie provinces,Persons in economic families,,Food insecure,,20.6
2021,Prairie provinces,Persons in economic families,,"Food insecure, marginal",,5.9
2021,Prairie provinces,Persons in economic families,,"Food insecure, moderate or severe",,14.8
2021,Prairie provinces,Persons in economic families,,"Food insecure, moderate",,9.3
2021,Prairie provinces,Persons in economic families,,"Food insecure, severe",,5.5
2021,Prairie provinces,Persons in elderly families,,Food secure,,91.5
2021,Prairie provinces,Persons in elderly families,,Food insecure,,8.5
2021,Prairie provinces,Persons in elderly families,,"Food insecure, marginal",,3.1
2021,Prairie provinces,Persons in elderly families,,"Food insecure, moderate or severe",,5.4
2021,Prairie provinces,Persons in elderly families,,"Food insecure, moderate",,4.0
2021,Prairie provinces,Persons in elderly families,,"Food insecure, severe",,
2021,Prairie provinces,Persons in elderly couples,,Food secure,,93.2
2021,Prairie provinces,Persons in elderly couples,,Food insecure,,6.8
2021,Prairie provinces,Persons in elderly couples,,"Food insecure, marginal",,3.2
2021,Prairie provinces,Persons in elderly couples,,"Food insecure, moderate or severe",,3.7
2021,Prairie provinces,Persons in elderly couples,,"Food insecure, moderate",,3.0
2021,Prairie provinces,Persons in elderly couples,,"Food insecure, severe",,
2021,Prairie provinces,Persons in other elderly families,,Food secure,,88.1
2021,Prairie provinces,Persons in other elderly families,,Food insecure,,11.9
2021,Prairie provinces,Persons in other elderly families,,"Food insecure, marginal",,
2021,Prairie provinces,Persons in other elderly families,,"Food insecure, moderate or severe",,9.0
2021,Prairie provinces,Persons in other elderly families,,"Food insecure, moderate",,
2021,Prairie provinces,Persons in other elderly families,,"Food insecure, severe",,
2021,Prairie provinces,Persons in non-elderly families,,Food secure,,77.5
2021,Prairie provinces,Persons in non-elderly families,,Food insecure,,22.5
2021,Prairie provinces,Persons in non-elderly families,,"Food insecure, marginal",,6.3
2021,Prairie provinces,Persons in non-elderly families,,"Food insecure, moderate or severe",,16.2
2021,Prairie provinces,Persons in non-elderly families,,"Food insecure, moderate",,10.1
2021,Prairie provinces,Persons in non-elderly families,,"Food insecure, severe",,6.1
2021,Prairie provinces,Persons in couples,,Food secure,,86.6
2021,Prairie provinces,Persons in couples,,Food insecure,,13.4
2021,Prairie provinces,Persons in couples,,"Food insecure, marginal",,3.4
2021,Prairie provinces,Persons in couples,,"Food insecure, moderate or severe",,10.0
2021,Prairie provinces,Persons in couples,,"Food insecure, moderate",,5.7
2021,Prairie provinces,Persons in couples,,"Food insecure, severe",,4.3
2021,Prairie provinces,Persons in couple families with children,,Food secure,,75.2
2021,Prairie provinces,Persons in couple families with children,,Food insecure,,24.8
2021,Prairie provinces,Persons in couple families with children,,"Food insecure, marginal",,8.2
2021,Prairie provinces,Persons in couple families with children,,"Food insecure, moderate or severe",,16.6
2021,Prairie provinces,Persons in couple families with children,,"Food insecure, moderate",,11.5
2021,Prairie provinces,Persons in couple families with children,,"Food insecure, severe",,5.1
2021,Prairie provinces,Persons in couple families with other relatives,,Food secure,,85.7
2021,Prairie provinces,Persons in couple families with other relatives,,Food insecure,,14.3
2021,Prairie provinces,Persons in couple families with other relatives,,"Food insecure, marginal",,3.4
2021,Prairie provinces,Persons in couple families with other relatives,,"Food insecure, moderate or severe",,10.9
2021,Prairie provinces,Persons in couple families with other relatives,,"Food insecure, moderate",,4.9
2021,Prairie provinces,Persons in couple families with other relatives,,"Food insecure, severe",,6.0
2021,Prairie provinces,Persons in lone-parent families,,Food secure,,57.9
2021,Prairie provinces,Persons in lone-parent families,,Food insecure,,42.1
2021,Prairie provinces,Persons in lone-parent families,,"Food insecure, marginal",,8.5
2021,Prairie provinces,Persons in lone-parent families,,"Food insecure, moderate or severe",,33.6
2021,Prairie provinces,Persons in lone-parent families,,"Food insecure, moderate",,18.5
2021,Prairie provinces,Persons in lone-parent families,,"Food insecure, severe",,15.1
2021,Prairie provinces,Persons in male lone-parent families,,Food secure,,64.0
2021,Prairie provinces,Persons in male lone-parent families,,Food insecure,,36.0
2021,Prairie provinces,Persons in male lone-parent families,,"Food insecure, marginal",,
2021,Prairie provinces,Persons in male lone-parent families,,"Food insecure, moderate or severe",,21.2
2021,Prairie provinces,Persons in male lone-parent families,,"Food insecure, moderate",,
2021,Prairie provinces,Persons in male lone-parent families,,"Food insecure, severe",,
2021,Prairie provinces,Persons in female lone-parent families,,Food secure,,56.0
2021,Prairie provinces,Persons in female lone-parent families,,Food insecure,,44.0
2021,Prairie provinces,Persons in female lone-parent families,,"Food insecure, marginal",,6.5
2021,Prairie provinces,Persons in female lone-parent families,,"Food insecure, moderate or severe",,37.5
2021,Prairie provinces,Persons in female lone-parent families,,"Food insecure, moderate",,19.4
2021,Prairie provinces,Persons in female lone-parent families,,"Food insecure, severe",,18.1
2021,Prairie provinces,Persons in other non-elderly families,,Food secure,,76.7
2021,Prairie provinces,Persons in other non-elderly families,,Food insecure,,23.3
2021,Prairie provinces,Persons in other non-elderly families,,"Food insecure, marginal",,2.7
2021,Prairie provinces,Persons in other non-elderly families,,"Food insecure, moderate or severe",,20.6
2021,Prairie provinces,Persons in other non-elderly families,,"Food insecure, moderate",,11.8
2021,Prairie provinces,Persons in other non-elderly families,,"Food insecure, severe",,8.8
2021,Prairie provinces,Persons not in an economic family,,Food secure,,76.1
2021,Prairie provinces,Persons not in an economic family,,Food insecure,,23.9
2021,Prairie provinces,Persons not in an economic family,,"Food insecure, marginal",,5.6
2021,Prairie provinces,Persons not in an economic family,,"Food insecure, moderate or severe",,18.3
2021,Prairie provinces,Persons not in an economic family,,"Food insecure, moderate",,9.1
2021,Prairie provinces,Persons not in an economic family,,"Food insecure, severe",,9.2
2021,Prairie provinces,Elderly persons not in an economic family,,Food secure,,85.4
2021,Prairie provinces,Elderly persons not in an economic family,,Food insecure,,14.6
2021,Prairie provinces,Elderly persons not in an economic family,,"Food insecure, marginal",,3.7
2021,Prairie provinces,Elderly persons not in an economic family,,"Food insecure, moderate or severe",,10.8
2021,Prairie provinces,Elderly persons not in an economic family,,"Food insecure, moderate",,5.7
2021,Prairie provinces,Elderly persons not in an economic family,,"Food insecure, severe",,5.1
2021,Prairie provinces,Elderly males not in an economic family,,Food secure,,83.4
2021,Prairie provinces,Elderly males not in an economic family,,Food insecure,,16.6
2021,Prairie provinces,Elderly males not in an economic family,,"Food insecure, marginal",,4.3
2021,Prairie provinces,Elderly males not in an economic family,,"Food insecure, moderate or severe",,12.2
2021,Prairie provinces,Elderly males not in an economic family,,"Food insecure, moderate",,4.1
2021,Prairie provinces,Elderly males not in an economic family,,"Food insecure, severe",,
2021,Prairie provinces,Elderly females not in an economic family,,Food secure,,86.5
2021,Prairie provinces,Elderly females not in an economic family,,Food insecure,,13.5
2021,Prairie provinces,Elderly females not in an economic family,,"Food insecure, marginal",,3.4
2021,Prairie provinces,Elderly females not in an economic family,,"Food insecure, moderate or severe",,10.1
2021,Prairie provinces,Elderly females not in an economic family,,"Food insecure, moderate",,6.6
2021,Prairie provinces,Elderly females not in an economic family,,"Food insecure, severe",,3.6
2021,Prairie provinces,Non-elderly persons not in an economic family,,Food secure,,72.6
2021,Prairie provinces,Non-elderly persons not in an economic family,,Food insecure,,27.4
2021,Prairie provinces,Non-elderly persons not in an economic family,,"Food insecure, marginal",,6.3
2021,Prairie provinces,Non-elderly persons not in an economic family,,"Food insecure, moderate or severe",,21.1
2021,Prairie provinces,Non-elderly persons not in an economic family,,"Food insecure, moderate",,10.4
2021,Prairie provinces,Non-elderly persons not in an economic family,,"Food insecure, severe",,10.7
2021,Prairie provinces,Non-elderly males not in an economic family,,Food secure,,73.8
2021,Prairie provinces,Non-elderly males not in an economic family,,Food insecure,,26.2
2021,Prairie provinces,Non-elderly males not in an economic family,,"Food insecure, marginal",,6.1
2021,Prairie provinces,Non-elderly males not in an economic family,,"Food insecure, moderate or severe",,20.1
2021,Prairie provinces,Non-elderly males not in an economic family,,"Food insecure, moderate",,9.3
2021,Prairie provinces,Non-elderly males not in an economic family,,"Food insecure, severe",,10.8
2021,Prairie provinces,Non-elderly females not in an economic family,,Food secure,,71.0
2021,Prairie provinces,Non-elderly females not in an economic family,,Food insecure,,29.0
2021,Prairie provinces,Non-elderly females not in an economic family,,"Food insecure, marginal",,6.6
2021,Prairie provinces,Non-elderly females not in an economic family,,"Food insecure, moderate or severe",,22.4
2021,Prairie provinces,Non-elderly females not in an economic family,,"Food insecure, moderate",,11.8
2021,Prairie provinces,Non-elderly females not in an economic family,,"Food insecure, severe",,10.6
2021,Manitoba,All persons,,Food secure,46,80.4
2021,Manitoba,All persons,,Food insecure,46,19.6
2021,Manitoba,All persons,,"Food insecure, marginal",46,5.9
2021,Manitoba,All persons,,"Food insecure, moderate or severe",46,13.7
2021,Manitoba,All persons,,"Food insecure, moderate",46,9.2
2021,Manitoba,All persons,,"Food insecure, severe",46,4.5
2021,Manitoba,Persons in economic families,,Food secure,46,80.6
2021,Manitoba,Persons in economic families,,Food insecure,46,19.4
2021,Manitoba,Persons in economic families,,"Food insecure, marginal",46,6.1
2021,Manitoba,Persons in economic families,,"Food insecure, moderate or severe",46,13.3
2021,Manitoba,Persons in economic families,,"Food insecure, moderate",46,9.1
2021,Manitoba,Persons in economic families,,"Food insecure, severe",46,4.2
2021,Manitoba,Persons in elderly families,,Food secure,46,91.4
2021,Manitoba,Persons in elderly families,,Food insecure,46,8.6
2021,Manitoba,Persons in elderly families,,"Food insecure, marginal",46,4.0
2021,Manitoba,Persons in elderly families,,"Food insecure, moderate or severe",46,4.6
2021,Manitoba,Persons in elderly families,,"Food insecure, moderate",46,3.7
2021,Manitoba,Persons in elderly families,,"Food insecure, severe",46,
2021,Manitoba,Persons in elderly couples,,Food secure,46,94.1
2021,Manitoba,Persons in elderly couples,,Food insecure,46,5.9
2021,Manitoba,Persons in elderly couples,,"Food insecure, marginal",46,2.9
2021,Manitoba,Persons in elderly couples,,"Food insecure, moderate or severe",46,2.9
2021,Manitoba,Persons in elderly couples,,"Food insecure, moderate",46,
2021,Manitoba,Persons in elderly couples,,"Food insecure, severe",46,
2021,Manitoba,Persons in other elderly families,,Food secure,46,83.5
2021,Manitoba,Persons in other elderly families,,Food insecure,46,16.5
2021,Manitoba,Persons in other elderly families,,"Food insecure, marginal",46,
2021,Manitoba,Persons in other elderly families,,"Food insecure, moderate or severe",46,
2021,Manitoba,Persons in other elderly families,,"Food insecure, moderate",46,
2021,Manitoba,Persons in other elderly families,,"Food insecure, severe",46,
2021,Manitoba,Persons in non-elderly families,,Food secure,46,78.9
2021,Manitoba,Persons in non-elderly families,,Food insecure,46,21.1
2021,Manitoba,Persons in non-elderly families,,"Food insecure, marginal",46,6.5
2021,Manitoba,Persons in non-elderly families,,"Food insecure, moderate or severe",46,14.7
2021,Manitoba,Persons in non-elderly families,,"Food insecure, moderate",46,10.0
2021,Manitoba,Persons in non-elderly families,,"Food insecure, severe",46,4.7
2021,Manitoba,Persons in couples,,Food secure,46,87.1
2021,Manitoba,Persons in couples,,Food insecure,46,12.9
2021,Manitoba,Persons in couples,,"Food insecure, marginal",46,6.3
2021,Manitoba,Persons in couples,,"Food insecure, moderate or severe",46,6.5
2021,Manitoba,Persons in couples,,"Food insecure, moderate",46,3.8
2021,Manitoba,Persons in couples,,"Food insecure, severe",46,
2021,Manitoba,Persons in couple families with children,,Food secure,46,79.3
2021,Manitoba,Persons in couple families with children,,Food insecure,46,20.7
2021,Manitoba,Persons in couple families with children,,"Food insecure, marginal",46,7.2
2021,Manitoba,Persons in couple families with children,,"Food insecure, moderate or severe",46,13.5
2021,Manitoba,Persons in couple families with children,,"Food insecure, moderate",46,11.1
2021,Manitoba,Persons in couple families with children,,"Food insecure, severe",46,2.3
2021,Manitoba,Persons in couple families with other relatives,,Food secure,46,84.5
2021,Manitoba,Persons in couple families with other relatives,,Food insecure,46,15.5
2021,Manitoba,Persons in couple families with other relatives,,"Food insecure, marginal",46,
2021,Manitoba,Persons in couple families with other relatives,,"Food insecure, moderate or severe",46,12.4
2021,Manitoba,Persons in couple families with other relatives,,"Food insecure, moderate",46,8.5
2021,Manitoba,Persons in couple families with other relatives,,"Food insecure, severe",46,
2021,Manitoba,Persons in lone-parent families,,Food secure,46,53.1
2021,Manitoba,Persons in lone-parent families,,Food insecure,46,46.9
2021,Manitoba,Persons in lone-parent families,,"Food insecure, marginal",46,
2021,Manitoba,Persons in lone-parent families,,"Food insecure, moderate or severe",46,34.5
2021,Manitoba,Persons in lone-parent families,,"Food insecure, moderate",46,13.4
2021,Manitoba,Persons in lone-parent families,,"Food insecure, severe",46,21.1
2021,Manitoba,Persons in male lone-parent families,,Food secure,46,54.7
2021,Manitoba,Persons in male lone-parent families,,Food insecure,46,
2021,Manitoba,Persons in male lone-parent families,,"Food insecure, marginal",46,
2021,Manitoba,Persons in male lone-parent families,,"Food insecure, moderate or severe",46,
2021,Manitoba,Persons in male lone-parent families,,"Food insecure, moderate",46,
2021,Manitoba,Persons in male lone-parent families,,"Food insecure, severe",46,
2021,Manitoba,Persons in female lone-parent families,,Food secure,46,52.5
2021,Manitoba,Persons in female lone-parent families,,Food insecure,46,47.5
2021,Manitoba,Persons in female lone-parent families,,"Food insecure, marginal",46,
2021,Manitoba,Persons in female lone-parent families,,"Food insecure, moderate or severe",46,41.8
2021,Manitoba,Persons in female lone-parent families,,"Food insecure, moderate",46,15.6
2021,Manitoba,Persons in female lone-parent families,,"Food insecure, severe",46,26.2
2021,Manitoba,Persons in other non-elderly families,,Food secure,46,80.0
2021,Manitoba,Persons in other non-elderly families,,Food insecure,46,20.0
2021,Manitoba,Persons in other non-elderly families,,"Food insecure, marginal",46,
2021,Manitoba,Persons in other non-elderly families,,"Food insecure, moderate or severe",46,18.4
2021,Manitoba,Persons in other non-elderly families,,"Food insecure, moderate",46,12.1
2021,Manitoba,Persons in other non-elderly families,,"Food insecure, severe",46,
2021,Manitoba,Persons not in an economic family,,Food secure,46,79.2
2021,Manitoba,Persons not in an economic family,,Food insecure,46,20.8
2021,Manitoba,Persons not in an economic family,,"Food insecure, marginal",46,4.9
2021,Manitoba,Persons not in an economic family,,"Food insecure, moderate or severe",46,16.0
2021,Manitoba,Persons not in an economic family,,"Food insecure, moderate",46,9.8
2021,Manitoba,Persons not in an economic family,,"Food insecure, severe",46,6.1
2021,Manitoba,Elderly persons not in an economic family,,Food secure,46,90.2
2021,Manitoba,Elderly persons not in an economic family,,Food insecure,46,9.8
2021,Manitoba,Elderly persons not in an economic family,,"Food insecure, marginal",46,4.1
2021,Manitoba,Elderly persons not in an economic family,,"Food insecure, moderate or severe",46,5.7
2021,Manitoba,Elderly persons not in an economic family,,"Food insecure, moderate",46,3.6
2021,Manitoba,Elderly persons not in an economic family,,"Food insecure, severe",46,
2021,Manitoba,Elderly males not in an economic family,,Food secure,46,91.4
2021,Manitoba,Elderly males not in an economic family,,Food insecure,46,
2021,Manitoba,Elderly males not in an economic family,,"Food insecure, marginal",46,
2021,Manitoba,Elderly males not in an economic family,,"Food insecure, moderate or severe",46,
2021,Manitoba,Elderly males not in an economic family,,"Food insecure, moderate",46,
2021,Manitoba,Elderly males not in an economic family,,"Food insecure, severe",46,
2021,Manitoba,Elderly females not in an economic family,,Food secure,46,89.5
2021,Manitoba,Elderly females not in an economic family,,Food insecure,46,10.5
2021,Manitoba,Elderly females not in an economic family,,"Food insecure, marginal",46,5.0
2021,Manitoba,Elderly females not in an economic family,,"Food insecure, moderate or severe",46,5.5
2021,Manitoba,Elderly females not in an economic family,,"Food insecure, moderate",46,3.1
2021,Manitoba,Elderly females not in an economic family,,"Food insecure, severe",46,
2021,Manitoba,Non-elderly persons not in an economic family,,Food secure,46,73.6
2021,Manitoba,Non-elderly persons not in an economic family,,Food insecure,46,26.4
2021,Manitoba,Non-elderly persons not in an economic family,,"Food insecure, marginal",46,5.3
2021,Manitoba,Non-elderly persons not in an economic family,,"Food insecure, moderate or severe",46,21.1
2021,Manitoba,Non-elderly persons not in an economic family,,"Food insecure, moderate",46,13.0
2021,Manitoba,Non-elderly persons not in an economic family,,"Food insecure, severe",46,8.1
2021,Manitoba,Non-elderly males not in an economic family,,Food secure,46,75.0
2021,Manitoba,Non-elderly males not in an economic family,,Food insecure,46,25.0
2021,Manitoba,Non-elderly males not in an economic family,,"Food insecure, marginal",46,5.2
2021,Manitoba,Non-elderly males not in an economic family,,"Food insecure, moderate or severe",46,19.8
2021,Manitoba,Non-elderly males not in an economic family,,"Food insecure, moderate",46,13.3
2021,Manitoba,Non-elderly males not in an economic family,,"Food insecure, severe",46,6.5
2021,Manitoba,Non-elderly females not in an economic family,,Food secure,46,71.9
2021,Manitoba,Non-elderly females not in an economic family,,Food insecure,46,28.1
2021,Manitoba,Non-elderly females not in an economic family,,"Food insecure, marginal",46,5.3
2021,Manitoba,Non-elderly females not in an economic family,,"Food insecure, moderate or severe",46,22.8
2021,Manitoba,Non-elderly females not in an economic family,,"Food insecure, moderate",46,12.5
2021,Manitoba,Non-elderly females not in an economic family,,"Food insecure, severe",46,10.2
2021,Saskatchewan,All persons,,Food secure,47,79.7
2021,Saskatchewan,All persons,,Food insecure,47,20.3
2021,Saskatchewan,All persons,,"Food insecure, marginal",47,6.0
2021,Saskatchewan,All persons,,"Food insecure, moderate or severe",47,14.3
2021,Saskatchewan,All persons,,"Food insecure, moderate",47,8.8
2021,Saskatchewan,All persons,,"Food insecure, severe",47,5.5
2021,Saskatchewan,Persons in economic families,,Food secure,47,79.8
2021,Saskatchewan,Persons in economic families,,Food insecure,47,20.2
2021,Saskatchewan,Persons in economic families,,"Food insecure, marginal",47,6.3
2021,Saskatchewan,Persons in economic families,,"Food insecure, moderate or severe",47,13.9
2021,Saskatchewan,Persons in economic families,,"Food insecure, moderate",47,9.0
2021,Saskatchewan,Persons in economic families,,"Food insecure, severe",47,4.9
2021,Saskatchewan,Persons in elderly families,,Food secure,47,93.8
2021,Saskatchewan,Persons in elderly families,,Food insecure,47,6.2
2021,Saskatchewan,Persons in elderly families,,"Food insecure, marginal",47,
2021,Saskatchewan,Persons in elderly families,,"Food insecure, moderate or severe",47,3.6
2021,Saskatchewan,Persons in elderly families,,"Food insecure, moderate",47,
2021,Saskatchewan,Persons in elderly families,,"Food insecure, severe",47,
2021,Saskatchewan,Persons in elderly couples,,Food secure,47,96.7
2021,Saskatchewan,Persons in elderly couples,,Food insecure,47,3.3
2021,Saskatchewan,Persons in elderly couples,,"Food insecure, marginal",47,
2021,Saskatchewan,Persons in elderly couples,,"Food insecure, moderate or severe",47,
2021,Saskatchewan,Persons in elderly couples,,"Food insecure, moderate",47,
2021,Saskatchewan,Persons in elderly couples,,"Food insecure, severe",47,
2021,Saskatchewan,Persons in other elderly families,,Food secure,47,85.9
2021,Saskatchewan,Persons in other elderly families,,Food insecure,47,
2021,Saskatchewan,Persons in other elderly families,,"Food insecure, marginal",47,
2021,Saskatchewan,Persons in other elderly families,,"Food insecure, moderate or severe",47,
2021,Saskatchewan,Persons in other elderly families,,"Food insecure, moderate",47,
2021,Saskatchewan,Persons in other elderly families,,"Food insecure, severe",47,
2021,Saskatchewan,Persons in non-elderly families,,Food secure,47,77.5
2021,Saskatchewan,Persons in non-elderly families,,Food insecure,47,22.5
2021,Saskatchewan,Persons in non-elderly families,,"Food insecure, marginal",47,6.9
2021,Saskatchewan,Persons in non-elderly families,,"Food insecure, moderate or severe",47,15.6
2021,Saskatchewan,Persons in non-elderly families,,"Food insecure, moderate",47,10.1
2021,Saskatchewan,Persons in non-elderly families,,"Food insecure, severe",47,5.5
2021,Saskatchewan,Persons in couples,,Food secure,47,83.4
2021,Saskatchewan,Persons in couples,,Food insecure,47,16.6
2021,Saskatchewan,Persons in couples,,"Food insecure, marginal",47,
2021,Saskatchewan,Persons in couples,,"Food insecure, moderate or severe",47,13.2
2021,Saskatchewan,Persons in couples,,"Food insecure, moderate",47,8.1
2021,Saskatchewan,Persons in couples,,"Food insecure, severe",47,5.1
2021,Saskatchewan,Persons in couple families with children,,Food secure,47,78.5
2021,Saskatchewan,Persons in couple families with children,,Food insecure,47,21.5
2021,Saskatchewan,Persons in couple families with children,,"Food insecure, marginal",47,7.7
2021,Saskatchewan,Persons in couple families with children,,"Food insecure, moderate or severe",47,13.8
2021,Saskatchewan,Persons in couple families with children,,"Food insecure, moderate",47,9.7
2021,Saskatchewan,Persons in couple families with children,,"Food insecure, severe",47,
2021,Saskatchewan,Persons in couple families with other relatives,,Food secure,47,86.6
2021,Saskatchewan,Persons in couple families with other relatives,,Food insecure,47,
2021,Saskatchewan,Persons in couple families with other relatives,,"Food insecure, marginal",47,
2021,Saskatchewan,Persons in couple families with other relatives,,"Food insecure, moderate or severe",47,
2021,Saskatchewan,Persons in couple families with other relatives,,"Food insecure, moderate",47,
2021,Saskatchewan,Persons in couple families with other relatives,,"Food insecure, severe",47,
2021,Saskatchewan,Persons in lone-parent families,,Food secure,47,57.9
2021,Saskatchewan,Persons in lone-parent families,,Food insecure,47,42.1
2021,Saskatchewan,Persons in lone-parent families,,"Food insecure, marginal",47,
2021,Saskatchewan,Persons in lone-parent families,,"Food insecure, moderate or severe",47,35.2
2021,Saskatchewan,Persons in lone-parent families,,"Food insecure, moderate",47,23.8
2021,Saskatchewan,Persons in lone-parent families,,"Food insecure, severe",47,11.5
2021,Saskatchewan,Persons in male lone-parent families,,Food secure,47,66.0
2021,Saskatchewan,Persons in male lone-parent families,,Food insecure,47,
2021,Saskatchewan,Persons in male lone-parent families,,"Food insecure, marginal",47,
2021,Saskatchewan,Persons in male lone-parent families,,"Food insecure, moderate or severe",47,
2021,Saskatchewan,Persons in male lone-parent families,,"Food insecure, moderate",47,
2021,Saskatchewan,Persons in male lone-parent families,,"Food insecure, severe",47,
2021,Saskatchewan,Persons in female lone-parent families,,Food secure,47,55.7
2021,Saskatchewan,Persons in female lone-parent families,,Food insecure,47,44.3
2021,Saskatchewan,Persons in female lone-parent families,,"Food insecure, marginal",47,
2021,Saskatchewan,Persons in female lone-parent families,,"Food insecure, moderate or severe",47,36.1
2021,Saskatchewan,Persons in female lone-parent families,,"Food insecure, moderate",47,22.1
2021,Saskatchewan,Persons in female lone-parent families,,"Food insecure, severe",47,14.1
2021,Saskatchewan,Persons in other non-elderly families,,Food secure,47,66.6
2021,Saskatchewan,Persons in other non-elderly families,,Food insecure,47,33.4
2021,Saskatchewan,Persons in other non-elderly families,,"Food insecure, marginal",47,
2021,Saskatchewan,Persons in other non-elderly families,,"Food insecure, moderate or severe",47,24.5
2021,Saskatchewan,Persons in other non-elderly families,,"Food insecure, moderate",47,11.9
2021,Saskatchewan,Persons in other non-elderly families,,"Food insecure, severe",47,12.6
2021,Saskatchewan,Persons not in an economic family,,Food secure,47,79.4
2021,Saskatchewan,Persons not in an economic family,,Food insecure,47,20.6
2021,Saskatchewan,Persons not in an economic family,,"Food insecure, marginal",47,4.2
2021,Saskatchewan,Persons not in an economic family,,"Food insecure, moderate or severe",47,16.3
2021,Saskatchewan,Persons not in an economic family,,"Food insecure, moderate",47,7.8
2021,Saskatchewan,Persons not in an economic family,,"Food insecure, severe",47,8.6
2021,Saskatchewan,Elderly persons not in an economic family,,Food secure,47,88.8
2021,Saskatchewan,Elderly persons not in an economic family,,Food insecure,47,11.2
2021,Saskatchewan,Elderly persons not in an economic family,,"Food insecure, marginal",47,2.5
2021,Saskatchewan,Elderly persons not in an economic family,,"Food insecure, moderate or severe",47,8.7
2021,Saskatchewan,Elderly persons not in an economic family,,"Food insecure, moderate",47,4.9
2021,Saskatchewan,Elderly persons not in an economic family,,"Food insecure, severe",47,3.8
2021,Saskatchewan,Elderly males not in an economic family,,Food secure,47,88.1
2021,Saskatchewan,Elderly males not in an economic family,,Food insecure,47,11.9
2021,Saskatchewan,Elderly males not in an economic family,,"Food insecure, marginal",47,
2021,Saskatchewan,Elderly males not in an economic family,,"Food insecure, moderate or severe",47,9.4
2021,Saskatchewan,Elderly males not in an economic family,,"Food insecure, moderate",47,
2021,Saskatchewan,Elderly males not in an economic family,,"Food insecure, severe",47,
2021,Saskatchewan,Elderly females not in an economic family,,Food secure,47,89.2
2021,Saskatchewan,Elderly females not in an economic family,,Food insecure,47,10.8
2021,Saskatchewan,Elderly females not in an economic family,,"Food insecure, marginal",47,
2021,Saskatchewan,Elderly females not in an economic family,,"Food insecure, moderate or severe",47,8.3
2021,Saskatchewan,Elderly females not in an economic family,,"Food insecure, moderate",47,
2021,Saskatchewan,Elderly females not in an economic family,,"Food insecure, severe",47,4.2
2021,Saskatchewan,Non-elderly persons not in an economic family,,Food secure,47,74.8
2021,Saskatchewan,Non-elderly persons not in an economic family,,Food insecure,47,25.2
2021,Saskatchewan,Non-elderly persons not in an economic family,,"Food insecure, marginal",47,5.1
2021,Saskatchewan,Non-elderly persons not in an economic family,,"Food insecure, moderate or severe",47,20.1
2021,Saskatchewan,Non-elderly persons not in an economic family,,"Food insecure, moderate",47,9.2
2021,Saskatchewan,Non-elderly persons not in an economic family,,"Food insecure, severe",47,10.9
2021,Saskatchewan,Non-elderly males not in an economic family,,Food secure,47,76.1
2021,Saskatchewan,Non-elderly males not in an economic family,,Food insecure,47,23.9
2021,Saskatchewan,Non-elderly males not in an economic family,,"Food insecure, marginal",47,4.8
2021,Saskatchewan,Non-elderly males not in an economic family,,"Food insecure, moderate or severe",47,19.1
2021,Saskatchewan,Non-elderly males not in an economic family,,"Food insecure, moderate",47,9.4
2021,Saskatchewan,Non-elderly males not in an economic family,,"Food insecure, severe",47,9.7
2021,Saskatchewan,Non-elderly females not in an economic family,,Food secure,47,73.1
2021,Saskatchewan,Non-elderly females not in an economic family,,Food insecure,47,26.9
2021,Saskatchewan,Non-elderly females not in an economic family,,"Food insecure, marginal",47,5.5
2021,Saskatchewan,Non-elderly females not in an economic family,,"Food insecure, moderate or severe",47,21.4
2021,Saskatchewan,Non-elderly females not in an economic family,,"Food insecure, moderate",47,
2021,Saskatchewan,Non-elderly females not in an economic family,,"Food insecure, severe",47,12.6
2021,Alberta,All persons,,Food secure,48,78.2
2021,Alberta,All persons,,Food insecure,48,21.8
2021,Alberta,All persons,,"Food insecure, marginal",48,5.8
2021,Alberta,All persons,,"Food insecure, moderate or severe",48,16.0
2021,Alberta,All persons,,"Food insecure, moderate",48,9.4
2021,Alberta,All persons,,"Food insecure, severe",48,6.6
2021,Alberta,Persons in economic families,,Food secure,48,78.9
2021,Alberta,Persons in economic families,,Food insecure,48,21.1
2021,Alberta,Persons in economic families,,"Food insecure, marginal",48,5.7
2021,Alberta,Persons in economic families,,"Food insecure, moderate or severe",48,15.4
2021,Alberta,Persons in economic families,,"Food insecure, moderate",48,9.4
2021,Alberta,Persons in economic families,,"Food insecure, severe",48,6.0
2021,Alberta,Persons in elderly families,,Food secure,48,91.0
2021,Alberta,Persons in elderly families,,Food insecure,48,9.0
2021,Alberta,Persons in elderly families,,"Food insecure, marginal",48,2.9
2021,Alberta,Persons in elderly families,,"Food insecure, moderate or severe",48,6.1
2021,Alberta,Persons in elderly families,,"Food insecure, moderate",48,4.6
2021,Alberta,Persons in elderly families,,"Food insecure, severe",48,
2021,Alberta,Persons in elderly couples,,Food secure,48,91.7
2021,Alberta,Persons in elderly couples,,Food insecure,48,8.3
2021,Alberta,Persons in elderly couples,,"Food insecure, marginal",48,3.9
2021,Alberta,Persons in elderly couples,,"Food insecure, moderate or severe",48,4.4
2021,Alberta,Persons in elderly couples,,"Food insecure, moderate",48,3.6
2021,Alberta,Persons in elderly couples,,"Food insecure, severe",48,
2021,Alberta,Persons in other elderly families,,Food secure,48,89.6
2021,Alberta,Persons in other elderly families,,Food insecure,48,
2021,Alberta,Persons in other elderly families,,"Food insecure, marginal",48,
2021,Alberta,Persons in other elderly families,,"Food insecure, moderate or severe",48,
2021,Alberta,Persons in other elderly families,,"Food insecure, moderate",48,
2021,Alberta,Persons in other elderly families,,"Food insecure, severe",48,
2021,Alberta,Persons in non-elderly families,,Food secure,48,77.1
2021,Alberta,Persons in non-elderly families,,Food insecure,48,22.9
2021,Alberta,Persons in non-elderly families,,"Food insecure, marginal",48,6.1
2021,Alberta,Persons in non-elderly families,,"Food insecure, moderate or severe",48,16.8
2021,Alberta,Persons in non-elderly families,,"Food insecure, moderate",48,10.1
2021,Alberta,Persons in non-elderly families,,"Food insecure, severe",48,6.6
2021,Alberta,Persons in couples,,Food secure,48,87.4
2021,Alberta,Persons in couples,,Food insecure,48,12.6
2021,Alberta,Persons in couples,,"Food insecure, marginal",48,2.6
2021,Alberta,Persons in couples,,"Food insecure, moderate or severe",48,10.1
2021,Alberta,Persons in couples,,"Food insecure, moderate",48,5.6
2021,Alberta,Persons in couples,,"Food insecure, severe",48,4.5
2021,Alberta,Persons in couple families with children,,Food secure,48,73.2
2021,Alberta,Persons in couple families with children,,Food insecure,48,26.8
2021,Alberta,Persons in couple families with children,,"Food insecure, marginal",48,8.6
2021,Alberta,Persons in couple families with children,,"Food insecure, moderate or severe",48,18.1
2021,Alberta,Persons in couple families with children,,"Food insecure, moderate",48,12.0
2021,Alberta,Persons in couple families with children,,"Food insecure, severe",48,6.2
2021,Alberta,Persons in couple families with other relatives,,Food secure,48,85.8
2021,Alberta,Persons in couple families with other relatives,,Food insecure,48,14.2
2021,Alberta,Persons in couple families with other relatives,,"Food insecure, marginal",48,
2021,Alberta,Persons in couple families with other relatives,,"Food insecure, moderate or severe",48,11.5
2021,Alberta,Persons in couple families with other relatives,,"Food insecure, moderate",48,
2021,Alberta,Persons in couple families with other relatives,,"Food insecure, severe",48,
2021,Alberta,Persons in lone-parent families,,Food secure,48,60.7
2021,Alberta,Persons in lone-parent families,,Food insecure,48,39.3
2021,Alberta,Persons in lone-parent families,,"Food insecure, marginal",48,6.9
2021,Alberta,Persons in lone-parent families,,"Food insecure, moderate or severe",48,32.3
2021,Alberta,Persons in lone-parent families,,"Food insecure, moderate",48,
2021,Alberta,Persons in lone-parent families,,"Food insecure, severe",48,
2021,Alberta,Persons in male lone-parent families,,Food secure,48,69.1
2021,Alberta,Persons in male lone-parent families,,Food insecure,48,30.9
2021,Alberta,Persons in male lone-parent families,,"Food insecure, marginal",48,
2021,Alberta,Persons in male lone-parent families,,"Food insecure, moderate or severe",48,
2021,Alberta,Persons in male lone-parent families,,"Food insecure, moderate",48,
2021,Alberta,Persons in male lone-parent families,,"Food insecure, severe",48,
2021,Alberta,Persons in female lone-parent families,,Food secure,48,58.2
2021,Alberta,Persons in female lone-parent families,,Food insecure,48,41.8
2021,Alberta,Persons in female lone-parent families,,"Food insecure, marginal",48,
2021,Alberta,Persons in female lone-parent families,,"Food insecure, moderate or severe",48,35.8
2021,Alberta,Persons in female lone-parent families,,"Food insecure, moderate",48,
2021,Alberta,Persons in female lone-parent families,,"Food insecure, severe",48,
2021,Alberta,Persons in other non-elderly families,,Food secure,48,77.9
2021,Alberta,Persons in other non-elderly families,,Food insecure,48,22.1
2021,Alberta,Persons in other non-elderly families,,"Food insecure, marginal",48,
2021,Alberta,Persons in other non-elderly families,,"Food insecure, moderate or severe",48,20.4
2021,Alberta,Persons in other non-elderly families,,"Food insecure, moderate",48,
2021,Alberta,Persons in other non-elderly families,,"Food insecure, severe",48,
2021,Alberta,Persons not in an economic family,,Food secure,48,74.1
2021,Alberta,Persons not in an economic family,,Food insecure,48,25.9
2021,Alberta,Persons not in an economic family,,"Food insecure, marginal",48,6.3
2021,Alberta,Persons not in an economic family,,"Food insecure, moderate or severe",48,19.6
2021,Alberta,Persons not in an economic family,,"Food insecure, moderate",48,9.3
2021,Alberta,Persons not in an economic family,,"Food insecure, severe",48,10.4
2021,Alberta,Elderly persons not in an economic family,,Food secure,48,81.9
2021,Alberta,Elderly persons not in an economic family,,Food insecure,48,18.1
2021,Alberta,Elderly persons not in an economic family,,"Food insecure, marginal",48,4.0
2021,Alberta,Elderly persons not in an economic family,,"Food insecure, moderate or severe",48,14.1
2021,Alberta,Elderly persons not in an economic family,,"Food insecure, moderate",48,7.1
2021,Alberta,Elderly persons not in an economic family,,"Food insecure, severe",48,7.0
2021,Alberta,Elderly males not in an economic family,,Food secure,48,77.3
2021,Alberta,Elderly males not in an economic family,,Food insecure,48,22.7
2021,Alberta,Elderly males not in an economic family,,"Food insecure, marginal",48,
2021,Alberta,Elderly males not in an economic family,,"Food insecure, moderate or severe",48,16.7
2021,Alberta,Elderly males not in an economic family,,"Food insecure, moderate",48,
2021,Alberta,Elderly males not in an economic family,,"Food insecure, severe",48,
2021,Alberta,Elderly females not in an economic family,,Food secure,48,84.1
2021,Alberta,Elderly females not in an economic family,,Food insecure,48,15.9
2021,Alberta,Elderly females not in an economic family,,"Food insecure, marginal",48,
2021,Alberta,Elderly females not in an economic family,,"Food insecure, moderate or severe",48,12.8
2021,Alberta,Elderly females not in an economic family,,"Food insecure, moderate",48,
2021,Alberta,Elderly females not in an economic family,,"Food insecure, severe",48,
2021,Alberta,Non-elderly persons not in an economic family,,Food secure,48,71.8
2021,Alberta,Non-elderly persons not in an economic family,,Food insecure,48,28.2
2021,Alberta,Non-elderly persons not in an economic family,,"Food insecure, marginal",48,6.9
2021,Alberta,Non-elderly persons not in an economic family,,"Food insecure, moderate or severe",48,21.3
2021,Alberta,Non-elderly persons not in an economic family,,"Food insecure, moderate",48,9.9
2021,Alberta,Non-elderly persons not in an economic family,,"Food insecure, severe",48,11.4
2021,Alberta,Non-elderly males not in an economic family,,Food secure,48,72.9
2021,Alberta,Non-elderly males not in an economic family,,Food insecure,48,27.1
2021,Alberta,Non-elderly males not in an economic family,,"Food insecure, marginal",48,6.7
2021,Alberta,Non-elderly males not in an economic family,,"Food insecure, moderate or severe",48,20.4
2021,Alberta,Non-elderly males not in an economic family,,"Food insecure, moderate",48,8.2
2021,Alberta,Non-elderly males not in an economic family,,"Food insecure, severe",48,12.2
2021,Alberta,Non-elderly females not in an economic family,,Food secure,48,70.3
2021,Alberta,Non-elderly females not in an economic family,,Food insecure,48,29.7
2021,Alberta,Non-elderly females not in an economic family,,"Food insecure, marginal",48,
2021,Alberta,Non-elderly females not in an economic family,,"Food insecure, moderate or severe",48,22.6
2021,Alberta,Non-elderly females not in an economic family,,"Food insecure, moderate",48,12.3
2021,Alberta,Non-elderly females not in an economic family,,"Food insecure, severe",48,10.3
2021,British Columbia,All persons,,Food secure,59,83.2
2021,British Columbia,All persons,,Food insecure,59,16.8
2021,British Columbia,All persons,,"Food insecure, marginal",59,5.2
2021,British Columbia,All persons,,"Food insecure, moderate or severe",59,11.6
2021,British Columbia,All persons,,"Food insecure, moderate",59,8.1
2021,British Columbia,All persons,,"Food insecure, severe",59,3.5
2021,British Columbia,Persons in economic families,,Food secure,59,84.1
2021,British Columbia,Persons in economic families,,Food insecure,59,15.9
2021,British Columbia,Persons in economic families,,"Food insecure, marginal",59,5.0
2021,British Columbia,Persons in economic families,,"Food insecure, moderate or severe",59,10.9
2021,British Columbia,Persons in economic families,,"Food insecure, moderate",59,8.3
2021,British Columbia,Persons in economic families,,"Food insecure, severe",59,2.6
2021,British Columbia,Persons in elderly families,,Food secure,59,92.8
2021,British Columbia,Persons in elderly families,,Food insecure,59,7.2
2021,British Columbia,Persons in elderly families,,"Food insecure, marginal",59,3.0
2021,British Columbia,Persons in elderly families,,"Food insecure, moderate or severe",59,4.2
2021,British Columbia,Persons in elderly families,,"Food insecure, moderate",59,3.3
2021,British Columbia,Persons in elderly families,,"Food insecure, severe",59,
2021,British Columbia,Persons in elderly couples,,Food secure,59,94.7
2021,British Columbia,Persons in elderly couples,,Food insecure,59,5.3
2021,British Columbia,Persons in elderly couples,,"Food insecure, marginal",59,2.3
2021,British Columbia,Persons in elderly couples,,"Food insecure, moderate or severe",59,3.0
2021,British Columbia,Persons in elderly couples,,"Food insecure, moderate",59,2.3
2021,British Columbia,Persons in elderly couples,,"Food insecure, severe",59,
2021,British Columbia,Persons in other elderly families,,Food secure,59,88.2
2021,British Columbia,Persons in other elderly families,,Food insecure,59,11.8
2021,British Columbia,Persons in other elderly families,,"Food insecure, marginal",59,
2021,British Columbia,Persons in other elderly families,,"Food insecure, moderate or severe",59,7.1
2021,British Columbia,Persons in other elderly families,,"Food insecure, moderate",59,
2021,British Columbia,Persons in other elderly families,,"Food insecure, severe",59,
2021,British Columbia,Persons in non-elderly families,,Food secure,59,82.4
2021,British Columbia,Persons in non-elderly families,,Food insecure,59,17.6
2021,British Columbia,Persons in non-elderly families,,"Food insecure, marginal",59,5.4
2021,British Columbia,Persons in non-elderly families,,"Food insecure, moderate or severe",59,12.1
2021,British Columbia,Persons in non-elderly families,,"Food insecure, moderate",59,9.2
2021,British Columbia,Persons in non-elderly families,,"Food insecure, severe",59,2.9
2021,British Columbia,Persons in couples,,Food secure,59,89.2
2021,British Columbia,Persons in couples,,Food insecure,59,10.8
2021,British Columbia,Persons in couples,,"Food insecure, marginal",59,3.3
2021,British Columbia,Persons in couples,,"Food insecure, moderate or severe",59,7.5
2021,British Columbia,Persons in couples,,"Food insecure, moderate",59,4.6
2021,British Columbia,Persons in couples,,"Food insecure, severe",59,2.9
2021,British Columbia,Persons in couple families with children,,Food secure,59,80.8
2021,British Columbia,Persons in couple families with children,,Food insecure,59,19.2
2021,British Columbia,Persons in couple families with children,,"Food insecure, marginal",59,5.7
2021,British Columbia,Persons in couple families with children,,"Food insecure, moderate or severe",59,13.5
2021,British Columbia,Persons in couple families with children,,"Food insecure, moderate",59,11.0
2021,British Columbia,Persons in couple families with children,,"Food insecure, severe",59,2.5
2021,British Columbia,Persons in couple families with other relatives,,Food secure,59,84.7
2021,British Columbia,Persons in couple families with other relatives,,Food insecure,59,15.3
2021,British Columbia,Persons in couple families with other relatives,,"Food insecure, marginal",59,
2021,British Columbia,Persons in couple families with other relatives,,"Food insecure, moderate or severe",59,9.9
2021,British Columbia,Persons in couple families with other relatives,,"Food insecure, moderate",59,8.3
2021,British Columbia,Persons in couple families with other relatives,,"Food insecure, severe",59,
2021,British Columbia,Persons in lone-parent families,,Food secure,59,62.7
2021,British Columbia,Persons in lone-parent families,,Food insecure,59,37.3
2021,British Columbia,Persons in lone-parent families,,"Food insecure, marginal",59,
2021,British Columbia,Persons in lone-parent families,,"Food insecure, moderate or severe",59,28.8
2021,British Columbia,Persons in lone-parent families,,"Food insecure, moderate",59,19.6
2021,British Columbia,Persons in lone-parent families,,"Food insecure, severe",59,9.2
2021,British Columbia,Persons in male lone-parent families,,Food secure,59,66.5
2021,British Columbia,Persons in male lone-parent families,,Food insecure,59,33.5
2021,British Columbia,Persons in male lone-parent families,,"Food insecure, marginal",59,
2021,British Columbia,Persons in male lone-parent families,,"Food insecure, moderate or severe",59,
2021,British Columbia,Persons in male lone-parent families,,"Food insecure, moderate",59,
2021,British Columbia,Persons in male lone-parent families,,"Food insecure, severe",59,
2021,British Columbia,Persons in female lone-parent families,,Food secure,59,61.8
2021,British Columbia,Persons in female lone-parent families,,Food insecure,59,38.2
2021,British Columbia,Persons in female lone-parent families,,"Food insecure, marginal",59,
2021,British Columbia,Persons in female lone-parent families,,"Food insecure, moderate or severe",59,30.7
2021,British Columbia,Persons in female lone-parent families,,"Food insecure, moderate",59,20.9
2021,British Columbia,Persons in female lone-parent families,,"Food insecure, severe",59,9.8
2021,British Columbia,Persons in other non-elderly families,,Food secure,59,84.3
2021,British Columbia,Persons in other non-elderly families,,Food insecure,59,15.7
2021,British Columbia,Persons in other non-elderly families,,"Food insecure, marginal",59,
2021,British Columbia,Persons in other non-elderly families,,"Food insecure, moderate or severe",59,9.5
2021,British Columbia,Persons in other non-elderly families,,"Food insecure, moderate",59,6.3
2021,British Columbia,Persons in other non-elderly families,,"Food insecure, severe",59,
2021,British Columbia,Persons not in an economic family,,Food secure,59,79.4
2021,British Columbia,Persons not in an economic family,,Food insecure,59,20.6
2021,British Columbia,Persons not in an economic family,,"Food insecure, marginal",59,5.8
2021,British Columbia,Persons not in an economic family,,"Food insecure, moderate or severe",59,14.8
2021,British Columbia,Persons not in an economic family,,"Food insecure, moderate",59,7.3
2021,British Columbia,Persons not in an economic family,,"Food insecure, severe",59,7.5
2021,British Columbia,Elderly persons not in an economic family,,Food secure,59,89.7
2021,British Columbia,Elderly persons not in an economic family,,Food insecure,59,10.3
2021,British Columbia,Elderly persons not in an economic family,,"Food insecure, marginal",59,3.3
2021,British Columbia,Elderly persons not in an economic family,,"Food insecure, moderate or severe",59,7.0
2021,British Columbia,Elderly persons not in an economic family,,"Food insecure, moderate",59,4.4
2021,British Columbia,Elderly persons not in an economic family,,"Food insecure, severe",59,2.6
2021,British Columbia,Elderly males not in an economic family,,Food secure,59,89.3
2021,British Columbia,Elderly males not in an economic family,,Food insecure,59,10.7
2021,British Columbia,Elderly males not in an economic family,,"Food insecure, marginal",59,
2021,British Columbia,Elderly males not in an economic family,,"Food insecure, moderate or severe",59,8.0
2021,British Columbia,Elderly males not in an economic family,,"Food insecure, moderate",59,
2021,British Columbia,Elderly males not in an economic family,,"Food insecure, severe",59,
2021,British Columbia,Elderly females not in an economic family,,Food secure,59,89.9
2021,British Columbia,Elderly females not in an economic family,,Food insecure,59,10.1
2021,British Columbia,Elderly females not in an economic family,,"Food insecure, marginal",59,3.7
2021,British Columbia,Elderly females not in an economic family,,"Food insecure, moderate or severe",59,6.4
2021,British Columbia,Elderly females not in an economic family,,"Food insecure, moderate",59,4.9
2021,British Columbia,Elderly females not in an economic family,,"Food insecure, severe",59,
2021,British Columbia,Non-elderly persons not in an economic family,,Food secure,59,74.8
2021,British Columbia,Non-elderly persons not in an economic family,,Food insecure,59,25.2
2021,British Columbia,Non-elderly persons not in an economic family,,"Food insecure, marginal",59,6.9
2021,British Columbia,Non-elderly persons not in an economic family,,"Food insecure, moderate or severe",59,18.3
2021,British Columbia,Non-elderly persons not in an economic family,,"Food insecure, moderate",59,8.6
2021,British Columbia,Non-elderly persons not in an economic family,,"Food insecure, severe",59,9.7
2021,British Columbia,Non-elderly males not in an economic family,,Food secure,59,79.1
2021,British Columbia,Non-elderly males not in an economic family,,Food insecure,59,20.9
2021,British Columbia,Non-elderly males not in an economic family,,"Food insecure, marginal",59,5.1
2021,British Columbia,Non-elderly males not in an economic family,,"Food insecure, moderate or severe",59,15.8
2021,British Columbia,Non-elderly males not in an economic family,,"Food insecure, moderate",59,7.1
2021,British Columbia,Non-elderly males not in an economic family,,"Food insecure, severe",59,8.7
2021,British Columbia,Non-elderly females not in an economic family,,Food secure,59,69.9
2021,British Columbia,Non-elderly females not in an economic family,,Food insecure,59,30.1
2021,British Columbia,Non-elderly females not in an economic family,,"Food insecure, marginal",59,
2021,British Columbia,Non-elderly females not in an economic family,,"Food insecure, moderate or severe",59,21.1
2021,British Columbia,Non-elderly females not in an economic family,,"Food insecure, moderate",59,10.4
2021,British Columbia,Non-elderly females not in an economic family,,"Food insecure, severe",59,10.8
2022,Canada,All persons,,Food secure,,77.1
2022,Canada,All persons,,Food insecure,,22.9
2022,Canada,All persons,,"Food insecure, marginal",,6.0
2022,Canada,All persons,,"Food insecure, moderate",,10.9
2022,Canada,All persons,,"Food insecure, severe",,6.0
2022,Canada,Persons in economic families,,Food secure,,77.7
2022,Canada,Persons in economic families,,Food insecure,,22.3
2022,Canada,Persons in economic families,,"Food insecure, marginal",,6.2
2022,Canada,Persons in economic families,,"Food insecure, moderate or severe",,16.1
2022,Canada,Persons in economic families,,"Food insecure, moderate",,10.9
2022,Canada,Persons in economic families,,"Food insecure, severe",,5.3
2022,Canada,Persons in elderly families,,Food secure,,89.2
2022,Canada,Persons in elderly families,,Food insecure,,10.8
2022,Canada,Persons in elderly families,,"Food insecure, marginal",,3.7
2022,Canada,Persons in elderly families,,"Food insecure, moderate or severe",,7.1
2022,Canada,Persons in elderly families,,"Food insecure, moderate",,4.9
2022,Canada,Persons in elderly families,,"Food insecure, severe",,2.2
2022,Canada,Persons in elderly couples,,Food secure,,91.9
2022,Canada,Persons in elderly couples,,Food insecure,,8.1
2022,Canada,Persons in elderly couples,,"Food insecure, marginal",,3.1
2022,Canada,Persons in elderly couples,,"Food insecure, moderate or severe",,5.1
2022,Canada,Persons in elderly couples,,"Food insecure, moderate",,3.7
2022,Canada,Persons in elderly couples,,"Food insecure, severe",,1.3
2022,Canada,Persons in other elderly families,,Food secure,,83.3
2022,Canada,Persons in other elderly families,,Food insecure,,16.7
2022,Canada,Persons in other elderly families,,"Food insecure, marginal",,5.2
2022,Canada,Persons in other elderly families,,"Food insecure, moderate or severe",,11.6
2022,Canada,Persons in other elderly families,,"Food insecure, moderate",,7.5
2022,Canada,Persons in other elderly families,,"Food insecure, severe",,4.1
2022,Canada,Persons in non-elderly families,,Food secure,,75.4
2022,Canada,Persons in non-elderly families,,Food insecure,,24.6
2022,Canada,Persons in non-elderly families,,"Food insecure, marginal",,6.7
2022,Canada,Persons in non-elderly families,,"Food insecure, moderate or severe",,18.0
2022,Canada,Persons in non-elderly families,,"Food insecure, moderate",,12.1
2022,Canada,Persons in non-elderly families,,"Food insecure, severe",,5.9
2022,Canada,Persons in couples,,Food secure,,82.1
2022,Canada,Persons in couples,,Food insecure,,17.9
2022,Canada,Persons in couples,,"Food insecure, marginal",,4.4
2022,Canada,Persons in couples,,"Food insecure, moderate or severe",,13.4
2022,Canada,Persons in couples,,"Food insecure, moderate",,8.3
2022,Canada,Persons in couples,,"Food insecure, severe",,5.2
2022,Canada,Persons in couple families with children,,Food secure,,75.3
2022,Canada,Persons in couple families with children,,Food insecure,,24.7
2022,Canada,Persons in couple families with children,,"Food insecure, marginal",,7.2
2022,Canada,Persons in couple families with children,,"Food insecure, moderate or severe",,17.6
2022,Canada,Persons in couple families with children,,"Food insecure, moderate",,13.3
2022,Canada,Persons in couple families with children,,"Food insecure, severe",,4.3
2022,Canada,Persons in couple families with other relatives,,Food secure,,80.3
2022,Canada,Persons in couple families with other relatives,,Food insecure,,19.7
2022,Canada,Persons in couple families with other relatives,,"Food insecure, marginal",,5.7
2022,Canada,Persons in couple families with other relatives,,"Food insecure, moderate or severe",,14.0
2022,Canada,Persons in couple families with other relatives,,"Food insecure, moderate",,8.9
2022,Canada,Persons in couple families with other relatives,,"Food insecure, severe",,5.1
2022,Canada,Persons in lone-parent families,,Food secure,,56.6
2022,Canada,Persons in lone-parent families,,Food insecure,,43.4
2022,Canada,Persons in lone-parent families,,"Food insecure, marginal",,9.4
2022,Canada,Persons in lone-parent families,,"Food insecure, moderate or severe",,34.0
2022,Canada,Persons in lone-parent families,,"Food insecure, moderate",,18.3
2022,Canada,Persons in lone-parent families,,"Food insecure, severe",,15.7
2022,Canada,Persons in male lone-parent families,,Food secure,,67.7
2022,Canada,Persons in male lone-parent families,,Food insecure,,32.3
2022,Canada,Persons in male lone-parent families,,"Food insecure, marginal",,9.2
2022,Canada,Persons in male lone-parent families,,"Food insecure, moderate or severe",,23.2
2022,Canada,Persons in male lone-parent families,,"Food insecure, moderate",,13.7
2022,Canada,Persons in male lone-parent families,,"Food insecure, severe",,9.5
2022,Canada,Persons in female lone-parent families,,Food secure,,54.0
2022,Canada,Persons in female lone-parent families,,Food insecure,,46.0
2022,Canada,Persons in female lone-parent families,,"Food insecure, marginal",,9.5
2022,Canada,Persons in female lone-parent families,,"Food insecure, moderate or severe",,36.5
2022,Canada,Persons in female lone-parent families,,"Food insecure, moderate",,19.4
2022,Canada,Persons in female lone-parent families,,"Food insecure, severe",,17.2
2022,Canada,Persons in other non-elderly families,,Food secure,,71.1
2022,Canada,Persons in other non-elderly families,,Food insecure,,28.9
2022,Canada,Persons in other non-elderly families,,"Food insecure, marginal",,7.0
2022,Canada,Persons in other non-elderly families,,"Food insecure, moderate or severe",,21.9
2022,Canada,Persons in other non-elderly families,,"Food insecure, moderate",,12.6
2022,Canada,Persons in other non-elderly families,,"Food insecure, severe",,9.3
2022,Canada,Persons not in an economic family,,Food secure,,74.4
2022,Canada,Persons not in an economic family,,Food insecure,,25.6
2022,Canada,Persons not in an economic family,,"Food insecure, marginal",,4.9
2022,Canada,Persons not in an economic family,,"Food insecure, moderate or severe",,20.6
2022,Canada,Persons not in an economic family,,"Food insecure, moderate",,10.9
2022,Canada,Persons not in an economic family,,"Food insecure, severe",,9.8
2022,Canada,Elderly persons not in an economic family,,Food secure,,86.6
2022,Canada,Elderly persons not in an economic family,,Food insecure,,13.4
2022,Canada,Elderly persons not in an economic family,,"Food insecure, marginal",,3.7
2022,Canada,Elderly persons not in an economic family,,"Food insecure, moderate or severe",,9.7
2022,Canada,Elderly persons not in an economic family,,"Food insecure, moderate",,6.3
2022,Canada,Elderly persons not in an economic family,,"Food insecure, severe",,3.4
2022,Canada,Elderly males not in an economic family,,Food secure,,85.2
2022,Canada,Elderly males not in an economic family,,Food insecure,,14.8
2022,Canada,Elderly males not in an economic family,,"Food insecure, marginal",,4.0
2022,Canada,Elderly males not in an economic family,,"Food insecure, moderate or severe",,10.8
2022,Canada,Elderly males not in an economic family,,"Food insecure, moderate",,6.5
2022,Canada,Elderly males not in an economic family,,"Food insecure, severe",,4.3
2022,Canada,Elderly females not in an economic family,,Food secure,,87.2
2022,Canada,Elderly females not in an economic family,,Food insecure,,12.8
2022,Canada,Elderly females not in an economic family,,"Food insecure, marginal",,3.6
2022,Canada,Elderly females not in an economic family,,"Food insecure, moderate or severe",,9.1
2022,Canada,Elderly females not in an economic family,,"Food insecure, moderate",,6.1
2022,Canada,Elderly females not in an economic family,,"Food insecure, severe",,3.0
2022,Canada,Non-elderly persons not in an economic family,,Food secure,,69.5
2022,Canada,Non-elderly persons not in an economic family,,Food insecure,,30.5
2022,Canada,Non-elderly persons not in an economic family,,"Food insecure, marginal",,5.4
2022,Canada,Non-elderly persons not in an economic family,,"Food insecure, moderate or severe",,25.0
2022,Canada,Non-elderly persons not in an economic family,,"Food insecure, moderate",,12.7
2022,Canada,Non-elderly persons not in an economic family,,"Food insecure, severe",,12.3
2022,Canada,Non-elderly males not in an economic family,,Food secure,,70.5
2022,Canada,Non-elderly males not in an economic family,,Food insecure,,29.5
2022,Canada,Non-elderly males not in an economic family,,"Food insecure, marginal",,5.5
2022,Canada,Non-elderly males not in an economic family,,"Food insecure, moderate or severe",,24.0
2022,Canada,Non-elderly males not in an economic family,,"Food insecure, moderate",,11.7
2022,Canada,Non-elderly males not in an economic family,,"Food insecure, severe",,12.3
2022,Canada,Non-elderly females not in an economic family,,Food secure,,68.2
2022,Canada,Non-elderly females not in an economic family,,Food insecure,,31.8
2022,Canada,Non-elderly females not in an economic family,,"Food insecure, marginal",,5.4
2022,Canada,Non-elderly females not in an economic family,,"Food insecure, moderate or severe",,26.4
2022,Canada,Non-elderly females not in an economic family,,"Food insecure, moderate",,14.0
2022,Canada,Non-elderly females not in an economic family,,"Food insecure, severe",,12.4
2022,Atlantic provinces,All persons,,Food secure,,72.8
2022,Atlantic provinces,All persons,,Food insecure,,27.2
2022,Atlantic provinces,All persons,,"Food insecure, marginal",,6.3
2022,Atlantic provinces,All persons,,"Food insecure, moderate or severe",,20.9
2022,Atlantic provinces,All persons,,"Food insecure, moderate",,13.1
2022,Atlantic provinces,All persons,,"Food insecure, severe",,7.8
2022,Atlantic provinces,Persons in economic families,,Food secure,,73.1
2022,Atlantic provinces,Persons in economic families,,Food insecure,,26.9
2022,Atlantic provinces,Persons in economic families,,"Food insecure, marginal",,6.4
2022,Atlantic provinces,Persons in economic families,,"Food insecure, moderate or severe",,20.5
2022,Atlantic provinces,Persons in economic families,,"Food insecure, moderate",,13.5
2022,Atlantic provinces,Persons in economic families,,"Food insecure, severe",,7.0
2022,Atlantic provinces,Persons in elderly families,,Food secure,,87.3
2022,Atlantic provinces,Persons in elderly families,,Food insecure,,12.7
2022,Atlantic provinces,Persons in elderly families,,"Food insecure, marginal",,4.0
2022,Atlantic provinces,Persons in elderly families,,"Food insecure, moderate or severe",,8.7
2022,Atlantic provinces,Persons in elderly families,,"Food insecure, moderate",,6.1
2022,Atlantic provinces,Persons in elderly families,,"Food insecure, severe",,2.6
2022,Atlantic provinces,Persons in elderly couples,,Food secure,,89.2
2022,Atlantic provinces,Persons in elderly couples,,Food insecure,,10.8
2022,Atlantic provinces,Persons in elderly couples,,"Food insecure, marginal",,3.8
2022,Atlantic provinces,Persons in elderly couples,,"Food insecure, moderate or severe",,6.9
2022,Atlantic provinces,Persons in elderly couples,,"Food insecure, moderate",,5.2
2022,Atlantic provinces,Persons in elderly couples,,"Food insecure, severe",,1.7
2022,Atlantic provinces,Persons in other elderly families,,Food secure,,82.2
2022,Atlantic provinces,Persons in other elderly families,,Food insecure,,17.8
2022,Atlantic provinces,Persons in other elderly families,,"Food insecure, marginal",,4.3
2022,Atlantic provinces,Persons in other elderly families,,"Food insecure, moderate or severe",,13.5
2022,Atlantic provinces,Persons in other elderly families,,"Food insecure, moderate",,8.6
2022,Atlantic provinces,Persons in other elderly families,,"Food insecure, severe",,
2022,Atlantic provinces,Persons in non-elderly families,,Food secure,,69.3
2022,Atlantic provinces,Persons in non-elderly families,,Food insecure,,30.7
2022,Atlantic provinces,Persons in non-elderly families,,"Food insecure, marginal",,7.0
2022,Atlantic provinces,Persons in non-elderly families,,"Food insecure, moderate or severe",,23.7
2022,Atlantic provinces,Persons in non-elderly families,,"Food insecure, moderate",,15.5
2022,Atlantic provinces,Persons in non-elderly families,,"Food insecure, severe",,8.2
2022,Atlantic provinces,Persons in couples,,Food secure,,79.0
2022,Atlantic provinces,Persons in couples,,Food insecure,,21.0
2022,Atlantic provinces,Persons in couples,,"Food insecure, marginal",,6.1
2022,Atlantic provinces,Persons in couples,,"Food insecure, moderate or severe",,14.9
2022,Atlantic provinces,Persons in couples,,"Food insecure, moderate",,10.7
2022,Atlantic provinces,Persons in couples,,"Food insecure, severe",,4.2
2022,Atlantic provinces,Persons in couple families with children,,Food secure,,68.6
2022,Atlantic provinces,Persons in couple families with children,,Food insecure,,31.4
2022,Atlantic provinces,Persons in couple families with children,,"Food insecure, marginal",,8.1
2022,Atlantic provinces,Persons in couple families with children,,"Food insecure, moderate or severe",,23.3
2022,Atlantic provinces,Persons in couple families with children,,"Food insecure, moderate",,17.1
2022,Atlantic provinces,Persons in couple families with children,,"Food insecure, severe",,6.2
2022,Atlantic provinces,Persons in couple families with other relatives,,Food secure,,70.7
2022,Atlantic provinces,Persons in couple families with other relatives,,Food insecure,,29.3
2022,Atlantic provinces,Persons in couple families with other relatives,,"Food insecure, marginal",,4.7
2022,Atlantic provinces,Persons in couple families with other relatives,,"Food insecure, moderate or severe",,24.6
2022,Atlantic provinces,Persons in couple families with other relatives,,"Food insecure, moderate",,15.0
2022,Atlantic provinces,Persons in couple families with other relatives,,"Food insecure, severe",,9.6
2022,Atlantic provinces,Persons in lone-parent families,,Food secure,,47.6
2022,Atlantic provinces,Persons in lone-parent families,,Food insecure,,52.4
2022,Atlantic provinces,Persons in lone-parent families,,"Food insecure, marginal",,9.2
2022,Atlantic provinces,Persons in lone-parent families,,"Food insecure, moderate or severe",,43.3
2022,Atlantic provinces,Persons in lone-parent families,,"Food insecure, moderate",,22.9
2022,Atlantic provinces,Persons in lone-parent families,,"Food insecure, severe",,20.4
2022,Atlantic provinces,Persons in male lone-parent families,,Food secure,,65.5
2022,Atlantic provinces,Persons in male lone-parent families,,Food insecure,,34.5
2022,Atlantic provinces,Persons in male lone-parent families,,"Food insecure, marginal",,
2022,Atlantic provinces,Persons in male lone-parent families,,"Food insecure, moderate or severe",,23.7
2022,Atlantic provinces,Persons in male lone-parent families,,"Food insecure, moderate",,
2022,Atlantic provinces,Persons in male lone-parent families,,"Food insecure, severe",,
2022,Atlantic provinces,Persons in female lone-parent families,,Food secure,,44.2
2022,Atlantic provinces,Persons in female lone-parent families,,Food insecure,,55.8
2022,Atlantic provinces,Persons in female lone-parent families,,"Food insecure, marginal",,8.9
2022,Atlantic provinces,Persons in female lone-parent families,,"Food insecure, moderate or severe",,47.0
2022,Atlantic provinces,Persons in female lone-parent families,,"Food insecure, moderate",,25.1
2022,Atlantic provinces,Persons in female lone-parent families,,"Food insecure, severe",,21.9
2022,Atlantic provinces,Persons in other non-elderly families,,Food secure,,69.7
2022,Atlantic provinces,Persons in other non-elderly families,,Food insecure,,30.3
2022,Atlantic provinces,Persons in other non-elderly families,,"Food insecure, marginal",,5.1
2022,Atlantic provinces,Persons in other non-elderly families,,"Food insecure, moderate or severe",,25.2
2022,Atlantic provinces,Persons in other non-elderly families,,"Food insecure, moderate",,11.3
2022,Atlantic provinces,Persons in other non-elderly families,,"Food insecure, severe",,13.8
2022,Atlantic provinces,Persons not in an economic family,,Food secure,,71.4
2022,Atlantic provinces,Persons not in an economic family,,Food insecure,,28.6
2022,Atlantic provinces,Persons not in an economic family,,"Food insecure, marginal",,5.9
2022,Atlantic provinces,Persons not in an economic family,,"Food insecure, moderate or severe",,22.7
2022,Atlantic provinces,Persons not in an economic family,,"Food insecure, moderate",,11.4
2022,Atlantic provinces,Persons not in an economic family,,"Food insecure, severe",,11.3
2022,Atlantic provinces,Elderly persons not in an economic family,,Food secure,,84.1
2022,Atlantic provinces,Elderly persons not in an economic family,,Food insecure,,15.9
2022,Atlantic provinces,Elderly persons not in an economic family,,"Food insecure, marginal",,5.0
2022,Atlantic provinces,Elderly persons not in an economic family,,"Food insecure, moderate or severe",,10.9
2022,Atlantic provinces,Elderly persons not in an economic family,,"Food insecure, moderate",,6.9
2022,Atlantic provinces,Elderly persons not in an economic family,,"Food insecure, severe",,4.0
2022,Atlantic provinces,Elderly males not in an economic family,,Food secure,,80.8
2022,Atlantic provinces,Elderly males not in an economic family,,Food insecure,,19.2
2022,Atlantic provinces,Elderly males not in an economic family,,"Food insecure, marginal",,6.6
2022,Atlantic provinces,Elderly males not in an economic family,,"Food insecure, moderate or severe",,12.7
2022,Atlantic provinces,Elderly males not in an economic family,,"Food insecure, moderate",,8.4
2022,Atlantic provinces,Elderly males not in an economic family,,"Food insecure, severe",,4.3
2022,Atlantic provinces,Elderly females not in an economic family,,Food secure,,85.7
2022,Atlantic provinces,Elderly females not in an economic family,,Food insecure,,14.3
2022,Atlantic provinces,Elderly females not in an economic family,,"Food insecure, marginal",,4.3
2022,Atlantic provinces,Elderly females not in an economic family,,"Food insecure, moderate or severe",,10.0
2022,Atlantic provinces,Elderly females not in an economic family,,"Food insecure, moderate",,6.2
2022,Atlantic provinces,Elderly females not in an economic family,,"Food insecure, severe",,3.8
2022,Atlantic provinces,Non-elderly persons not in an economic family,,Food secure,,65.2
2022,Atlantic provinces,Non-elderly persons not in an economic family,,Food insecure,,34.8
2022,Atlantic provinces,Non-elderly persons not in an economic family,,"Food insecure, marginal",,6.3
2022,Atlantic provinces,Non-elderly persons not in an economic family,,"Food insecure, moderate or severe",,28.6
2022,Atlantic provinces,Non-elderly persons not in an economic family,,"Food insecure, moderate",,13.6
2022,Atlantic provinces,Non-elderly persons not in an economic family,,"Food insecure, severe",,14.9
2022,Atlantic provinces,Non-elderly males not in an economic family,,Food secure,,64.2
2022,Atlantic provinces,Non-elderly males not in an economic family,,Food insecure,,35.8
2022,Atlantic provinces,Non-elderly males not in an economic family,,"Food insecure, marginal",,5.7
2022,Atlantic provinces,Non-elderly males not in an economic family,,"Food insecure, moderate or severe",,30.1
2022,Atlantic provinces,Non-elderly males not in an economic family,,"Food insecure, moderate",,13.9
2022,Atlantic provinces,Non-elderly males not in an economic family,,"Food insecure, severe",,16.2
2022,Atlantic provinces,Non-elderly females not in an economic family,,Food secure,,66.4
2022,Atlantic provinces,Non-elderly females not in an economic family,,Food insecure,,33.6
2022,Atlantic provinces,Non-elderly females not in an economic family,,"Food insecure, marginal",,6.8
2022,Atlantic provinces,Non-elderly females not in an economic family,,"Food insecure, moderate or severe",,26.8
2022,Atlantic provinces,Non-elderly females not in an economic family,,"Food insecure, moderate",,13.4
2022,Atlantic provinces,Non-elderly females not in an economic family,,"Food insecure, severe",,13.4
2022,Newfoundland and Labrador,All persons,,Food secure,10,74.0
2022,Newfoundland and Labrador,All persons,,Food insecure,10,26.0
2022,Newfoundland and Labrador,All persons,,"Food insecure, marginal",10,6.2
2022,Newfoundland and Labrador,All persons,,"Food insecure, moderate or severe",10,19.7
2022,Newfoundland and Labrador,All persons,,"Food insecure, moderate",10,11.0
2022,Newfoundland and Labrador,All persons,,"Food insecure, severe",10,8.7
2022,Newfoundland and Labrador,Persons in economic families,,Food secure,10,74.8
2022,Newfoundland and Labrador,Persons in economic families,,Food insecure,10,25.2
2022,Newfoundland and Labrador,Persons in economic families,,"Food insecure, marginal",10,6.5
2022,Newfoundland and Labrador,Persons in economic families,,"Food insecure, moderate or severe",10,18.8
2022,Newfoundland and Labrador,Persons in economic families,,"Food insecure, moderate",10,10.7
2022,Newfoundland and Labrador,Persons in economic families,,"Food insecure, severe",10,8.0
2022,Newfoundland and Labrador,Persons in elderly families,,Food secure,10,86.5
2022,Newfoundland and Labrador,Persons in elderly families,,Food insecure,10,13.5
2022,Newfoundland and Labrador,Persons in elderly families,,"Food insecure, marginal",10,5.0
2022,Newfoundland and Labrador,Persons in elderly families,,"Food insecure, moderate or severe",10,8.5
2022,Newfoundland and Labrador,Persons in elderly families,,"Food insecure, moderate",10,5.0
2022,Newfoundland and Labrador,Persons in elderly families,,"Food insecure, severe",10,
2022,Newfoundland and Labrador,Persons in elderly couples,,Food secure,10,88.6
2022,Newfoundland and Labrador,Persons in elderly couples,,Food insecure,10,11.4
2022,Newfoundland and Labrador,Persons in elderly couples,,"Food insecure, marginal",10,4.7
2022,Newfoundland and Labrador,Persons in elderly couples,,"Food insecure, moderate or severe",10,6.7
2022,Newfoundland and Labrador,Persons in elderly couples,,"Food insecure, moderate",10,4.6
2022,Newfoundland and Labrador,Persons in elderly couples,,"Food insecure, severe",10,
2022,Newfoundland and Labrador,Persons in other elderly families,,Food secure,10,80.9
2022,Newfoundland and Labrador,Persons in other elderly families,,Food insecure,10,
2022,Newfoundland and Labrador,Persons in other elderly families,,"Food insecure, marginal",10,
2022,Newfoundland and Labrador,Persons in other elderly families,,"Food insecure, moderate or severe",10,
2022,Newfoundland and Labrador,Persons in other elderly families,,"Food insecure, moderate",10,
2022,Newfoundland and Labrador,Persons in other elderly families,,"Food insecure, severe",10,
2022,Newfoundland and Labrador,Persons in non-elderly families,,Food secure,10,71.1
2022,Newfoundland and Labrador,Persons in non-elderly families,,Food insecure,10,28.9
2022,Newfoundland and Labrador,Persons in non-elderly families,,"Food insecure, marginal",10,6.9
2022,Newfoundland and Labrador,Persons in non-elderly families,,"Food insecure, moderate or severe",10,21.9
2022,Newfoundland and Labrador,Persons in non-elderly families,,"Food insecure, moderate",10,12.5
2022,Newfoundland and Labrador,Persons in non-elderly families,,"Food insecure, severe",10,9.4
2022,Newfoundland and Labrador,Persons in couples,,Food secure,10,75.8
2022,Newfoundland and Labrador,Persons in couples,,Food insecure,10,24.2
2022,Newfoundland and Labrador,Persons in couples,,"Food insecure, marginal",10,7.4
2022,Newfoundland and Labrador,Persons in couples,,"Food insecure, moderate or severe",10,16.8
2022,Newfoundland and Labrador,Persons in couples,,"Food insecure, moderate",10,13.8
2022,Newfoundland and Labrador,Persons in couples,,"Food insecure, severe",10,
2022,Newfoundland and Labrador,Persons in couple families with children,,Food secure,10,71.5
2022,Newfoundland and Labrador,Persons in couple families with children,,Food insecure,10,28.5
2022,Newfoundland and Labrador,Persons in couple families with children,,"Food insecure, marginal",10,6.8
2022,Newfoundland and Labrador,Persons in couple families with children,,"Food insecure, moderate or severe",10,21.7
2022,Newfoundland and Labrador,Persons in couple families with children,,"Food insecure, moderate",10,14.4
2022,Newfoundland and Labrador,Persons in couple families with children,,"Food insecure, severe",10,7.3
2022,Newfoundland and Labrador,Persons in couple families with other relatives,,Food secure,10,70.9
2022,Newfoundland and Labrador,Persons in couple families with other relatives,,Food insecure,10,29.1
2022,Newfoundland and Labrador,Persons in couple families with other relatives,,"Food insecure, marginal",10,
2022,Newfoundland and Labrador,Persons in couple families with other relatives,,"Food insecure, moderate or severe",10,21.9
2022,Newfoundland and Labrador,Persons in couple families with other relatives,,"Food insecure, moderate",10,13.1
2022,Newfoundland and Labrador,Persons in couple families with other relatives,,"Food insecure, severe",10,
2022,Newfoundland and Labrador,Persons in lone-parent families,,Food secure,10,60.5
2022,Newfoundland and Labrador,Persons in lone-parent families,,Food insecure,10,39.5
2022,Newfoundland and Labrador,Persons in lone-parent families,,"Food insecure, marginal",10,
2022,Newfoundland and Labrador,Persons in lone-parent families,,"Food insecure, moderate or severe",10,32.4
2022,Newfoundland and Labrador,Persons in lone-parent families,,"Food insecure, moderate",10,
2022,Newfoundland and Labrador,Persons in lone-parent families,,"Food insecure, severe",10,26.6
2022,Newfoundland and Labrador,Persons in male lone-parent families,,Food secure,10,80.9
2022,Newfoundland and Labrador,Persons in male lone-parent families,,Food insecure,10,
2022,Newfoundland and Labrador,Persons in male lone-parent families,,"Food insecure, marginal",10,
2022,Newfoundland and Labrador,Persons in male lone-parent families,,"Food insecure, moderate or severe",10,
2022,Newfoundland and Labrador,Persons in male lone-parent families,,"Food insecure, moderate",10,
2022,Newfoundland and Labrador,Persons in male lone-parent families,,"Food insecure, severe",10,
2022,Newfoundland and Labrador,Persons in female lone-parent families,,Food secure,10,56.7
2022,Newfoundland and Labrador,Persons in female lone-parent families,,Food insecure,10,43.3
2022,Newfoundland and Labrador,Persons in female lone-parent families,,"Food insecure, marginal",10,
2022,Newfoundland and Labrador,Persons in female lone-parent families,,"Food insecure, moderate or severe",10,37.8
2022,Newfoundland and Labrador,Persons in female lone-parent families,,"Food insecure, moderate",10,
2022,Newfoundland and Labrador,Persons in female lone-parent families,,"Food insecure, severe",10,30.9
2022,Newfoundland and Labrador,Persons in other non-elderly families,,Food secure,10,68.5
2022,Newfoundland and Labrador,Persons in other non-elderly families,,Food insecure,10,31.5
2022,Newfoundland and Labrador,Persons in other non-elderly families,,"Food insecure, marginal",10,
2022,Newfoundland and Labrador,Persons in other non-elderly families,,"Food insecure, moderate or severe",10,26.0
2022,Newfoundland and Labrador,Persons in other non-elderly families,,"Food insecure, moderate",10,
2022,Newfoundland and Labrador,Persons in other non-elderly families,,"Food insecure, severe",10,22.1
2022,Newfoundland and Labrador,Persons not in an economic family,,Food secure,10,70.2
2022,Newfoundland and Labrador,Persons not in an economic family,,Food insecure,10,29.8
2022,Newfoundland and Labrador,Persons not in an economic family,,"Food insecure, marginal",10,5.1
2022,Newfoundland and Labrador,Persons not in an economic family,,"Food insecure, moderate or severe",10,24.7
2022,Newfoundland and Labrador,Persons not in an economic family,,"Food insecure, moderate",10,12.4
2022,Newfoundland and Labrador,Persons not in an economic family,,"Food insecure, severe",10,12.3
2022,Newfoundland and Labrador,Elderly persons not in an economic family,,Food secure,10,85.0
2022,Newfoundland and Labrador,Elderly persons not in an economic family,,Food insecure,10,15.0
2022,Newfoundland and Labrador,Elderly persons not in an economic family,,"Food insecure, marginal",10,
2022,Newfoundland and Labrador,Elderly persons not in an economic family,,"Food insecure, moderate or severe",10,11.8
2022,Newfoundland and Labrador,Elderly persons not in an economic family,,"Food insecure, moderate",10,7.2
2022,Newfoundland and Labrador,Elderly persons not in an economic family,,"Food insecure, severe",10,4.6
2022,Newfoundland and Labrador,Elderly males not in an economic family,,Food secure,10,78.0
2022,Newfoundland and Labrador,Elderly males not in an economic family,,Food insecure,10,22.0
2022,Newfoundland and Labrador,Elderly males not in an economic family,,"Food insecure, marginal",10,
2022,Newfoundland and Labrador,Elderly males not in an economic family,,"Food insecure, moderate or severe",10,16.5
2022,Newfoundland and Labrador,Elderly males not in an economic family,,"Food insecure, moderate",10,
2022,Newfoundland and Labrador,Elderly males not in an economic family,,"Food insecure, severe",10,
2022,Newfoundland and Labrador,Elderly females not in an economic family,,Food secure,10,88.4
2022,Newfoundland and Labrador,Elderly females not in an economic family,,Food insecure,10,11.6
2022,Newfoundland and Labrador,Elderly females not in an economic family,,"Food insecure, marginal",10,
2022,Newfoundland and Labrador,Elderly females not in an economic family,,"Food insecure, moderate or severe",10,9.6
2022,Newfoundland and Labrador,Elderly females not in an economic family,,"Food insecure, moderate",10,
2022,Newfoundland and Labrador,Elderly females not in an economic family,,"Food insecure, severe",10,
2022,Newfoundland and Labrador,Non-elderly persons not in an economic family,,Food secure,10,62.9
2022,Newfoundland and Labrador,Non-elderly persons not in an economic family,,Food insecure,10,37.1
2022,Newfoundland and Labrador,Non-elderly persons not in an economic family,,"Food insecure, marginal",10,6.0
2022,Newfoundland and Labrador,Non-elderly persons not in an economic family,,"Food insecure, moderate or severe",10,31.1
2022,Newfoundland and Labrador,Non-elderly persons not in an economic family,,"Food insecure, moderate",10,14.9
2022,Newfoundland and Labrador,Non-elderly persons not in an economic family,,"Food insecure, severe",10,16.1
2022,Newfoundland and Labrador,Non-elderly males not in an economic family,,Food secure,10,60.2
2022,Newfoundland and Labrador,Non-elderly males not in an economic family,,Food insecure,10,39.8
2022,Newfoundland and Labrador,Non-elderly males not in an economic family,,"Food insecure, marginal",10,
2022,Newfoundland and Labrador,Non-elderly males not in an economic family,,"Food insecure, moderate or severe",10,34.9
2022,Newfoundland and Labrador,Non-elderly males not in an economic family,,"Food insecure, moderate",10,18.7
2022,Newfoundland and Labrador,Non-elderly males not in an economic family,,"Food insecure, severe",10,16.2
2022,Newfoundland and Labrador,Non-elderly females not in an economic family,,Food secure,10,66.0
2022,Newfoundland and Labrador,Non-elderly females not in an economic family,,Food insecure,10,34.0
2022,Newfoundland and Labrador,Non-elderly females not in an economic family,,"Food insecure, marginal",10,7.5
2022,Newfoundland and Labrador,Non-elderly females not in an economic family,,"Food insecure, moderate or severe",10,26.6
2022,Newfoundland and Labrador,Non-elderly females not in an economic family,,"Food insecure, moderate",10,10.5
2022,Newfoundland and Labrador,Non-elderly females not in an economic family,,"Food insecure, severe",10,16.1
2022,Prince Edward Island,All persons,,Food secure,11,71.4
2022,Prince Edward Island,All persons,,Food insecure,11,28.6
2022,Prince Edward Island,All persons,,"Food insecure, marginal",11,7.0
2022,Prince Edward Island,All persons,,"Food insecure, moderate or severe",11,21.6
2022,Prince Edward Island,All persons,,"Food insecure, moderate",11,15.8
2022,Prince Edward Island,All persons,,"Food insecure, severe",11,5.8
2022,Prince Edward Island,Persons in economic families,,Food secure,11,72.0
2022,Prince Edward Island,Persons in economic families,,Food insecure,11,28.0
2022,Prince Edward Island,Persons in economic families,,"Food insecure, marginal",11,6.5
2022,Prince Edward Island,Persons in economic families,,"Food insecure, moderate or severe",11,21.5
2022,Prince Edward Island,Persons in economic families,,"Food insecure, moderate",11,15.8
2022,Prince Edward Island,Persons in economic families,,"Food insecure, severe",11,5.7
2022,Prince Edward Island,Persons in elderly families,,Food secure,11,87.9
2022,Prince Edward Island,Persons in elderly families,,Food insecure,11,12.1
2022,Prince Edward Island,Persons in elderly families,,"Food insecure, marginal",11,
2022,Prince Edward Island,Persons in elderly families,,"Food insecure, moderate or severe",11,10.8
2022,Prince Edward Island,Persons in elderly families,,"Food insecure, moderate",11,
2022,Prince Edward Island,Persons in elderly families,,"Food insecure, severe",11,
2022,Prince Edward Island,Persons in elderly couples,,Food secure,11,93.0
2022,Prince Edward Island,Persons in elderly couples,,Food insecure,11,7.0
2022,Prince Edward Island,Persons in elderly couples,,"Food insecure, marginal",11,
2022,Prince Edward Island,Persons in elderly couples,,"Food insecure, moderate or severe",11,
2022,Prince Edward Island,Persons in elderly couples,,"Food insecure, moderate",11,
2022,Prince Edward Island,Persons in elderly couples,,"Food insecure, severe",11,
2022,Prince Edward Island,Persons in other elderly families,,Food secure,11,71.0
2022,Prince Edward Island,Persons in other elderly families,,Food insecure,11,
2022,Prince Edward Island,Persons in other elderly families,,"Food insecure, marginal",11,
2022,Prince Edward Island,Persons in other elderly families,,"Food insecure, moderate or severe",11,
2022,Prince Edward Island,Persons in other elderly families,,"Food insecure, moderate",11,
2022,Prince Edward Island,Persons in other elderly families,,"Food insecure, severe",11,
2022,Prince Edward Island,Persons in non-elderly families,,Food secure,11,68.4
2022,Prince Edward Island,Persons in non-elderly families,,Food insecure,11,31.6
2022,Prince Edward Island,Persons in non-elderly families,,"Food insecure, marginal",11,7.7
2022,Prince Edward Island,Persons in non-elderly families,,"Food insecure, moderate or severe",11,24.0
2022,Prince Edward Island,Persons in non-elderly families,,"Food insecure, moderate",11,17.1
2022,Prince Edward Island,Persons in non-elderly families,,"Food insecure, severe",11,6.8
2022,Prince Edward Island,Persons in couples,,Food secure,11,75.5
2022,Prince Edward Island,Persons in couples,,Food insecure,11,24.5
2022,Prince Edward Island,Persons in couples,,"Food insecure, marginal",11,
2022,Prince Edward Island,Persons in couples,,"Food insecure, moderate or severe",11,18.6
2022,Prince Edward Island,Persons in couples,,"Food insecure, moderate",11,15.3
2022,Prince Edward Island,Persons in couples,,"Food insecure, severe",11,
2022,Prince Edward Island,Persons in couple families with children,,Food secure,11,65.9
2022,Prince Edward Island,Persons in couple families with children,,Food insecure,11,34.1
2022,Prince Edward Island,Persons in couple families with children,,"Food insecure, marginal",11,10.5
2022,Prince Edward Island,Persons in couple families with children,,"Food insecure, moderate or severe",11,23.6
2022,Prince Edward Island,Persons in couple families with children,,"Food insecure, moderate",11,15.8
2022,Prince Edward Island,Persons in couple families with children,,"Food insecure, severe",11,
2022,Prince Edward Island,Persons in couple families with other relatives,,Food secure,11,91.7
2022,Prince Edward Island,Persons in couple families with other relatives,,Food insecure,11,
2022,Prince Edward Island,Persons in couple families with other relatives,,"Food insecure, marginal",11,
2022,Prince Edward Island,Persons in couple families with other relatives,,"Food insecure, moderate or severe",11,
2022,Prince Edward Island,Persons in couple families with other relatives,,"Food insecure, moderate",11,
2022,Prince Edward Island,Persons in couple families with other relatives,,"Food insecure, severe",11,
2022,Prince Edward Island,Persons in lone-parent families,,Food secure,11,50.0
2022,Prince Edward Island,Persons in lone-parent families,,Food insecure,11,50.0
2022,Prince Edward Island,Persons in lone-parent families,,"Food insecure, marginal",11,
2022,Prince Edward Island,Persons in lone-parent families,,"Food insecure, moderate or severe",11,42.3
2022,Prince Edward Island,Persons in lone-parent families,,"Food insecure, moderate",11,
2022,Prince Edward Island,Persons in lone-parent families,,"Food insecure, severe",11,
2022,Prince Edward Island,Persons in male lone-parent families,,Food secure,11,
2022,Prince Edward Island,Persons in male lone-parent families,,Food insecure,11,
2022,Prince Edward Island,Persons in male lone-parent families,,"Food insecure, marginal",11,
2022,Prince Edward Island,Persons in male lone-parent families,,"Food insecure, moderate or severe",11,
2022,Prince Edward Island,Persons in male lone-parent families,,"Food insecure, moderate",11,
2022,Prince Edward Island,Persons in male lone-parent families,,"Food insecure, severe",11,
2022,Prince Edward Island,Persons in female lone-parent families,,Food secure,11,43.4
2022,Prince Edward Island,Persons in female lone-parent families,,Food insecure,11,56.6
2022,Prince Edward Island,Persons in female lone-parent families,,"Food insecure, marginal",11,
2022,Prince Edward Island,Persons in female lone-parent families,,"Food insecure, moderate or severe",11,47.0
2022,Prince Edward Island,Persons in female lone-parent families,,"Food insecure, moderate",11,
2022,Prince Edward Island,Persons in female lone-parent families,,"Food insecure, severe",11,
2022,Prince Edward Island,Persons in other non-elderly families,,Food secure,11,45.2
2022,Prince Edward Island,Persons in other non-elderly families,,Food insecure,11,54.8
2022,Prince Edward Island,Persons in other non-elderly families,,"Food insecure, marginal",11,
2022,Prince Edward Island,Persons in other non-elderly families,,"Food insecure, moderate or severe",11,49.0
2022,Prince Edward Island,Persons in other non-elderly families,,"Food insecure, moderate",11,40.2
2022,Prince Edward Island,Persons in other non-elderly families,,"Food insecure, severe",11,
2022,Prince Edward Island,Persons not in an economic family,,Food secure,11,68.3
2022,Prince Edward Island,Persons not in an economic family,,Food insecure,11,31.7
2022,Prince Edward Island,Persons not in an economic family,,"Food insecure, marginal",11,9.4
2022,Prince Edward Island,Persons not in an economic family,,"Food insecure, moderate or severe",11,22.2
2022,Prince Edward Island,Persons not in an economic family,,"Food insecure, moderate",11,15.7
2022,Prince Edward Island,Persons not in an economic family,,"Food insecure, severe",11,6.5
2022,Prince Edward Island,Elderly persons not in an economic family,,Food secure,11,80.3
2022,Prince Edward Island,Elderly persons not in an economic family,,Food insecure,11,19.7
2022,Prince Edward Island,Elderly persons not in an economic family,,"Food insecure, marginal",11,7.0
2022,Prince Edward Island,Elderly persons not in an economic family,,"Food insecure, moderate or severe",11,12.8
2022,Prince Edward Island,Elderly persons not in an economic family,,"Food insecure, moderate",11,8.8
2022,Prince Edward Island,Elderly persons not in an economic family,,"Food insecure, severe",11,
2022,Prince Edward Island,Elderly males not in an economic family,,Food secure,11,86.2
2022,Prince Edward Island,Elderly males not in an economic family,,Food insecure,11,13.8
2022,Prince Edward Island,Elderly males not in an economic family,,"Food insecure, marginal",11,
2022,Prince Edward Island,Elderly males not in an economic family,,"Food insecure, moderate or severe",11,
2022,Prince Edward Island,Elderly males not in an economic family,,"Food insecure, moderate",11,
2022,Prince Edward Island,Elderly males not in an economic family,,"Food insecure, severe",11,
2022,Prince Edward Island,Elderly females not in an economic family,,Food secure,11,77.5
2022,Prince Edward Island,Elderly females not in an economic family,,Food insecure,11,22.5
2022,Prince Edward Island,Elderly females not in an economic family,,"Food insecure, marginal",11,9.4
2022,Prince Edward Island,Elderly females not in an economic family,,"Food insecure, moderate or severe",11,13.0
2022,Prince Edward Island,Elderly females not in an economic family,,"Food insecure, moderate",11,8.7
2022,Prince Edward Island,Elderly females not in an economic family,,"Food insecure, severe",11,
2022,Prince Edward Island,Non-elderly persons not in an economic family,,Food secure,11,62.2
2022,Prince Edward Island,Non-elderly persons not in an economic family,,Food insecure,11,37.8
2022,Prince Edward Island,Non-elderly persons not in an economic family,,"Food insecure, marginal",11,
2022,Prince Edward Island,Non-elderly persons not in an economic family,,"Food insecure, moderate or severe",11,27.1
2022,Prince Edward Island,Non-elderly persons not in an economic family,,"Food insecure, moderate",11,19.3
2022,Prince Edward Island,Non-elderly persons not in an economic family,,"Food insecure, severe",11,
2022,Prince Edward Island,Non-elderly males not in an economic family,,Food secure,11,68.2
2022,Prince Edward Island,Non-elderly males not in an economic family,,Food insecure,11,31.8
2022,Prince Edward Island,Non-elderly males not in an economic family,,"Food insecure, marginal",11,
2022,Prince Edward Island,Non-elderly males not in an economic family,,"Food insecure, moderate or severe",11,25.5
2022,Prince Edward Island,Non-elderly males not in an economic family,,"Food insecure, moderate",11,
2022,Prince Edward Island,Non-elderly males not in an economic family,,"Food insecure, severe",11,
2022,Prince Edward Island,Non-elderly females not in an economic family,,Food secure,11,55.5
2022,Prince Edward Island,Non-elderly females not in an economic family,,Food insecure,11,44.5
2022,Prince Edward Island,Non-elderly females not in an economic family,,"Food insecure, marginal",11,
2022,Prince Edward Island,Non-elderly females not in an economic family,,"Food insecure, moderate or severe",11,28.8
2022,Prince Edward Island,Non-elderly females not in an economic family,,"Food insecure, moderate",11,22.1
2022,Prince Edward Island,Non-elderly females not in an economic family,,"Food insecure, severe",11,
2022,Nova Scotia,All persons,,Food secure,12,71.1
2022,Nova Scotia,All persons,,Food insecure,12,28.9
2022,Nova Scotia,All persons,,"Food insecure, marginal",12,6.1
2022,Nova Scotia,All persons,,"Food insecure, moderate or severe",12,22.7
2022,Nova Scotia,All persons,,"Food insecure, moderate",12,15.4
2022,Nova Scotia,All persons,,"Food insecure, severe",12,7.3
2022,Nova Scotia,Persons in economic families,,Food secure,12,70.8
2022,Nova Scotia,Persons in economic families,,Food insecure,12,29.2
2022,Nova Scotia,Persons in economic families,,"Food insecure, marginal",12,6.0
2022,Nova Scotia,Persons in economic families,,"Food insecure, moderate or severe",12,23.1
2022,Nova Scotia,Persons in economic families,,"Food insecure, moderate",12,16.7
2022,Nova Scotia,Persons in economic families,,"Food insecure, severe",12,6.4
2022,Nova Scotia,Persons in elderly families,,Food secure,12,87.6
2022,Nova Scotia,Persons in elderly families,,Food insecure,12,12.4
2022,Nova Scotia,Persons in elderly families,,"Food insecure, marginal",12,3.0
2022,Nova Scotia,Persons in elderly families,,"Food insecure, moderate or severe",12,9.4
2022,Nova Scotia,Persons in elderly families,,"Food insecure, moderate",12,6.9
2022,Nova Scotia,Persons in elderly families,,"Food insecure, severe",12,
2022,Nova Scotia,Persons in elderly couples,,Food secure,12,87.7
2022,Nova Scotia,Persons in elderly couples,,Food insecure,12,12.3
2022,Nova Scotia,Persons in elderly couples,,"Food insecure, marginal",12,3.3
2022,Nova Scotia,Persons in elderly couples,,"Food insecure, moderate or severe",12,9.0
2022,Nova Scotia,Persons in elderly couples,,"Food insecure, moderate",12,6.8
2022,Nova Scotia,Persons in elderly couples,,"Food insecure, severe",12,
2022,Nova Scotia,Persons in other elderly families,,Food secure,12,87.4
2022,Nova Scotia,Persons in other elderly families,,Food insecure,12,12.6
2022,Nova Scotia,Persons in other elderly families,,"Food insecure, marginal",12,
2022,Nova Scotia,Persons in other elderly families,,"Food insecure, moderate or severe",12,
2022,Nova Scotia,Persons in other elderly families,,"Food insecure, moderate",12,
2022,Nova Scotia,Persons in other elderly families,,"Food insecure, severe",12,
2022,Nova Scotia,Persons in non-elderly families,,Food secure,12,66.5
2022,Nova Scotia,Persons in non-elderly families,,Food insecure,12,33.5
2022,Nova Scotia,Persons in non-elderly families,,"Food insecure, marginal",12,6.8
2022,Nova Scotia,Persons in non-elderly families,,"Food insecure, moderate or severe",12,26.7
2022,Nova Scotia,Persons in non-elderly families,,"Food insecure, moderate",12,19.2
2022,Nova Scotia,Persons in non-elderly families,,"Food insecure, severe",12,7.5
2022,Nova Scotia,Persons in couples,,Food secure,12,78.6
2022,Nova Scotia,Persons in couples,,Food insecure,12,21.4
2022,Nova Scotia,Persons in couples,,"Food insecure, marginal",12,7.0
2022,Nova Scotia,Persons in couples,,"Food insecure, moderate or severe",12,14.4
2022,Nova Scotia,Persons in couples,,"Food insecure, moderate",12,9.9
2022,Nova Scotia,Persons in couples,,"Food insecure, severe",12,4.4
2022,Nova Scotia,Persons in couple families with children,,Food secure,12,65.2
2022,Nova Scotia,Persons in couple families with children,,Food insecure,12,34.8
2022,Nova Scotia,Persons in couple families with children,,"Food insecure, marginal",12,7.4
2022,Nova Scotia,Persons in couple families with children,,"Food insecure, moderate or severe",12,27.3
2022,Nova Scotia,Persons in couple families with children,,"Food insecure, moderate",12,22.7
2022,Nova Scotia,Persons in couple families with children,,"Food insecure, severe",12,4.6
2022,Nova Scotia,Persons in couple families with other relatives,,Food secure,12,64.2
2022,Nova Scotia,Persons in couple families with other relatives,,Food insecure,12,35.8
2022,Nova Scotia,Persons in couple families with other relatives,,"Food insecure, marginal",12,
2022,Nova Scotia,Persons in couple families with other relatives,,"Food insecure, moderate or severe",12,31.8
2022,Nova Scotia,Persons in couple families with other relatives,,"Food insecure, moderate",12,18.7
2022,Nova Scotia,Persons in couple families with other relatives,,"Food insecure, severe",12,
2022,Nova Scotia,Persons in lone-parent families,,Food secure,12,42.9
2022,Nova Scotia,Persons in lone-parent families,,Food insecure,12,57.1
2022,Nova Scotia,Persons in lone-parent families,,"Food insecure, marginal",12,
2022,Nova Scotia,Persons in lone-parent families,,"Food insecure, moderate or severe",12,47.2
2022,Nova Scotia,Persons in lone-parent families,,"Food insecure, moderate",12,29.6
2022,Nova Scotia,Persons in lone-parent families,,"Food insecure, severe",12,17.5
2022,Nova Scotia,Persons in male lone-parent families,,Food secure,12,61.5
2022,Nova Scotia,Persons in male lone-parent families,,Food insecure,12,
2022,Nova Scotia,Persons in male lone-parent families,,"Food insecure, marginal",12,
2022,Nova Scotia,Persons in male lone-parent families,,"Food insecure, moderate or severe",12,
2022,Nova Scotia,Persons in male lone-parent families,,"Food insecure, moderate",12,
2022,Nova Scotia,Persons in male lone-parent families,,"Food insecure, severe",12,
2022,Nova Scotia,Persons in female lone-parent families,,Food secure,12,39.9
2022,Nova Scotia,Persons in female lone-parent families,,Food insecure,12,60.1
2022,Nova Scotia,Persons in female lone-parent families,,"Food insecure, marginal",12,
2022,Nova Scotia,Persons in female lone-parent families,,"Food insecure, moderate or severe",12,50.5
2022,Nova Scotia,Persons in female lone-parent families,,"Food insecure, moderate",12,31.4
2022,Nova Scotia,Persons in female lone-parent families,,"Food insecure, severe",12,19.1
2022,Nova Scotia,Persons in other non-elderly families,,Food secure,12,71.5
2022,Nova Scotia,Persons in other non-elderly families,,Food insecure,12,28.5
2022,Nova Scotia,Persons in other non-elderly families,,"Food insecure, marginal",12,
2022,Nova Scotia,Persons in other non-elderly families,,"Food insecure, moderate or severe",12,23.7
2022,Nova Scotia,Persons in other non-elderly families,,"Food insecure, moderate",12,
2022,Nova Scotia,Persons in other non-elderly families,,"Food insecure, severe",12,
2022,Nova Scotia,Persons not in an economic family,,Food secure,12,72.4
2022,Nova Scotia,Persons not in an economic family,,Food insecure,12,27.6
2022,Nova Scotia,Persons not in an economic family,,"Food insecure, marginal",12,6.6
2022,Nova Scotia,Persons not in an economic family,,"Food insecure, moderate or severe",12,21.0
2022,Nova Scotia,Persons not in an economic family,,"Food insecure, moderate",12,9.9
2022,Nova Scotia,Persons not in an economic family,,"Food insecure, severe",12,11.1
2022,Nova Scotia,Elderly persons not in an economic family,,Food secure,12,82.8
2022,Nova Scotia,Elderly persons not in an economic family,,Food insecure,12,17.2
2022,Nova Scotia,Elderly persons not in an economic family,,"Food insecure, marginal",12,5.9
2022,Nova Scotia,Elderly persons not in an economic family,,"Food insecure, moderate or severe",12,11.2
2022,Nova Scotia,Elderly persons not in an economic family,,"Food insecure, moderate",12,6.6
2022,Nova Scotia,Elderly persons not in an economic family,,"Food insecure, severe",12,4.6
2022,Nova Scotia,Elderly males not in an economic family,,Food secure,12,78.8
2022,Nova Scotia,Elderly males not in an economic family,,Food insecure,12,21.2
2022,Nova Scotia,Elderly males not in an economic family,,"Food insecure, marginal",12,
2022,Nova Scotia,Elderly males not in an economic family,,"Food insecure, moderate or severe",12,11.8
2022,Nova Scotia,Elderly males not in an economic family,,"Food insecure, moderate",12,
2022,Nova Scotia,Elderly males not in an economic family,,"Food insecure, severe",12,
2022,Nova Scotia,Elderly females not in an economic family,,Food secure,12,84.8
2022,Nova Scotia,Elderly females not in an economic family,,Food insecure,12,15.2
2022,Nova Scotia,Elderly females not in an economic family,,"Food insecure, marginal",12,4.2
2022,Nova Scotia,Elderly females not in an economic family,,"Food insecure, moderate or severe",12,11.0
2022,Nova Scotia,Elderly females not in an economic family,,"Food insecure, moderate",12,6.3
2022,Nova Scotia,Elderly females not in an economic family,,"Food insecure, severe",12,4.7
2022,Nova Scotia,Non-elderly persons not in an economic family,,Food secure,12,67.5
2022,Nova Scotia,Non-elderly persons not in an economic family,,Food insecure,12,32.5
2022,Nova Scotia,Non-elderly persons not in an economic family,,"Food insecure, marginal",12,6.9
2022,Nova Scotia,Non-elderly persons not in an economic family,,"Food insecure, moderate or severe",12,25.6
2022,Nova Scotia,Non-elderly persons not in an economic family,,"Food insecure, moderate",12,11.5
2022,Nova Scotia,Non-elderly persons not in an economic family,,"Food insecure, severe",12,14.1
2022,Nova Scotia,Non-elderly males not in an economic family,,Food secure,12,66.6
2022,Nova Scotia,Non-elderly males not in an economic family,,Food insecure,12,33.4
2022,Nova Scotia,Non-elderly males not in an economic family,,"Food insecure, marginal",12,7.9
2022,Nova Scotia,Non-elderly males not in an economic family,,"Food insecure, moderate or severe",12,25.6
2022,Nova Scotia,Non-elderly males not in an economic family,,"Food insecure, moderate",12,12.1
2022,Nova Scotia,Non-elderly males not in an economic family,,"Food insecure, severe",12,13.5
2022,Nova Scotia,Non-elderly females not in an economic family,,Food secure,12,68.7
2022,Nova Scotia,Non-elderly females not in an economic family,,Food insecure,12,31.3
2022,Nova Scotia,Non-elderly females not in an economic family,,"Food insecure, marginal",12,5.8
2022,Nova Scotia,Non-elderly females not in an economic family,,"Food insecure, moderate or severe",12,25.6
2022,Nova Scotia,Non-elderly females not in an economic family,,"Food insecure, moderate",12,10.8
2022,Nova Scotia,Non-elderly females not in an economic family,,"Food insecure, severe",12,14.8
2022,New Brunswick,All persons,,Food secure,13,74.4
2022,New Brunswick,All persons,,Food insecure,13,25.6
2022,New Brunswick,All persons,,"Food insecure, marginal",13,6.3
2022,New Brunswick,All persons,,"Food insecure, moderate or severe",13,19.3
2022,New Brunswick,All persons,,"Food insecure, moderate",13,11.1
2022,New Brunswick,All persons,,"Food insecure, severe",13,8.1
2022,New Brunswick,Persons in economic families,,Food secure,13,75.1
2022,New Brunswick,Persons in economic families,,Food insecure,13,24.9
2022,New Brunswick,Persons in economic families,,"Food insecure, marginal",13,6.7
2022,New Brunswick,Persons in economic families,,"Food insecure, moderate or severe",13,18.2
2022,New Brunswick,Persons in economic families,,"Food insecure, moderate",13,10.9
2022,New Brunswick,Persons in economic families,,"Food insecure, severe",13,7.3
2022,New Brunswick,Persons in elderly families,,Food secure,13,87.5
2022,New Brunswick,Persons in elderly families,,Food insecure,13,12.5
2022,New Brunswick,Persons in elderly families,,"Food insecure, marginal",13,4.9
2022,New Brunswick,Persons in elderly families,,"Food insecure, moderate or severe",13,7.7
2022,New Brunswick,Persons in elderly families,,"Food insecure, moderate",13,5.2
2022,New Brunswick,Persons in elderly families,,"Food insecure, severe",13,
2022,New Brunswick,Persons in elderly couples,,Food secure,13,90.7
2022,New Brunswick,Persons in elderly couples,,Food insecure,13,9.3
2022,New Brunswick,Persons in elderly couples,,"Food insecure, marginal",13,4.3
2022,New Brunswick,Persons in elderly couples,,"Food insecure, moderate or severe",13,5.0
2022,New Brunswick,Persons in elderly couples,,"Food insecure, moderate",13,4.0
2022,New Brunswick,Persons in elderly couples,,"Food insecure, severe",13,
2022,New Brunswick,Persons in other elderly families,,Food secure,13,76.9
2022,New Brunswick,Persons in other elderly families,,Food insecure,13,23.1
2022,New Brunswick,Persons in other elderly families,,"Food insecure, marginal",13,
2022,New Brunswick,Persons in other elderly families,,"Food insecure, moderate or severe",13,16.4
2022,New Brunswick,Persons in other elderly families,,"Food insecure, moderate",13,
2022,New Brunswick,Persons in other elderly families,,"Food insecure, severe",13,
2022,New Brunswick,Persons in non-elderly families,,Food secure,13,71.9
2022,New Brunswick,Persons in non-elderly families,,Food insecure,13,28.1
2022,New Brunswick,Persons in non-elderly families,,"Food insecure, marginal",13,7.1
2022,New Brunswick,Persons in non-elderly families,,"Food insecure, moderate or severe",13,21.0
2022,New Brunswick,Persons in non-elderly families,,"Food insecure, moderate",13,12.4
2022,New Brunswick,Persons in non-elderly families,,"Food insecure, severe",13,8.5
2022,New Brunswick,Persons in couples,,Food secure,13,82.3
2022,New Brunswick,Persons in couples,,Food insecure,13,17.7
2022,New Brunswick,Persons in couples,,"Food insecure, marginal",13,4.2
2022,New Brunswick,Persons in couples,,"Food insecure, moderate or severe",13,13.5
2022,New Brunswick,Persons in couples,,"Food insecure, moderate",13,8.7
2022,New Brunswick,Persons in couples,,"Food insecure, severe",13,4.8
2022,New Brunswick,Persons in couple families with children,,Food secure,13,71.7
2022,New Brunswick,Persons in couple families with children,,Food insecure,13,28.3
2022,New Brunswick,Persons in couple families with children,,"Food insecure, marginal",13,9.1
2022,New Brunswick,Persons in couple families with children,,"Food insecure, moderate or severe",13,19.2
2022,New Brunswick,Persons in couple families with children,,"Food insecure, moderate",13,12.1
2022,New Brunswick,Persons in couple families with children,,"Food insecure, severe",13,7.0
2022,New Brunswick,Persons in couple families with other relatives,,Food secure,13,74.4
2022,New Brunswick,Persons in couple families with other relatives,,Food insecure,13,25.6
2022,New Brunswick,Persons in couple families with other relatives,,"Food insecure, marginal",13,
2022,New Brunswick,Persons in couple families with other relatives,,"Food insecure, moderate or severe",13,21.1
2022,New Brunswick,Persons in couple families with other relatives,,"Food insecure, moderate",13,13.5
2022,New Brunswick,Persons in couple families with other relatives,,"Food insecure, severe",13,
2022,New Brunswick,Persons in lone-parent families,,Food secure,13,45.5
2022,New Brunswick,Persons in lone-parent families,,Food insecure,13,54.5
2022,New Brunswick,Persons in lone-parent families,,"Food insecure, marginal",13,
2022,New Brunswick,Persons in lone-parent families,,"Food insecure, moderate or severe",13,44.8
2022,New Brunswick,Persons in lone-parent families,,"Food insecure, moderate",13,24.2
2022,New Brunswick,Persons in lone-parent families,,"Food insecure, severe",13,20.6
2022,New Brunswick,Persons in male lone-parent families,,Food secure,13,59.6
2022,New Brunswick,Persons in male lone-parent families,,Food insecure,13,
2022,New Brunswick,Persons in male lone-parent families,,"Food insecure, marginal",13,
2022,New Brunswick,Persons in male lone-parent families,,"Food insecure, moderate or severe",13,
2022,New Brunswick,Persons in male lone-parent families,,"Food insecure, moderate",13,
2022,New Brunswick,Persons in male lone-parent families,,"Food insecure, severe",13,
2022,New Brunswick,Persons in female lone-parent families,,Food secure,13,42.6
2022,New Brunswick,Persons in female lone-parent families,,Food insecure,13,57.4
2022,New Brunswick,Persons in female lone-parent families,,"Food insecure, marginal",13,
2022,New Brunswick,Persons in female lone-parent families,,"Food insecure, moderate or severe",13,47.8
2022,New Brunswick,Persons in female lone-parent families,,"Food insecure, moderate",13,27.2
2022,New Brunswick,Persons in female lone-parent families,,"Food insecure, severe",13,20.6
2022,New Brunswick,Persons in other non-elderly families,,Food secure,13,74.6
2022,New Brunswick,Persons in other non-elderly families,,Food insecure,13,25.4
2022,New Brunswick,Persons in other non-elderly families,,"Food insecure, marginal",13,
2022,New Brunswick,Persons in other non-elderly families,,"Food insecure, moderate or severe",13,20.3
2022,New Brunswick,Persons in other non-elderly families,,"Food insecure, moderate",13,
2022,New Brunswick,Persons in other non-elderly families,,"Food insecure, severe",13,13.8
2022,New Brunswick,Persons not in an economic family,,Food secure,13,71.3
2022,New Brunswick,Persons not in an economic family,,Food insecure,13,28.7
2022,New Brunswick,Persons not in an economic family,,"Food insecure, marginal",13,4.6
2022,New Brunswick,Persons not in an economic family,,"Food insecure, moderate or severe",13,24.0
2022,New Brunswick,Persons not in an economic family,,"Food insecure, moderate",13,12.1
2022,New Brunswick,Persons not in an economic family,,"Food insecure, severe",13,12.0
2022,New Brunswick,Elderly persons not in an economic family,,Food secure,13,85.9
2022,New Brunswick,Elderly persons not in an economic family,,Food insecure,13,14.1
2022,New Brunswick,Elderly persons not in an economic family,,"Food insecure, marginal",13,4.7
2022,New Brunswick,Elderly persons not in an economic family,,"Food insecure, moderate or severe",13,9.5
2022,New Brunswick,Elderly persons not in an economic family,,"Food insecure, moderate",13,6.7
2022,New Brunswick,Elderly persons not in an economic family,,"Food insecure, severe",13,2.8
2022,New Brunswick,Elderly males not in an economic family,,Food secure,13,83.6
2022,New Brunswick,Elderly males not in an economic family,,Food insecure,13,16.4
2022,New Brunswick,Elderly males not in an economic family,,"Food insecure, marginal",13,
2022,New Brunswick,Elderly males not in an economic family,,"Food insecure, moderate or severe",13,11.7
2022,New Brunswick,Elderly males not in an economic family,,"Food insecure, moderate",13,10.2
2022,New Brunswick,Elderly males not in an economic family,,"Food insecure, severe",13,
2022,New Brunswick,Elderly females not in an economic family,,Food secure,13,87.0
2022,New Brunswick,Elderly females not in an economic family,,Food insecure,13,13.0
2022,New Brunswick,Elderly females not in an economic family,,"Food insecure, marginal",13,4.6
2022,New Brunswick,Elderly females not in an economic family,,"Food insecure, moderate or severe",13,8.3
2022,New Brunswick,Elderly females not in an economic family,,"Food insecure, moderate",13,4.9
2022,New Brunswick,Elderly females not in an economic family,,"Food insecure, severe",13,3.4
2022,New Brunswick,Non-elderly persons not in an economic family,,Food secure,13,63.9
2022,New Brunswick,Non-elderly persons not in an economic family,,Food insecure,13,36.1
2022,New Brunswick,Non-elderly persons not in an economic family,,"Food insecure, marginal",13,4.6
2022,New Brunswick,Non-elderly persons not in an economic family,,"Food insecure, moderate or severe",13,31.4
2022,New Brunswick,Non-elderly persons not in an economic family,,"Food insecure, moderate",13,14.8
2022,New Brunswick,Non-elderly persons not in an economic family,,"Food insecure, severe",13,16.7
2022,New Brunswick,Non-elderly males not in an economic family,,Food secure,13,62.5
2022,New Brunswick,Non-elderly males not in an economic family,,Food insecure,13,37.5
2022,New Brunswick,Non-elderly males not in an economic family,,"Food insecure, marginal",13,
2022,New Brunswick,Non-elderly males not in an economic family,,"Food insecure, moderate or severe",13,34.1
2022,New Brunswick,Non-elderly males not in an economic family,,"Food insecure, moderate",13,13.0
2022,New Brunswick,Non-elderly males not in an economic family,,"Food insecure, severe",13,21.1
2022,New Brunswick,Non-elderly females not in an economic family,,Food secure,13,65.6
2022,New Brunswick,Non-elderly females not in an economic family,,Food insecure,13,34.4
2022,New Brunswick,Non-elderly females not in an economic family,,"Food insecure, marginal",13,6.2
2022,New Brunswick,Non-elderly females not in an economic family,,"Food insecure, moderate or severe",13,28.2
2022,New Brunswick,Non-elderly females not in an economic family,,"Food insecure, moderate",13,16.9
2022,New Brunswick,Non-elderly females not in an economic family,,"Food insecure, severe",13,11.3
2022,Quebec,All persons,,Food secure,24,84.3
2022,Quebec,All persons,,Food insecure,24,15.7
2022,Quebec,All persons,,"Food insecure, marginal",24,4.9
2022,Quebec,All persons,,"Food insecure, moderate or severe",24,10.8
2022,Quebec,All persons,,"Food insecure, moderate",24,8.0
2022,Quebec,All persons,,"Food insecure, severe",24,2.8
2022,Quebec,Persons in economic families,,Food secure,24,85.4
2022,Quebec,Persons in economic families,,Food insecure,24,14.6
2022,Quebec,Persons in economic families,,"Food insecure, marginal",24,5.0
2022,Quebec,Persons in economic families,,"Food insecure, moderate or severe",24,9.6
2022,Quebec,Persons in economic families,,"Food insecure, moderate",24,7.6
2022,Quebec,Persons in economic families,,"Food insecure, severe",24,2.0
2022,Quebec,Persons in elderly families,,Food secure,24,93.7
2022,Quebec,Persons in elderly families,,Food insecure,24,6.3
2022,Quebec,Persons in elderly families,,"Food insecure, marginal",24,3.1
2022,Quebec,Persons in elderly families,,"Food insecure, moderate or severe",24,3.2
2022,Quebec,Persons in elderly families,,"Food insecure, moderate",24,2.8
2022,Quebec,Persons in elderly families,,"Food insecure, severe",24,
2022,Quebec,Persons in elderly couples,,Food secure,24,95.3
2022,Quebec,Persons in elderly couples,,Food insecure,24,4.7
2022,Quebec,Persons in elderly couples,,"Food insecure, marginal",24,2.2
2022,Quebec,Persons in elderly couples,,"Food insecure, moderate or severe",24,2.5
2022,Quebec,Persons in elderly couples,,"Food insecure, moderate",24,1.9
2022,Quebec,Persons in elderly couples,,"Food insecure, severe",24,
2022,Quebec,Persons in other elderly families,,Food secure,24,88.6
2022,Quebec,Persons in other elderly families,,Food insecure,24,11.4
2022,Quebec,Persons in other elderly families,,"Food insecure, marginal",24,
2022,Quebec,Persons in other elderly families,,"Food insecure, moderate or severe",24,
2022,Quebec,Persons in other elderly families,,"Food insecure, moderate",24,
2022,Quebec,Persons in other elderly families,,"Food insecure, severe",24,
2022,Quebec,Persons in non-elderly families,,Food secure,24,83.5
2022,Quebec,Persons in non-elderly families,,Food insecure,24,16.5
2022,Quebec,Persons in non-elderly families,,"Food insecure, marginal",24,5.4
2022,Quebec,Persons in non-elderly families,,"Food insecure, moderate or severe",24,11.0
2022,Quebec,Persons in non-elderly families,,"Food insecure, moderate",24,8.7
2022,Quebec,Persons in non-elderly families,,"Food insecure, severe",24,2.3
2022,Quebec,Persons in couples,,Food secure,24,89.8
2022,Quebec,Persons in couples,,Food insecure,24,10.2
2022,Quebec,Persons in couples,,"Food insecure, marginal",24,2.9
2022,Quebec,Persons in couples,,"Food insecure, moderate or severe",24,7.3
2022,Quebec,Persons in couples,,"Food insecure, moderate",24,5.4
2022,Quebec,Persons in couples,,"Food insecure, severe",24,1.9
2022,Quebec,Persons in couple families with children,,Food secure,24,83.9
2022,Quebec,Persons in couple families with children,,Food insecure,24,16.1
2022,Quebec,Persons in couple families with children,,"Food insecure, marginal",24,5.9
2022,Quebec,Persons in couple families with children,,"Food insecure, moderate or severe",24,10.2
2022,Quebec,Persons in couple families with children,,"Food insecure, moderate",24,8.6
2022,Quebec,Persons in couple families with children,,"Food insecure, severe",24,1.7
2022,Quebec,Persons in couple families with other relatives,,Food secure,24,89.5
2022,Quebec,Persons in couple families with other relatives,,Food insecure,24,10.5
2022,Quebec,Persons in couple families with other relatives,,"Food insecure, marginal",24,
2022,Quebec,Persons in couple families with other relatives,,"Food insecure, moderate or severe",24,7.2
2022,Quebec,Persons in couple families with other relatives,,"Food insecure, moderate",24,6.5
2022,Quebec,Persons in couple families with other relatives,,"Food insecure, severe",24,
2022,Quebec,Persons in lone-parent families,,Food secure,24,66.0
2022,Quebec,Persons in lone-parent families,,Food insecure,24,34.0
2022,Quebec,Persons in lone-parent families,,"Food insecure, marginal",24,7.5
2022,Quebec,Persons in lone-parent families,,"Food insecure, moderate or severe",24,26.4
2022,Quebec,Persons in lone-parent families,,"Food insecure, moderate",24,17.7
2022,Quebec,Persons in lone-parent families,,"Food insecure, severe",24,8.7
2022,Quebec,Persons in male lone-parent families,,Food secure,24,72.5
2022,Quebec,Persons in male lone-parent families,,Food insecure,24,27.5
2022,Quebec,Persons in male lone-parent families,,"Food insecure, marginal",24,
2022,Quebec,Persons in male lone-parent families,,"Food insecure, moderate or severe",24,24.0
2022,Quebec,Persons in male lone-parent families,,"Food insecure, moderate",24,12.8
2022,Quebec,Persons in male lone-parent families,,"Food insecure, severe",24,
2022,Quebec,Persons in female lone-parent families,,Food secure,24,64.2
2022,Quebec,Persons in female lone-parent families,,Food insecure,24,35.8
2022,Quebec,Persons in female lone-parent families,,"Food insecure, marginal",24,8.7
2022,Quebec,Persons in female lone-parent families,,"Food insecure, moderate or severe",24,27.1
2022,Quebec,Persons in female lone-parent families,,"Food insecure, moderate",24,19.1
2022,Quebec,Persons in female lone-parent families,,"Food insecure, severe",24,8.0
2022,Quebec,Persons in other non-elderly families,,Food secure,24,78.3
2022,Quebec,Persons in other non-elderly families,,Food insecure,24,21.7
2022,Quebec,Persons in other non-elderly families,,"Food insecure, marginal",24,
2022,Quebec,Persons in other non-elderly families,,"Food insecure, moderate or severe",24,12.7
2022,Quebec,Persons in other non-elderly families,,"Food insecure, moderate",24,10.2
2022,Quebec,Persons in other non-elderly families,,"Food insecure, severe",24,
2022,Quebec,Persons not in an economic family,,Food secure,24,79.8
2022,Quebec,Persons not in an economic family,,Food insecure,24,20.2
2022,Quebec,Persons not in an economic family,,"Food insecure, marginal",24,4.4
2022,Quebec,Persons not in an economic family,,"Food insecure, moderate or severe",24,15.8
2022,Quebec,Persons not in an economic family,,"Food insecure, moderate",24,9.6
2022,Quebec,Persons not in an economic family,,"Food insecure, severe",24,6.2
2022,Quebec,Elderly persons not in an economic family,,Food secure,24,89.2
2022,Quebec,Elderly persons not in an economic family,,Food insecure,24,10.8
2022,Quebec,Elderly persons not in an economic family,,"Food insecure, marginal",24,3.4
2022,Quebec,Elderly persons not in an economic family,,"Food insecure, moderate or severe",24,7.4
2022,Quebec,Elderly persons not in an economic family,,"Food insecure, moderate",24,5.1
2022,Quebec,Elderly persons not in an economic family,,"Food insecure, severe",24,2.3
2022,Quebec,Elderly males not in an economic family,,Food secure,24,85.4
2022,Quebec,Elderly males not in an economic family,,Food insecure,24,14.6
2022,Quebec,Elderly males not in an economic family,,"Food insecure, marginal",24,3.6
2022,Quebec,Elderly males not in an economic family,,"Food insecure, moderate or severe",24,11.0
2022,Quebec,Elderly males not in an economic family,,"Food insecure, moderate",24,5.6
2022,Quebec,Elderly males not in an economic family,,"Food insecure, severe",24,
2022,Quebec,Elderly females not in an economic family,,Food secure,24,91.2
2022,Quebec,Elderly females not in an economic family,,Food insecure,24,8.8
2022,Quebec,Elderly females not in an economic family,,"Food insecure, marginal",24,3.2
2022,Quebec,Elderly females not in an economic family,,"Food insecure, moderate or severe",24,5.6
2022,Quebec,Elderly females not in an economic family,,"Food insecure, moderate",24,4.9
2022,Quebec,Elderly females not in an economic family,,"Food insecure, severe",24,
2022,Quebec,Non-elderly persons not in an economic family,,Food secure,24,75.7
2022,Quebec,Non-elderly persons not in an economic family,,Food insecure,24,24.3
2022,Quebec,Non-elderly persons not in an economic family,,"Food insecure, marginal",24,4.8
2022,Quebec,Non-elderly persons not in an economic family,,"Food insecure, moderate or severe",24,19.4
2022,Quebec,Non-elderly persons not in an economic family,,"Food insecure, moderate",24,11.5
2022,Quebec,Non-elderly persons not in an economic family,,"Food insecure, severe",24,7.9
2022,Quebec,Non-elderly males not in an economic family,,Food secure,24,77.5
2022,Quebec,Non-elderly males not in an economic family,,Food insecure,24,22.5
2022,Quebec,Non-elderly males not in an economic family,,"Food insecure, marginal",24,4.9
2022,Quebec,Non-elderly males not in an economic family,,"Food insecure, moderate or severe",24,17.6
2022,Quebec,Non-elderly males not in an economic family,,"Food insecure, moderate",24,10.6
2022,Quebec,Non-elderly males not in an economic family,,"Food insecure, severe",24,7.0
2022,Quebec,Non-elderly females not in an economic family,,Food secure,24,73.5
2022,Quebec,Non-elderly females not in an economic family,,Food insecure,24,26.5
2022,Quebec,Non-elderly females not in an economic family,,"Food insecure, marginal",24,4.7
2022,Quebec,Non-elderly females not in an economic family,,"Food insecure, moderate or severe",24,21.8
2022,Quebec,Non-elderly females not in an economic family,,"Food insecure, moderate",24,12.7
2022,Quebec,Non-elderly females not in an economic family,,"Food insecure, severe",24,9.2
2022,Ontario,All persons,,Food secure,35,75.5
2022,Ontario,All persons,,Food insecure,35,24.5
2022,Ontario,All persons,,"Food insecure, marginal",35,5.9
2022,Ontario,All persons,,"Food insecure, moderate or severe",35,18.7
2022,Ontario,All persons,,"Food insecure, moderate",35,11.8
2022,Ontario,All persons,,"Food insecure, severe",35,6.9
2022,Ontario,Persons in economic families,,Food secure,35,75.9
2022,Ontario,Persons in economic families,,Food insecure,35,24.1
2022,Ontario,Persons in economic families,,"Food insecure, marginal",35,6.1
2022,Ontario,Persons in economic families,,"Food insecure, moderate or severe",35,18.0
2022,Ontario,Persons in economic families,,"Food insecure, moderate",35,11.8
2022,Ontario,Persons in economic families,,"Food insecure, severe",35,6.1
2022,Ontario,Persons in elderly families,,Food secure,35,87.4
2022,Ontario,Persons in elderly families,,Food insecure,35,12.6
2022,Ontario,Persons in elderly families,,"Food insecure, marginal",35,4.2
2022,Ontario,Persons in elderly families,,"Food insecure, moderate or severe",35,8.3
2022,Ontario,Persons in elderly families,,"Food insecure, moderate",35,5.7
2022,Ontario,Persons in elderly families,,"Food insecure, severe",35,2.7
2022,Ontario,Persons in elderly couples,,Food secure,35,90.4
2022,Ontario,Persons in elderly couples,,Food insecure,35,9.6
2022,Ontario,Persons in elderly couples,,"Food insecure, marginal",35,3.6
2022,Ontario,Persons in elderly couples,,"Food insecure, moderate or severe",35,5.9
2022,Ontario,Persons in elderly couples,,"Food insecure, moderate",35,4.5
2022,Ontario,Persons in elderly couples,,"Food insecure, severe",35,1.4
2022,Ontario,Persons in other elderly families,,Food secure,35,82.5
2022,Ontario,Persons in other elderly families,,Food insecure,35,17.5
2022,Ontario,Persons in other elderly families,,"Food insecure, marginal",35,5.2
2022,Ontario,Persons in other elderly families,,"Food insecure, moderate or severe",35,12.3
2022,Ontario,Persons in other elderly families,,"Food insecure, moderate",35,7.5
2022,Ontario,Persons in other elderly families,,"Food insecure, severe",35,4.8
2022,Ontario,Persons in non-elderly families,,Food secure,35,73.7
2022,Ontario,Persons in non-elderly families,,Food insecure,35,26.3
2022,Ontario,Persons in non-elderly families,,"Food insecure, marginal",35,6.5
2022,Ontario,Persons in non-elderly families,,"Food insecure, moderate or severe",35,19.8
2022,Ontario,Persons in non-elderly families,,"Food insecure, moderate",35,13.0
2022,Ontario,Persons in non-elderly families,,"Food insecure, severe",35,6.8
2022,Ontario,Persons in couples,,Food secure,35,79.3
2022,Ontario,Persons in couples,,Food insecure,35,20.7
2022,Ontario,Persons in couples,,"Food insecure, marginal",35,5.1
2022,Ontario,Persons in couples,,"Food insecure, moderate or severe",35,15.7
2022,Ontario,Persons in couples,,"Food insecure, moderate",35,8.5
2022,Ontario,Persons in couples,,"Food insecure, severe",35,7.2
2022,Ontario,Persons in couple families with children,,Food secure,35,73.6
2022,Ontario,Persons in couple families with children,,Food insecure,35,26.4
2022,Ontario,Persons in couple families with children,,"Food insecure, marginal",35,6.5
2022,Ontario,Persons in couple families with children,,"Food insecure, moderate or severe",35,19.9
2022,Ontario,Persons in couple families with children,,"Food insecure, moderate",35,15.1
2022,Ontario,Persons in couple families with children,,"Food insecure, severe",35,4.8
2022,Ontario,Persons in couple families with other relatives,,Food secure,35,78.2
2022,Ontario,Persons in couple families with other relatives,,Food insecure,35,21.8
2022,Ontario,Persons in couple families with other relatives,,"Food insecure, marginal",35,6.6
2022,Ontario,Persons in couple families with other relatives,,"Food insecure, moderate or severe",35,15.2
2022,Ontario,Persons in couple families with other relatives,,"Food insecure, moderate",35,9.0
2022,Ontario,Persons in couple families with other relatives,,"Food insecure, severe",35,6.1
2022,Ontario,Persons in lone-parent families,,Food secure,35,55.7
2022,Ontario,Persons in lone-parent families,,Food insecure,35,44.3
2022,Ontario,Persons in lone-parent families,,"Food insecure, marginal",35,8.9
2022,Ontario,Persons in lone-parent families,,"Food insecure, moderate or severe",35,35.4
2022,Ontario,Persons in lone-parent families,,"Food insecure, moderate",35,17.0
2022,Ontario,Persons in lone-parent families,,"Food insecure, severe",35,18.3
2022,Ontario,Persons in male lone-parent families,,Food secure,35,74.1
2022,Ontario,Persons in male lone-parent families,,Food insecure,35,25.9
2022,Ontario,Persons in male lone-parent families,,"Food insecure, marginal",35,
2022,Ontario,Persons in male lone-parent families,,"Food insecure, moderate or severe",35,23.5
2022,Ontario,Persons in male lone-parent families,,"Food insecure, moderate",35,15.4
2022,Ontario,Persons in male lone-parent families,,"Food insecure, severe",35,
2022,Ontario,Persons in female lone-parent families,,Food secure,35,52.2
2022,Ontario,Persons in female lone-parent families,,Food insecure,35,47.8
2022,Ontario,Persons in female lone-parent families,,"Food insecure, marginal",35,10.1
2022,Ontario,Persons in female lone-parent families,,"Food insecure, moderate or severe",35,37.6
2022,Ontario,Persons in female lone-parent families,,"Food insecure, moderate",35,17.4
2022,Ontario,Persons in female lone-parent families,,"Food insecure, severe",35,20.3
2022,Ontario,Persons in other non-elderly families,,Food secure,35,70.8
2022,Ontario,Persons in other non-elderly families,,Food insecure,35,29.2
2022,Ontario,Persons in other non-elderly families,,"Food insecure, marginal",35,6.2
2022,Ontario,Persons in other non-elderly families,,"Food insecure, moderate or severe",35,23.0
2022,Ontario,Persons in other non-elderly families,,"Food insecure, moderate",35,13.0
2022,Ontario,Persons in other non-elderly families,,"Food insecure, severe",35,9.9
2022,Ontario,Persons not in an economic family,,Food secure,35,73.1
2022,Ontario,Persons not in an economic family,,Food insecure,35,26.9
2022,Ontario,Persons not in an economic family,,"Food insecure, marginal",35,4.5
2022,Ontario,Persons not in an economic family,,"Food insecure, moderate or severe",35,22.4
2022,Ontario,Persons not in an economic family,,"Food insecure, moderate",35,11.7
2022,Ontario,Persons not in an economic family,,"Food insecure, severe",35,10.7
2022,Ontario,Elderly persons not in an economic family,,Food secure,35,86.2
2022,Ontario,Elderly persons not in an economic family,,Food insecure,35,13.8
2022,Ontario,Elderly persons not in an economic family,,"Food insecure, marginal",35,3.1
2022,Ontario,Elderly persons not in an economic family,,"Food insecure, moderate or severe",35,10.7
2022,Ontario,Elderly persons not in an economic family,,"Food insecure, moderate",35,7.3
2022,Ontario,Elderly persons not in an economic family,,"Food insecure, severe",35,3.4
2022,Ontario,Elderly males not in an economic family,,Food secure,35,84.7
2022,Ontario,Elderly males not in an economic family,,Food insecure,35,15.3
2022,Ontario,Elderly males not in an economic family,,"Food insecure, marginal",35,3.7
2022,Ontario,Elderly males not in an economic family,,"Food insecure, moderate or severe",35,11.6
2022,Ontario,Elderly males not in an economic family,,"Food insecure, moderate",35,7.9
2022,Ontario,Elderly males not in an economic family,,"Food insecure, severe",35,3.7
2022,Ontario,Elderly females not in an economic family,,Food secure,35,86.9
2022,Ontario,Elderly females not in an economic family,,Food insecure,35,13.1
2022,Ontario,Elderly females not in an economic family,,"Food insecure, marginal",35,2.9
2022,Ontario,Elderly females not in an economic family,,"Food insecure, moderate or severe",35,10.2
2022,Ontario,Elderly females not in an economic family,,"Food insecure, moderate",35,7.0
2022,Ontario,Elderly females not in an economic family,,"Food insecure, severe",35,3.2
2022,Ontario,Non-elderly persons not in an economic family,,Food secure,35,67.6
2022,Ontario,Non-elderly persons not in an economic family,,Food insecure,35,32.4
2022,Ontario,Non-elderly persons not in an economic family,,"Food insecure, marginal",35,5.1
2022,Ontario,Non-elderly persons not in an economic family,,"Food insecure, moderate or severe",35,27.3
2022,Ontario,Non-elderly persons not in an economic family,,"Food insecure, moderate",35,13.5
2022,Ontario,Non-elderly persons not in an economic family,,"Food insecure, severe",35,13.8
2022,Ontario,Non-elderly males not in an economic family,,Food secure,35,68.4
2022,Ontario,Non-elderly males not in an economic family,,Food insecure,35,31.6
2022,Ontario,Non-elderly males not in an economic family,,"Food insecure, marginal",35,4.9
2022,Ontario,Non-elderly males not in an economic family,,"Food insecure, moderate or severe",35,26.6
2022,Ontario,Non-elderly males not in an economic family,,"Food insecure, moderate",35,12.8
2022,Ontario,Non-elderly males not in an economic family,,"Food insecure, severe",35,13.9
2022,Ontario,Non-elderly females not in an economic family,,Food secure,35,66.7
2022,Ontario,Non-elderly females not in an economic family,,Food insecure,35,33.3
2022,Ontario,Non-elderly females not in an economic family,,"Food insecure, marginal",35,5.2
2022,Ontario,Non-elderly females not in an economic family,,"Food insecure, moderate or severe",35,28.1
2022,Ontario,Non-elderly females not in an economic family,,"Food insecure, moderate",35,14.4
2022,Ontario,Non-elderly females not in an economic family,,"Food insecure, severe",35,13.7
2022,Prairie provinces,All persons,,Food secure,,72.6
2022,Prairie provinces,All persons,,Food insecure,,27.4
2022,Prairie provinces,All persons,,"Food insecure, marginal",,7.2
2022,Prairie provinces,All persons,,"Food insecure, moderate or severe",,20.2
2022,Prairie provinces,All persons,,"Food insecure, moderate",,12.4
2022,Prairie provinces,All persons,,"Food insecure, severe",,7.8
2022,Prairie provinces,Persons in economic families,,Food secure,,73.4
2022,Prairie provinces,Persons in economic families,,Food insecure,,26.6
2022,Prairie provinces,Persons in economic families,,"Food insecure, marginal",,7.3
2022,Prairie provinces,Persons in economic families,,"Food insecure, moderate or severe",,19.3
2022,Prairie provinces,Persons in economic families,,"Food insecure, moderate",,12.5
2022,Prairie provinces,Persons in economic families,,"Food insecure, severe",,6.8
2022,Prairie provinces,Persons in elderly families,,Food secure,,87.8
2022,Prairie provinces,Persons in elderly families,,Food insecure,,12.2
2022,Prairie provinces,Persons in elderly families,,"Food insecure, marginal",,3.3
2022,Prairie provinces,Persons in elderly families,,"Food insecure, moderate or severe",,8.9
2022,Prairie provinces,Persons in elderly families,,"Food insecure, moderate",,6.9
2022,Prairie provinces,Persons in elderly families,,"Food insecure, severe",,2.0
2022,Prairie provinces,Persons in elderly couples,,Food secure,,90.6
2022,Prairie provinces,Persons in elderly couples,,Food insecure,,9.4
2022,Prairie provinces,Persons in elderly couples,,"Food insecure, marginal",,2.5
2022,Prairie provinces,Persons in elderly couples,,"Food insecure, moderate or severe",,6.8
2022,Prairie provinces,Persons in elderly couples,,"Food insecure, moderate",,4.7
2022,Prairie provinces,Persons in elderly couples,,"Food insecure, severe",,2.1
2022,Prairie provinces,Persons in other elderly families,,Food secure,,80.8
2022,Prairie provinces,Persons in other elderly families,,Food insecure,,19.2
2022,Prairie provinces,Persons in other elderly families,,"Food insecure, marginal",,
2022,Prairie provinces,Persons in other elderly families,,"Food insecure, moderate or severe",,13.9
2022,Prairie provinces,Persons in other elderly families,,"Food insecure, moderate",,12.1
2022,Prairie provinces,Persons in other elderly families,,"Food insecure, severe",,
2022,Prairie provinces,Persons in non-elderly families,,Food secure,,71.1
2022,Prairie provinces,Persons in non-elderly families,,Food insecure,,28.9
2022,Prairie provinces,Persons in non-elderly families,,"Food insecure, marginal",,8.0
2022,Prairie provinces,Persons in non-elderly families,,"Food insecure, moderate or severe",,21.0
2022,Prairie provinces,Persons in non-elderly families,,"Food insecure, moderate",,13.4
2022,Prairie provinces,Persons in non-elderly families,,"Food insecure, severe",,7.6
2022,Prairie provinces,Persons in couples,,Food secure,,76.3
2022,Prairie provinces,Persons in couples,,Food insecure,,23.7
2022,Prairie provinces,Persons in couples,,"Food insecure, marginal",,5.9
2022,Prairie provinces,Persons in couples,,"Food insecure, moderate or severe",,17.9
2022,Prairie provinces,Persons in couples,,"Food insecure, moderate",,11.0
2022,Prairie provinces,Persons in couples,,"Food insecure, severe",,6.9
2022,Prairie provinces,Persons in couple families with children,,Food secure,,71.8
2022,Prairie provinces,Persons in couple families with children,,Food insecure,,28.2
2022,Prairie provinces,Persons in couple families with children,,"Food insecure, marginal",,9.4
2022,Prairie provinces,Persons in couple families with children,,"Food insecure, moderate or severe",,18.8
2022,Prairie provinces,Persons in couple families with children,,"Food insecure, moderate",,13.6
2022,Prairie provinces,Persons in couple families with children,,"Food insecure, severe",,5.2
2022,Prairie provinces,Persons in couple families with other relatives,,Food secure,,78.0
2022,Prairie provinces,Persons in couple families with other relatives,,Food insecure,,22.0
2022,Prairie provinces,Persons in couple families with other relatives,,"Food insecure, marginal",,4.7
2022,Prairie provinces,Persons in couple families with other relatives,,"Food insecure, moderate or severe",,17.3
2022,Prairie provinces,Persons in couple families with other relatives,,"Food insecure, moderate",,9.5
2022,Prairie provinces,Persons in couple families with other relatives,,"Food insecure, severe",,
2022,Prairie provinces,Persons in lone-parent families,,Food secure,,49.0
2022,Prairie provinces,Persons in lone-parent families,,Food insecure,,51.0
2022,Prairie provinces,Persons in lone-parent families,,"Food insecure, marginal",,9.3
2022,Prairie provinces,Persons in lone-parent families,,"Food insecure, moderate or severe",,41.8
2022,Prairie provinces,Persons in lone-parent families,,"Food insecure, moderate",,22.2
2022,Prairie provinces,Persons in lone-parent families,,"Food insecure, severe",,19.6
2022,Prairie provinces,Persons in male lone-parent families,,Food secure,,58.1
2022,Prairie provinces,Persons in male lone-parent families,,Food insecure,,41.9
2022,Prairie provinces,Persons in male lone-parent families,,"Food insecure, marginal",,
2022,Prairie provinces,Persons in male lone-parent families,,"Food insecure, moderate or severe",,23.8
2022,Prairie provinces,Persons in male lone-parent families,,"Food insecure, moderate",,
2022,Prairie provinces,Persons in male lone-parent families,,"Food insecure, severe",,
2022,Prairie provinces,Persons in female lone-parent families,,Food secure,,46.2
2022,Prairie provinces,Persons in female lone-parent families,,Food insecure,,53.8
2022,Prairie provinces,Persons in female lone-parent families,,"Food insecure, marginal",,6.6
2022,Prairie provinces,Persons in female lone-parent families,,"Food insecure, moderate or severe",,47.3
2022,Prairie provinces,Persons in female lone-parent families,,"Food insecure, moderate",,25.3
2022,Prairie provinces,Persons in female lone-parent families,,"Food insecure, severe",,22.0
2022,Prairie provinces,Persons in other non-elderly families,,Food secure,,61.4
2022,Prairie provinces,Persons in other non-elderly families,,Food insecure,,38.6
2022,Prairie provinces,Persons in other non-elderly families,,"Food insecure, marginal",,6.9
2022,Prairie provinces,Persons in other non-elderly families,,"Food insecure, moderate or severe",,31.6
2022,Prairie provinces,Persons in other non-elderly families,,"Food insecure, moderate",,16.3
2022,Prairie provinces,Persons in other non-elderly families,,"Food insecure, severe",,15.3
2022,Prairie provinces,Persons not in an economic family,,Food secure,,67.8
2022,Prairie provinces,Persons not in an economic family,,Food insecure,,32.2
2022,Prairie provinces,Persons not in an economic family,,"Food insecure, marginal",,6.4
2022,Prairie provinces,Persons not in an economic family,,"Food insecure, moderate or severe",,25.7
2022,Prairie provinces,Persons not in an economic family,,"Food insecure, moderate",,12.2
2022,Prairie provinces,Persons not in an economic family,,"Food insecure, severe",,13.5
2022,Prairie provinces,Elderly persons not in an economic family,,Food secure,,85.9
2022,Prairie provinces,Elderly persons not in an economic family,,Food insecure,,14.1
2022,Prairie provinces,Elderly persons not in an economic family,,"Food insecure, marginal",,3.9
2022,Prairie provinces,Elderly persons not in an economic family,,"Food insecure, moderate or severe",,10.2
2022,Prairie provinces,Elderly persons not in an economic family,,"Food insecure, moderate",,6.2
2022,Prairie provinces,Elderly persons not in an economic family,,"Food insecure, severe",,3.9
2022,Prairie provinces,Elderly males not in an economic family,,Food secure,,86.5
2022,Prairie provinces,Elderly males not in an economic family,,Food insecure,,13.5
2022,Prairie provinces,Elderly males not in an economic family,,"Food insecure, marginal",,4.3
2022,Prairie provinces,Elderly males not in an economic family,,"Food insecure, moderate or severe",,9.1
2022,Prairie provinces,Elderly males not in an economic family,,"Food insecure, moderate",,5.1
2022,Prairie provinces,Elderly males not in an economic family,,"Food insecure, severe",,
2022,Prairie provinces,Elderly females not in an economic family,,Food secure,,85.6
2022,Prairie provinces,Elderly females not in an economic family,,Food insecure,,14.4
2022,Prairie provinces,Elderly females not in an economic family,,"Food insecure, marginal",,3.7
2022,Prairie provinces,Elderly females not in an economic family,,"Food insecure, moderate or severe",,10.7
2022,Prairie provinces,Elderly females not in an economic family,,"Food insecure, moderate",,6.7
2022,Prairie provinces,Elderly females not in an economic family,,"Food insecure, severe",,3.9
2022,Prairie provinces,Non-elderly persons not in an economic family,,Food secure,,62.1
2022,Prairie provinces,Non-elderly persons not in an economic family,,Food insecure,,37.9
2022,Prairie provinces,Non-elderly persons not in an economic family,,"Food insecure, marginal",,7.2
2022,Prairie provinces,Non-elderly persons not in an economic family,,"Food insecure, moderate or severe",,30.6
2022,Prairie provinces,Non-elderly persons not in an economic family,,"Food insecure, moderate",,14.1
2022,Prairie provinces,Non-elderly persons not in an economic family,,"Food insecure, severe",,16.5
2022,Prairie provinces,Non-elderly males not in an economic family,,Food secure,,61.2
2022,Prairie provinces,Non-elderly males not in an economic family,,Food insecure,,38.8
2022,Prairie provinces,Non-elderly males not in an economic family,,"Food insecure, marginal",,8.1
2022,Prairie provinces,Non-elderly males not in an economic family,,"Food insecure, moderate or severe",,30.7
2022,Prairie provinces,Non-elderly males not in an economic family,,"Food insecure, moderate",,12.9
2022,Prairie provinces,Non-elderly males not in an economic family,,"Food insecure, severe",,17.8
2022,Prairie provinces,Non-elderly females not in an economic family,,Food secure,,63.5
2022,Prairie provinces,Non-elderly females not in an economic family,,Food insecure,,36.5
2022,Prairie provinces,Non-elderly females not in an economic family,,"Food insecure, marginal",,6.0
2022,Prairie provinces,Non-elderly females not in an economic family,,"Food insecure, moderate or severe",,30.5
2022,Prairie provinces,Non-elderly females not in an economic family,,"Food insecure, moderate",,15.9
2022,Prairie provinces,Non-elderly females not in an economic family,,"Food insecure, severe",,14.6
2022,Manitoba,All persons,,Food secure,46,73.2
2022,Manitoba,All persons,,Food insecure,46,26.8
2022,Manitoba,All persons,,"Food insecure, marginal",46,7.3
2022,Manitoba,All persons,,"Food insecure, moderate or severe",46,19.5
2022,Manitoba,All persons,,"Food insecure, moderate",46,11.9
2022,Manitoba,All persons,,"Food insecure, severe",46,7.6
2022,Manitoba,Persons in economic families,,Food secure,46,73.8
2022,Manitoba,Persons in economic families,,Food insecure,46,26.2
2022,Manitoba,Persons in economic families,,"Food insecure, marginal",46,7.4
2022,Manitoba,Persons in economic families,,"Food insecure, moderate or severe",46,18.8
2022,Manitoba,Persons in economic families,,"Food insecure, moderate",46,11.7
2022,Manitoba,Persons in economic families,,"Food insecure, severe",46,7.1
2022,Manitoba,Persons in elderly families,,Food secure,46,88.1
2022,Manitoba,Persons in elderly families,,Food insecure,46,11.9
2022,Manitoba,Persons in elderly families,,"Food insecure, marginal",46,2.9
2022,Manitoba,Persons in elderly families,,"Food insecure, moderate or severe",46,9.0
2022,Manitoba,Persons in elderly families,,"Food insecure, moderate",46,7.0
2022,Manitoba,Persons in elderly families,,"Food insecure, severe",46,
2022,Manitoba,Persons in elderly couples,,Food secure,46,90.1
2022,Manitoba,Persons in elderly couples,,Food insecure,46,9.9
2022,Manitoba,Persons in elderly couples,,"Food insecure, marginal",46,3.6
2022,Manitoba,Persons in elderly couples,,"Food insecure, moderate or severe",46,6.3
2022,Manitoba,Persons in elderly couples,,"Food insecure, moderate",46,5.1
2022,Manitoba,Persons in elderly couples,,"Food insecure, severe",46,
2022,Manitoba,Persons in other elderly families,,Food secure,46,82.7
2022,Manitoba,Persons in other elderly families,,Food insecure,46,17.3
2022,Manitoba,Persons in other elderly families,,"Food insecure, marginal",46,
2022,Manitoba,Persons in other elderly families,,"Food insecure, moderate or severe",46,16.4
2022,Manitoba,Persons in other elderly families,,"Food insecure, moderate",46,
2022,Manitoba,Persons in other elderly families,,"Food insecure, severe",46,
2022,Manitoba,Persons in non-elderly families,,Food secure,46,71.2
2022,Manitoba,Persons in non-elderly families,,Food insecure,46,28.8
2022,Manitoba,Persons in non-elderly families,,"Food insecure, marginal",46,8.3
2022,Manitoba,Persons in non-elderly families,,"Food insecure, moderate or severe",46,20.6
2022,Manitoba,Persons in non-elderly families,,"Food insecure, moderate",46,12.6
2022,Manitoba,Persons in non-elderly families,,"Food insecure, severe",46,8.0
2022,Manitoba,Persons in couples,,Food secure,46,82.2
2022,Manitoba,Persons in couples,,Food insecure,46,17.8
2022,Manitoba,Persons in couples,,"Food insecure, marginal",46,5.2
2022,Manitoba,Persons in couples,,"Food insecure, moderate or severe",46,12.6
2022,Manitoba,Persons in couples,,"Food insecure, moderate",46,7.6
2022,Manitoba,Persons in couples,,"Food insecure, severe",46,5.0
2022,Manitoba,Persons in couple families with children,,Food secure,46,71.8
2022,Manitoba,Persons in couple families with children,,Food insecure,46,28.2
2022,Manitoba,Persons in couple families with children,,"Food insecure, marginal",46,9.5
2022,Manitoba,Persons in couple families with children,,"Food insecure, moderate or severe",46,18.7
2022,Manitoba,Persons in couple families with children,,"Food insecure, moderate",46,11.9
2022,Manitoba,Persons in couple families with children,,"Food insecure, severe",46,6.8
2022,Manitoba,Persons in couple families with other relatives,,Food secure,46,78.0
2022,Manitoba,Persons in couple families with other relatives,,Food insecure,46,22.0
2022,Manitoba,Persons in couple families with other relatives,,"Food insecure, marginal",46,7.2
2022,Manitoba,Persons in couple families with other relatives,,"Food insecure, moderate or severe",46,14.8
2022,Manitoba,Persons in couple families with other relatives,,"Food insecure, moderate",46,11.1
2022,Manitoba,Persons in couple families with other relatives,,"Food insecure, severe",46,
2022,Manitoba,Persons in lone-parent families,,Food secure,46,49.5
2022,Manitoba,Persons in lone-parent families,,Food insecure,46,50.5
2022,Manitoba,Persons in lone-parent families,,"Food insecure, marginal",46,
2022,Manitoba,Persons in lone-parent families,,"Food insecure, moderate or severe",46,40.5
2022,Manitoba,Persons in lone-parent families,,"Food insecure, moderate",46,22.2
2022,Manitoba,Persons in lone-parent families,,"Food insecure, severe",46,18.2
2022,Manitoba,Persons in male lone-parent families,,Food secure,46,61.9
2022,Manitoba,Persons in male lone-parent families,,Food insecure,46,
2022,Manitoba,Persons in male lone-parent families,,"Food insecure, marginal",46,
2022,Manitoba,Persons in male lone-parent families,,"Food insecure, moderate or severe",46,
2022,Manitoba,Persons in male lone-parent families,,"Food insecure, moderate",46,
2022,Manitoba,Persons in male lone-parent families,,"Food insecure, severe",46,
2022,Manitoba,Persons in female lone-parent families,,Food secure,46,45.9
2022,Manitoba,Persons in female lone-parent families,,Food insecure,46,54.1
2022,Manitoba,Persons in female lone-parent families,,"Food insecure, marginal",46,
2022,Manitoba,Persons in female lone-parent families,,"Food insecure, moderate or severe",46,46.9
2022,Manitoba,Persons in female lone-parent families,,"Food insecure, moderate",46,25.3
2022,Manitoba,Persons in female lone-parent families,,"Food insecure, severe",46,21.6
2022,Manitoba,Persons in other non-elderly families,,Food secure,46,59.9
2022,Manitoba,Persons in other non-elderly families,,Food insecure,46,40.1
2022,Manitoba,Persons in other non-elderly families,,"Food insecure, marginal",46,5.8
2022,Manitoba,Persons in other non-elderly families,,"Food insecure, moderate or severe",46,34.3
2022,Manitoba,Persons in other non-elderly families,,"Food insecure, moderate",46,17.2
2022,Manitoba,Persons in other non-elderly families,,"Food insecure, severe",46,17.1
2022,Manitoba,Persons not in an economic family,,Food secure,46,70.0
2022,Manitoba,Persons not in an economic family,,Food insecure,46,30.0
2022,Manitoba,Persons not in an economic family,,"Food insecure, marginal",46,6.8
2022,Manitoba,Persons not in an economic family,,"Food insecure, moderate or severe",46,23.2
2022,Manitoba,Persons not in an economic family,,"Food insecure, moderate",46,12.8
2022,Manitoba,Persons not in an economic family,,"Food insecure, severe",46,10.4
2022,Manitoba,Elderly persons not in an economic family,,Food secure,46,84.2
2022,Manitoba,Elderly persons not in an economic family,,Food insecure,46,15.8
2022,Manitoba,Elderly persons not in an economic family,,"Food insecure, marginal",46,5.9
2022,Manitoba,Elderly persons not in an economic family,,"Food insecure, moderate or severe",46,10.0
2022,Manitoba,Elderly persons not in an economic family,,"Food insecure, moderate",46,7.1
2022,Manitoba,Elderly persons not in an economic family,,"Food insecure, severe",46,
2022,Manitoba,Elderly males not in an economic family,,Food secure,46,80.0
2022,Manitoba,Elderly males not in an economic family,,Food insecure,46,20.0
2022,Manitoba,Elderly males not in an economic family,,"Food insecure, marginal",46,
2022,Manitoba,Elderly males not in an economic family,,"Food insecure, moderate or severe",46,13.3
2022,Manitoba,Elderly males not in an economic family,,"Food insecure, moderate",46,
2022,Manitoba,Elderly males not in an economic family,,"Food insecure, severe",46,
2022,Manitoba,Elderly females not in an economic family,,Food secure,46,86.1
2022,Manitoba,Elderly females not in an economic family,,Food insecure,46,13.9
2022,Manitoba,Elderly females not in an economic family,,"Food insecure, marginal",46,5.4
2022,Manitoba,Elderly females not in an economic family,,"Food insecure, moderate or severe",46,8.5
2022,Manitoba,Elderly females not in an economic family,,"Food insecure, moderate",46,7.1
2022,Manitoba,Elderly females not in an economic family,,"Food insecure, severe",46,
2022,Manitoba,Non-elderly persons not in an economic family,,Food secure,46,63.7
2022,Manitoba,Non-elderly persons not in an economic family,,Food insecure,46,36.3
2022,Manitoba,Non-elderly persons not in an economic family,,"Food insecure, marginal",46,7.3
2022,Manitoba,Non-elderly persons not in an economic family,,"Food insecure, moderate or severe",46,29.1
2022,Manitoba,Non-elderly persons not in an economic family,,"Food insecure, moderate",46,15.4
2022,Manitoba,Non-elderly persons not in an economic family,,"Food insecure, severe",46,13.7
2022,Manitoba,Non-elderly males not in an economic family,,Food secure,46,59.3
2022,Manitoba,Non-elderly males not in an economic family,,Food insecure,46,40.7
2022,Manitoba,Non-elderly males not in an economic family,,"Food insecure, marginal",46,7.8
2022,Manitoba,Non-elderly males not in an economic family,,"Food insecure, moderate or severe",46,32.9
2022,Manitoba,Non-elderly males not in an economic family,,"Food insecure, moderate",46,18.0
2022,Manitoba,Non-elderly males not in an economic family,,"Food insecure, severe",46,14.9
2022,Manitoba,Non-elderly females not in an economic family,,Food secure,46,69.6
2022,Manitoba,Non-elderly females not in an economic family,,Food insecure,46,30.4
2022,Manitoba,Non-elderly females not in an economic family,,"Food insecure, marginal",46,6.5
2022,Manitoba,Non-elderly females not in an economic family,,"Food insecure, moderate or severe",46,23.9
2022,Manitoba,Non-elderly females not in an economic family,,"Food insecure, moderate",46,11.8
2022,Manitoba,Non-elderly females not in an economic family,,"Food insecure, severe",46,12.1
2022,Saskatchewan,All persons,,Food secure,47,72.0
2022,Saskatchewan,All persons,,Food insecure,47,28.0
2022,Saskatchewan,All persons,,"Food insecure, marginal",47,7.7
2022,Saskatchewan,All persons,,"Food insecure, moderate or severe",47,20.2
2022,Saskatchewan,All persons,,"Food insecure, moderate",47,13.2
2022,Saskatchewan,All persons,,"Food insecure, severe",47,7.1
2022,Saskatchewan,Persons in economic families,,Food secure,47,71.7
2022,Saskatchewan,Persons in economic families,,Food insecure,47,28.3
2022,Saskatchewan,Persons in economic families,,"Food insecure, marginal",47,8.0
2022,Saskatchewan,Persons in economic families,,"Food insecure, moderate or severe",47,20.3
2022,Saskatchewan,Persons in economic families,,"Food insecure, moderate",47,14.1
2022,Saskatchewan,Persons in economic families,,"Food insecure, severe",47,6.2
2022,Saskatchewan,Persons in elderly families,,Food secure,47,87.9
2022,Saskatchewan,Persons in elderly families,,Food insecure,47,12.1
2022,Saskatchewan,Persons in elderly families,,"Food insecure, marginal",47,
2022,Saskatchewan,Persons in elderly families,,"Food insecure, moderate or severe",47,7.8
2022,Saskatchewan,Persons in elderly families,,"Food insecure, moderate",47,6.3
2022,Saskatchewan,Persons in elderly families,,"Food insecure, severe",47,
2022,Saskatchewan,Persons in elderly couples,,Food secure,47,92.0
2022,Saskatchewan,Persons in elderly couples,,Food insecure,47,8.0
2022,Saskatchewan,Persons in elderly couples,,"Food insecure, marginal",47,
2022,Saskatchewan,Persons in elderly couples,,"Food insecure, moderate or severe",47,6.4
2022,Saskatchewan,Persons in elderly couples,,"Food insecure, moderate",47,4.3
2022,Saskatchewan,Persons in elderly couples,,"Food insecure, severe",47,
2022,Saskatchewan,Persons in other elderly families,,Food secure,47,73.0
2022,Saskatchewan,Persons in other elderly families,,Food insecure,47,27.0
2022,Saskatchewan,Persons in other elderly families,,"Food insecure, marginal",47,
2022,Saskatchewan,Persons in other elderly families,,"Food insecure, moderate or severe",47,
2022,Saskatchewan,Persons in other elderly families,,"Food insecure, moderate",47,
2022,Saskatchewan,Persons in other elderly families,,"Food insecure, severe",47,
2022,Saskatchewan,Persons in non-elderly families,,Food secure,47,68.7
2022,Saskatchewan,Persons in non-elderly families,,Food insecure,47,31.3
2022,Saskatchewan,Persons in non-elderly families,,"Food insecure, marginal",47,8.7
2022,Saskatchewan,Persons in non-elderly families,,"Food insecure, moderate or severe",47,22.6
2022,Saskatchewan,Persons in non-elderly families,,"Food insecure, moderate",47,15.5
2022,Saskatchewan,Persons in non-elderly families,,"Food insecure, severe",47,7.1
2022,Saskatchewan,Persons in couples,,Food secure,47,77.4
2022,Saskatchewan,Persons in couples,,Food insecure,47,22.6
2022,Saskatchewan,Persons in couples,,"Food insecure, marginal",47,3.6
2022,Saskatchewan,Persons in couples,,"Food insecure, moderate or severe",47,18.9
2022,Saskatchewan,Persons in couples,,"Food insecure, moderate",47,11.9
2022,Saskatchewan,Persons in couples,,"Food insecure, severe",47,7.0
2022,Saskatchewan,Persons in couple families with children,,Food secure,47,69.2
2022,Saskatchewan,Persons in couple families with children,,Food insecure,47,30.8
2022,Saskatchewan,Persons in couple families with children,,"Food insecure, marginal",47,10.2
2022,Saskatchewan,Persons in couple families with children,,"Food insecure, moderate or severe",47,20.7
2022,Saskatchewan,Persons in couple families with children,,"Food insecure, moderate",47,15.5
2022,Saskatchewan,Persons in couple families with children,,"Food insecure, severe",47,5.2
2022,Saskatchewan,Persons in couple families with other relatives,,Food secure,47,75.1
2022,Saskatchewan,Persons in couple families with other relatives,,Food insecure,47,24.9
2022,Saskatchewan,Persons in couple families with other relatives,,"Food insecure, marginal",47,
2022,Saskatchewan,Persons in couple families with other relatives,,"Food insecure, moderate or severe",47,18.2
2022,Saskatchewan,Persons in couple families with other relatives,,"Food insecure, moderate",47,15.4
2022,Saskatchewan,Persons in couple families with other relatives,,"Food insecure, severe",47,
2022,Saskatchewan,Persons in lone-parent families,,Food secure,47,48.8
2022,Saskatchewan,Persons in lone-parent families,,Food insecure,47,51.2
2022,Saskatchewan,Persons in lone-parent families,,"Food insecure, marginal",47,
2022,Saskatchewan,Persons in lone-parent families,,"Food insecure, moderate or severe",47,40.8
2022,Saskatchewan,Persons in lone-parent families,,"Food insecure, moderate",47,22.5
2022,Saskatchewan,Persons in lone-parent families,,"Food insecure, severe",47,18.2
2022,Saskatchewan,Persons in male lone-parent families,,Food secure,47,45.6
2022,Saskatchewan,Persons in male lone-parent families,,Food insecure,47,54.4
2022,Saskatchewan,Persons in male lone-parent families,,"Food insecure, marginal",47,
2022,Saskatchewan,Persons in male lone-parent families,,"Food insecure, moderate or severe",47,
2022,Saskatchewan,Persons in male lone-parent families,,"Food insecure, moderate",47,
2022,Saskatchewan,Persons in male lone-parent families,,"Food insecure, severe",47,
2022,Saskatchewan,Persons in female lone-parent families,,Food secure,47,49.9
2022,Saskatchewan,Persons in female lone-parent families,,Food insecure,47,50.1
2022,Saskatchewan,Persons in female lone-parent families,,"Food insecure, marginal",47,
2022,Saskatchewan,Persons in female lone-parent families,,"Food insecure, moderate or severe",47,42.4
2022,Saskatchewan,Persons in female lone-parent families,,"Food insecure, moderate",47,20.5
2022,Saskatchewan,Persons in female lone-parent families,,"Food insecure, severe",47,21.9
2022,Saskatchewan,Persons in other non-elderly families,,Food secure,47,61.3
2022,Saskatchewan,Persons in other non-elderly families,,Food insecure,47,38.7
2022,Saskatchewan,Persons in other non-elderly families,,"Food insecure, marginal",47,8.9
2022,Saskatchewan,Persons in other non-elderly families,,"Food insecure, moderate or severe",47,29.8
2022,Saskatchewan,Persons in other non-elderly families,,"Food insecure, moderate",47,14.5
2022,Saskatchewan,Persons in other non-elderly families,,"Food insecure, severe",47,
2022,Saskatchewan,Persons not in an economic family,,Food secure,47,74.0
2022,Saskatchewan,Persons not in an economic family,,Food insecure,47,26.0
2022,Saskatchewan,Persons not in an economic family,,"Food insecure, marginal",47,6.1
2022,Saskatchewan,Persons not in an economic family,,"Food insecure, moderate or severe",47,19.9
2022,Saskatchewan,Persons not in an economic family,,"Food insecure, moderate",47,8.3
2022,Saskatchewan,Persons not in an economic family,,"Food insecure, severe",47,11.6
2022,Saskatchewan,Elderly persons not in an economic family,,Food secure,47,88.0
2022,Saskatchewan,Elderly persons not in an economic family,,Food insecure,47,12.0
2022,Saskatchewan,Elderly persons not in an economic family,,"Food insecure, marginal",47,4.5
2022,Saskatchewan,Elderly persons not in an economic family,,"Food insecure, moderate or severe",47,7.5
2022,Saskatchewan,Elderly persons not in an economic family,,"Food insecure, moderate",47,5.0
2022,Saskatchewan,Elderly persons not in an economic family,,"Food insecure, severe",47,
2022,Saskatchewan,Elderly males not in an economic family,,Food secure,47,84.3
2022,Saskatchewan,Elderly males not in an economic family,,Food insecure,47,15.7
2022,Saskatchewan,Elderly males not in an economic family,,"Food insecure, marginal",47,
2022,Saskatchewan,Elderly males not in an economic family,,"Food insecure, moderate or severe",47,11.8
2022,Saskatchewan,Elderly males not in an economic family,,"Food insecure, moderate",47,
2022,Saskatchewan,Elderly males not in an economic family,,"Food insecure, severe",47,
2022,Saskatchewan,Elderly females not in an economic family,,Food secure,47,89.7
2022,Saskatchewan,Elderly females not in an economic family,,Food insecure,47,10.3
2022,Saskatchewan,Elderly females not in an economic family,,"Food insecure, marginal",47,4.7
2022,Saskatchewan,Elderly females not in an economic family,,"Food insecure, moderate or severe",47,5.6
2022,Saskatchewan,Elderly females not in an economic family,,"Food insecure, moderate",47,
2022,Saskatchewan,Elderly females not in an economic family,,"Food insecure, severe",47,
2022,Saskatchewan,Non-elderly persons not in an economic family,,Food secure,47,68.0
2022,Saskatchewan,Non-elderly persons not in an economic family,,Food insecure,47,32.0
2022,Saskatchewan,Non-elderly persons not in an economic family,,"Food insecure, marginal",47,6.7
2022,Saskatchewan,Non-elderly persons not in an economic family,,"Food insecure, moderate or severe",47,25.3
2022,Saskatchewan,Non-elderly persons not in an economic family,,"Food insecure, moderate",47,9.7
2022,Saskatchewan,Non-elderly persons not in an economic family,,"Food insecure, severe",47,15.6
2022,Saskatchewan,Non-elderly males not in an economic family,,Food secure,47,70.2
2022,Saskatchewan,Non-elderly males not in an economic family,,Food insecure,47,29.8
2022,Saskatchewan,Non-elderly males not in an economic family,,"Food insecure, marginal",47,6.9
2022,Saskatchewan,Non-elderly males not in an economic family,,"Food insecure, moderate or severe",47,22.9
2022,Saskatchewan,Non-elderly males not in an economic family,,"Food insecure, moderate",47,7.9
2022,Saskatchewan,Non-elderly males not in an economic family,,"Food insecure, severe",47,15.0
2022,Saskatchewan,Non-elderly females not in an economic family,,Food secure,47,64.8
2022,Saskatchewan,Non-elderly females not in an economic family,,Food insecure,47,35.2
2022,Saskatchewan,Non-elderly females not in an economic family,,"Food insecure, marginal",47,6.5
2022,Saskatchewan,Non-elderly females not in an economic family,,"Food insecure, moderate or severe",47,28.7
2022,Saskatchewan,Non-elderly females not in an economic family,,"Food insecure, moderate",47,12.3
2022,Saskatchewan,Non-elderly females not in an economic family,,"Food insecure, severe",47,16.4
2022,Alberta,All persons,,Food secure,48,72.6
2022,Alberta,All persons,,Food insecure,48,27.4
2022,Alberta,All persons,,"Food insecure, marginal",48,7.0
2022,Alberta,All persons,,"Food insecure, moderate or severe",48,20.4
2022,Alberta,All persons,,"Food insecure, moderate",48,12.4
2022,Alberta,All persons,,"Food insecure, severe",48,8.0
2022,Alberta,Persons in economic families,,Food secure,48,73.7
2022,Alberta,Persons in economic families,,Food insecure,48,26.3
2022,Alberta,Persons in economic families,,"Food insecure, marginal",48,7.1
2022,Alberta,Persons in economic families,,"Food insecure, moderate or severe",48,19.2
2022,Alberta,Persons in economic families,,"Food insecure, moderate",48,12.3
2022,Alberta,Persons in economic families,,"Food insecure, severe",48,6.9
2022,Alberta,Persons in elderly families,,Food secure,48,87.6
2022,Alberta,Persons in elderly families,,Food insecure,48,12.4
2022,Alberta,Persons in elderly families,,"Food insecure, marginal",48,
2022,Alberta,Persons in elderly families,,"Food insecure, moderate or severe",48,9.2
2022,Alberta,Persons in elderly families,,"Food insecure, moderate",48,7.0
2022,Alberta,Persons in elderly families,,"Food insecure, severe",48,
2022,Alberta,Persons in elderly couples,,Food secure,48,90.4
2022,Alberta,Persons in elderly couples,,Food insecure,48,9.6
2022,Alberta,Persons in elderly couples,,"Food insecure, marginal",48,
2022,Alberta,Persons in elderly couples,,"Food insecure, moderate or severe",48,7.2
2022,Alberta,Persons in elderly couples,,"Food insecure, moderate",48,4.7
2022,Alberta,Persons in elderly couples,,"Food insecure, severe",48,
2022,Alberta,Persons in other elderly families,,Food secure,48,81.8
2022,Alberta,Persons in other elderly families,,Food insecure,48,18.2
2022,Alberta,Persons in other elderly families,,"Food insecure, marginal",48,
2022,Alberta,Persons in other elderly families,,"Food insecure, moderate or severe",48,
2022,Alberta,Persons in other elderly families,,"Food insecure, moderate",48,
2022,Alberta,Persons in other elderly families,,"Food insecure, severe",48,
2022,Alberta,Persons in non-elderly families,,Food secure,48,71.6
2022,Alberta,Persons in non-elderly families,,Food insecure,48,28.4
2022,Alberta,Persons in non-elderly families,,"Food insecure, marginal",48,7.7
2022,Alberta,Persons in non-elderly families,,"Food insecure, moderate or severe",48,20.7
2022,Alberta,Persons in non-elderly families,,"Food insecure, moderate",48,13.1
2022,Alberta,Persons in non-elderly families,,"Food insecure, severe",48,7.6
2022,Alberta,Persons in couples,,Food secure,48,74.2
2022,Alberta,Persons in couples,,Food insecure,48,25.8
2022,Alberta,Persons in couples,,"Food insecure, marginal",48,6.6
2022,Alberta,Persons in couples,,"Food insecure, moderate or severe",48,19.2
2022,Alberta,Persons in couples,,"Food insecure, moderate",48,11.8
2022,Alberta,Persons in couples,,"Food insecure, severe",48,7.4
2022,Alberta,Persons in couple families with children,,Food secure,48,72.5
2022,Alberta,Persons in couple families with children,,Food insecure,48,27.5
2022,Alberta,Persons in couple families with children,,"Food insecure, marginal",48,9.2
2022,Alberta,Persons in couple families with children,,"Food insecure, moderate or severe",48,18.3
2022,Alberta,Persons in couple families with children,,"Food insecure, moderate",48,13.6
2022,Alberta,Persons in couple families with children,,"Food insecure, severe",48,4.7
2022,Alberta,Persons in couple families with other relatives,,Food secure,48,78.4
2022,Alberta,Persons in couple families with other relatives,,Food insecure,48,21.6
2022,Alberta,Persons in couple families with other relatives,,"Food insecure, marginal",48,
2022,Alberta,Persons in couple families with other relatives,,"Food insecure, moderate or severe",48,17.7
2022,Alberta,Persons in couple families with other relatives,,"Food insecure, moderate",48,
2022,Alberta,Persons in couple families with other relatives,,"Food insecure, severe",48,
2022,Alberta,Persons in lone-parent families,,Food secure,48,48.8
2022,Alberta,Persons in lone-parent families,,Food insecure,48,51.2
2022,Alberta,Persons in lone-parent families,,"Food insecure, marginal",48,
2022,Alberta,Persons in lone-parent families,,"Food insecure, moderate or severe",48,42.7
2022,Alberta,Persons in lone-parent families,,"Food insecure, moderate",48,22.0
2022,Alberta,Persons in lone-parent families,,"Food insecure, severe",48,20.7
2022,Alberta,Persons in male lone-parent families,,Food secure,48,61.8
2022,Alberta,Persons in male lone-parent families,,Food insecure,48,
2022,Alberta,Persons in male lone-parent families,,"Food insecure, marginal",48,
2022,Alberta,Persons in male lone-parent families,,"Food insecure, moderate or severe",48,
2022,Alberta,Persons in male lone-parent families,,"Food insecure, moderate",48,
2022,Alberta,Persons in male lone-parent families,,"Food insecure, severe",48,
2022,Alberta,Persons in female lone-parent families,,Food secure,48,44.9
2022,Alberta,Persons in female lone-parent families,,Food insecure,48,55.1
2022,Alberta,Persons in female lone-parent families,,"Food insecure, marginal",48,
2022,Alberta,Persons in female lone-parent families,,"Food insecure, moderate or severe",48,49.2
2022,Alberta,Persons in female lone-parent families,,"Food insecure, moderate",48,27.1
2022,Alberta,Persons in female lone-parent families,,"Food insecure, severe",48,22.2
2022,Alberta,Persons in other non-elderly families,,Food secure,48,61.9
2022,Alberta,Persons in other non-elderly families,,Food insecure,48,38.1
2022,Alberta,Persons in other non-elderly families,,"Food insecure, marginal",48,6.9
2022,Alberta,Persons in other non-elderly families,,"Food insecure, moderate or severe",48,31.2
2022,Alberta,Persons in other non-elderly families,,"Food insecure, moderate",48,16.4
2022,Alberta,Persons in other non-elderly families,,"Food insecure, severe",48,14.7
2022,Alberta,Persons not in an economic family,,Food secure,48,65.4
2022,Alberta,Persons not in an economic family,,Food insecure,48,34.6
2022,Alberta,Persons not in an economic family,,"Food insecure, marginal",48,6.4
2022,Alberta,Persons not in an economic family,,"Food insecure, moderate or severe",48,28.2
2022,Alberta,Persons not in an economic family,,"Food insecure, moderate",48,13.2
2022,Alberta,Persons not in an economic family,,"Food insecure, severe",48,15.0
2022,Alberta,Elderly persons not in an economic family,,Food secure,48,85.9
2022,Alberta,Elderly persons not in an economic family,,Food insecure,48,14.1
2022,Alberta,Elderly persons not in an economic family,,"Food insecure, marginal",48,2.8
2022,Alberta,Elderly persons not in an economic family,,"Food insecure, moderate or severe",48,11.4
2022,Alberta,Elderly persons not in an economic family,,"Food insecure, moderate",48,6.3
2022,Alberta,Elderly persons not in an economic family,,"Food insecure, severe",48,5.1
2022,Alberta,Elderly males not in an economic family,,Food secure,48,90.4
2022,Alberta,Elderly males not in an economic family,,Food insecure,48,9.6
2022,Alberta,Elderly males not in an economic family,,"Food insecure, marginal",48,
2022,Alberta,Elderly males not in an economic family,,"Food insecure, moderate or severe",48,
2022,Alberta,Elderly males not in an economic family,,"Food insecure, moderate",48,
2022,Alberta,Elderly males not in an economic family,,"Food insecure, severe",48,
2022,Alberta,Elderly females not in an economic family,,Food secure,48,83.6
2022,Alberta,Elderly females not in an economic family,,Food insecure,48,16.4
2022,Alberta,Elderly females not in an economic family,,"Food insecure, marginal",48,
2022,Alberta,Elderly females not in an economic family,,"Food insecure, moderate or severe",48,14.0
2022,Alberta,Elderly females not in an economic family,,"Food insecure, moderate",48,7.9
2022,Alberta,Elderly females not in an economic family,,"Food insecure, severe",48,6.1
2022,Alberta,Non-elderly persons not in an economic family,,Food secure,48,60.3
2022,Alberta,Non-elderly persons not in an economic family,,Food insecure,48,39.7
2022,Alberta,Non-elderly persons not in an economic family,,"Food insecure, marginal",48,7.4
2022,Alberta,Non-elderly persons not in an economic family,,"Food insecure, moderate or severe",48,32.4
2022,Alberta,Non-elderly persons not in an economic family,,"Food insecure, moderate",48,14.9
2022,Alberta,Non-elderly persons not in an economic family,,"Food insecure, severe",48,17.5
2022,Alberta,Non-elderly males not in an economic family,,Food secure,48,59.5
2022,Alberta,Non-elderly males not in an economic family,,Food insecure,48,40.5
2022,Alberta,Non-elderly males not in an economic family,,"Food insecure, marginal",48,
2022,Alberta,Non-elderly males not in an economic family,,"Food insecure, moderate or severe",48,32.1
2022,Alberta,Non-elderly males not in an economic family,,"Food insecure, moderate",48,12.8
2022,Alberta,Non-elderly males not in an economic family,,"Food insecure, severe",48,19.3
2022,Alberta,Non-elderly females not in an economic family,,Food secure,48,61.4
2022,Alberta,Non-elderly females not in an economic family,,Food insecure,48,38.6
2022,Alberta,Non-elderly females not in an economic family,,"Food insecure, marginal",48,5.8
2022,Alberta,Non-elderly females not in an economic family,,"Food insecure, moderate or severe",48,32.8
2022,Alberta,Non-elderly females not in an economic family,,"Food insecure, moderate",48,17.9
2022,Alberta,Non-elderly females not in an economic family,,"Food insecure, severe",48,14.9
2022,British Columbia,All persons,,Food secure,59,78.2
2022,British Columbia,All persons,,Food insecure,59,21.8
2022,British Columbia,All persons,,"Food insecure, marginal",59,6.2
2022,British Columbia,All persons,,"Food insecure, moderate or severe",59,15.6
2022,British Columbia,All persons,,"Food insecure, moderate",59,9.8
2022,British Columbia,All persons,,"Food insecure, severe",59,5.8
2022,British Columbia,Persons in economic families,,Food secure,59,78.6
2022,British Columbia,Persons in economic families,,Food insecure,59,21.4
2022,British Columbia,Persons in economic families,,"Food insecure, marginal",59,6.5
2022,British Columbia,Persons in economic families,,"Food insecure, moderate or severe",59,14.9
2022,British Columbia,Persons in economic families,,"Food insecure, moderate",59,9.9
2022,British Columbia,Persons in economic families,,"Food insecure, severe",59,5.0
2022,British Columbia,Persons in elderly families,,Food secure,59,88.9
2022,British Columbia,Persons in elderly families,,Food insecure,59,11.1
2022,British Columbia,Persons in elderly families,,"Food insecure, marginal",59,3.9
2022,British Columbia,Persons in elderly families,,"Food insecure, moderate or severe",59,7.3
2022,British Columbia,Persons in elderly families,,"Food insecure, moderate",59,3.4
2022,British Columbia,Persons in elderly families,,"Food insecure, severe",59,3.8
2022,British Columbia,Persons in elderly couples,,Food secure,59,91.9
2022,British Columbia,Persons in elderly couples,,Food insecure,59,8.1
2022,British Columbia,Persons in elderly couples,,"Food insecure, marginal",59,3.5
2022,British Columbia,Persons in elderly couples,,"Food insecure, moderate or severe",59,4.7
2022,British Columbia,Persons in elderly couples,,"Food insecure, moderate",59,3.0
2022,British Columbia,Persons in elderly couples,,"Food insecure, severe",59,
2022,British Columbia,Persons in other elderly families,,Food secure,59,82.2
2022,British Columbia,Persons in other elderly families,,Food insecure,59,17.8
2022,British Columbia,Persons in other elderly families,,"Food insecure, marginal",59,
2022,British Columbia,Persons in other elderly families,,"Food insecure, moderate or severe",59,13.1
2022,British Columbia,Persons in other elderly families,,"Food insecure, moderate",59,
2022,British Columbia,Persons in other elderly families,,"Food insecure, severe",59,
2022,British Columbia,Persons in non-elderly families,,Food secure,59,76.3
2022,British Columbia,Persons in non-elderly families,,Food insecure,59,23.7
2022,British Columbia,Persons in non-elderly families,,"Food insecure, marginal",59,7.1
2022,British Columbia,Persons in non-elderly families,,"Food insecure, moderate or severe",59,16.6
2022,British Columbia,Persons in non-elderly families,,"Food insecure, moderate",59,11.3
2022,British Columbia,Persons in non-elderly families,,"Food insecure, severe",59,5.2
2022,British Columbia,Persons in couples,,Food secure,59,85.1
2022,British Columbia,Persons in couples,,Food insecure,59,14.9
2022,British Columbia,Persons in couples,,"Food insecure, marginal",59,2.8
2022,British Columbia,Persons in couples,,"Food insecure, moderate or severe",59,12.0
2022,British Columbia,Persons in couples,,"Food insecure, moderate",59,8.0
2022,British Columbia,Persons in couples,,"Food insecure, severe",59,4.1
2022,British Columbia,Persons in couple families with children,,Food secure,59,74.4
2022,British Columbia,Persons in couple families with children,,Food insecure,59,25.6
2022,British Columbia,Persons in couple families with children,,"Food insecure, marginal",59,7.3
2022,British Columbia,Persons in couple families with children,,"Food insecure, moderate or severe",59,18.2
2022,British Columbia,Persons in couple families with children,,"Food insecure, moderate",59,13.1
2022,British Columbia,Persons in couple families with children,,"Food insecure, severe",59,5.2
2022,British Columbia,Persons in couple families with other relatives,,Food secure,59,83.2
2022,British Columbia,Persons in couple families with other relatives,,Food insecure,59,16.8
2022,British Columbia,Persons in couple families with other relatives,,"Food insecure, marginal",59,
2022,British Columbia,Persons in couple families with other relatives,,"Food insecure, moderate or severe",59,9.2
2022,British Columbia,Persons in couple families with other relatives,,"Food insecure, moderate",59,8.2
2022,British Columbia,Persons in couple families with other relatives,,"Food insecure, severe",59,
2022,British Columbia,Persons in lone-parent families,,Food secure,59,55.9
2022,British Columbia,Persons in lone-parent families,,Food insecure,59,44.1
2022,British Columbia,Persons in lone-parent families,,"Food insecure, marginal",59,15.0
2022,British Columbia,Persons in lone-parent families,,"Food insecure, moderate or severe",59,29.1
2022,British Columbia,Persons in lone-parent families,,"Food insecure, moderate",59,14.8
2022,British Columbia,Persons in lone-parent families,,"Food insecure, severe",59,14.3
2022,British Columbia,Persons in male lone-parent families,,Food secure,59,58.4
2022,British Columbia,Persons in male lone-parent families,,Food insecure,59,41.6
2022,British Columbia,Persons in male lone-parent families,,"Food insecure, marginal",59,
2022,British Columbia,Persons in male lone-parent families,,"Food insecure, moderate or severe",59,
2022,British Columbia,Persons in male lone-parent families,,"Food insecure, moderate",59,
2022,British Columbia,Persons in male lone-parent families,,"Food insecure, severe",59,
2022,British Columbia,Persons in female lone-parent families,,Food secure,59,55.3
2022,British Columbia,Persons in female lone-parent families,,Food insecure,59,44.7
2022,British Columbia,Persons in female lone-parent families,,"Food insecure, marginal",59,13.2
2022,British Columbia,Persons in female lone-parent families,,"Food insecure, moderate or severe",59,31.5
2022,British Columbia,Persons in female lone-parent families,,"Food insecure, moderate",59,14.7
2022,British Columbia,Persons in female lone-parent families,,"Food insecure, severe",59,16.8
2022,British Columbia,Persons in other non-elderly families,,Food secure,59,73.8
2022,British Columbia,Persons in other non-elderly families,,Food insecure,59,26.2
2022,British Columbia,Persons in other non-elderly families,,"Food insecure, marginal",59,7.1
2022,British Columbia,Persons in other non-elderly families,,"Food insecure, moderate or severe",59,19.1
2022,British Columbia,Persons in other non-elderly families,,"Food insecure, moderate",59,11.2
2022,British Columbia,Persons in other non-elderly families,,"Food insecure, severe",59,7.9
2022,British Columbia,Persons not in an economic family,,Food secure,59,76.6
2022,British Columbia,Persons not in an economic family,,Food insecure,59,23.4
2022,British Columbia,Persons not in an economic family,,"Food insecure, marginal",59,5.0
2022,British Columbia,Persons not in an economic family,,"Food insecure, moderate or severe",59,18.4
2022,British Columbia,Persons not in an economic family,,"Food insecure, moderate",59,9.4
2022,British Columbia,Persons not in an economic family,,"Food insecure, severe",59,9.0
2022,British Columbia,Elderly persons not in an economic family,,Food secure,59,84.7
2022,British Columbia,Elderly persons not in an economic family,,Food insecure,59,15.3
2022,British Columbia,Elderly persons not in an economic family,,"Food insecure, marginal",59,5.0
2022,British Columbia,Elderly persons not in an economic family,,"Food insecure, moderate or severe",59,10.4
2022,British Columbia,Elderly persons not in an economic family,,"Food insecure, moderate",59,5.6
2022,British Columbia,Elderly persons not in an economic family,,"Food insecure, severe",59,4.8
2022,British Columbia,Elderly males not in an economic family,,Food secure,59,87.6
2022,British Columbia,Elderly males not in an economic family,,Food insecure,59,12.4
2022,British Columbia,Elderly males not in an economic family,,"Food insecure, marginal",59,3.4
2022,British Columbia,Elderly males not in an economic family,,"Food insecure, moderate or severe",59,9.0
2022,British Columbia,Elderly males not in an economic family,,"Food insecure, moderate",59,5.3
2022,British Columbia,Elderly males not in an economic family,,"Food insecure, severe",59,
2022,British Columbia,Elderly females not in an economic family,,Food secure,59,83.1
2022,British Columbia,Elderly females not in an economic family,,Food insecure,59,16.9
2022,British Columbia,Elderly females not in an economic family,,"Food insecure, marginal",59,5.8
2022,British Columbia,Elderly females not in an economic family,,"Food insecure, moderate or severe",59,11.1
2022,British Columbia,Elderly females not in an economic family,,"Food insecure, moderate",59,5.7
2022,British Columbia,Elderly females not in an economic family,,"Food insecure, severe",59,5.4
2022,British Columbia,Non-elderly persons not in an economic family,,Food secure,59,73.5
2022,British Columbia,Non-elderly persons not in an economic family,,Food insecure,59,26.5
2022,British Columbia,Non-elderly persons not in an economic family,,"Food insecure, marginal",59,5.0
2022,British Columbia,Non-elderly persons not in an economic family,,"Food insecure, moderate or severe",59,21.5
2022,British Columbia,Non-elderly persons not in an economic family,,"Food insecure, moderate",59,10.9
2022,British Columbia,Non-elderly persons not in an economic family,,"Food insecure, severe",59,10.6
2022,British Columbia,Non-elderly males not in an economic family,,Food secure,59,77.2
2022,British Columbia,Non-elderly males not in an economic family,,Food insecure,59,22.8
2022,British Columbia,Non-elderly males not in an economic family,,"Food insecure, marginal",59,4.7
2022,British Columbia,Non-elderly males not in an economic family,,"Food insecure, moderate or severe",59,18.1
2022,British Columbia,Non-elderly males not in an economic family,,"Food insecure, moderate",59,8.6
2022,British Columbia,Non-elderly males not in an economic family,,"Food insecure, severe",59,9.5
2022,British Columbia,Non-elderly females not in an economic family,,Food secure,59,69.1
2022,British Columbia,Non-elderly females not in an economic family,,Food insecure,59,30.9
2022,British Columbia,Non-elderly females not in an economic family,,"Food insecure, marginal",59,5.4
2022,British Columbia,Non-elderly females not in an economic family,,"Food insecure, moderate or severe",59,25.5
2022,British Columbia,Non-elderly females not in an economic family,,"Food insecure, moderate",59,13.5
2022,British Columbia,Non-elderly females not in an economic family,,"Food insecure, severe",59,12.0
2018,Canada,,Persons under 18 years,Food secure,,77.8
2018,Canada,,Persons under 18 years,Food insecure,,22.2
2018,Canada,,Persons under 18 years,"Food insecure, marginal",,7.6
2018,Canada,,Persons under 18 years,"Food insecure, moderate",,10.8
2018,Canada,,Persons under 18 years,"Food insecure, severe",,3.8
2018,Canada,,Persons 18 to 64 years,Food secure,,82.5
2018,Canada,,Persons 18 to 64 years,Food insecure,,17.5
2018,Canada,,Persons 18 to 64 years,"Food insecure, marginal",,5.0
2018,Canada,,Persons 18 to 64 years,"Food insecure, moderate",,8.3
2018,Canada,,Persons 18 to 64 years,"Food insecure, severe",,4.1
2018,Canada,,Persons 18 to 24 years,Food secure,,80.9
2018,Canada,,Persons 18 to 24 years,Food insecure,,19.1
2018,Canada,,Persons 18 to 24 years,"Food insecure, marginal",,5.1
2018,Canada,,Persons 18 to 24 years,"Food insecure, moderate",,9.8
2018,Canada,,Persons 18 to 24 years,"Food insecure, severe",,4.2
2018,Canada,,Persons 25 to 34 years,Food secure,,82.0
2018,Canada,,Persons 25 to 34 years,Food insecure,,18.0
2018,Canada,,Persons 25 to 34 years,"Food insecure, marginal",,5.3
2018,Canada,,Persons 25 to 34 years,"Food insecure, moderate",,8.5
2018,Canada,,Persons 25 to 34 years,"Food insecure, severe",,4.3
2018,Canada,,Persons 35 to 44 years,Food secure,,80.5
2018,Canada,,Persons 35 to 44 years,Food insecure,,19.5
2018,Canada,,Persons 35 to 44 years,"Food insecure, marginal",,6.5
2018,Canada,,Persons 35 to 44 years,"Food insecure, moderate",,8.6
2018,Canada,,Persons 35 to 44 years,"Food insecure, severe",,4.5
2018,Canada,,Persons 45 to 54 years,Food secure,,82.6
2018,Canada,,Persons 45 to 54 years,Food insecure,,17.4
2018,Canada,,Persons 45 to 54 years,"Food insecure, marginal",,4.6
2018,Canada,,Persons 45 to 54 years,"Food insecure, moderate",,8.6
2018,Canada,,Persons 45 to 54 years,"Food insecure, severe",,4.2
2018,Canada,,Persons 55 to 64 years,Food secure,,86.0
2018,Canada,,Persons 55 to 64 years,Food insecure,,14.0
2018,Canada,,Persons 55 to 64 years,"Food insecure, marginal",,3.7
2018,Canada,,Persons 55 to 64 years,"Food insecure, moderate",,6.8
2018,Canada,,Persons 55 to 64 years,"Food insecure, severe",,3.5
2018,Canada,,Persons 65 years and over,Food secure,,91.9
2018,Canada,,Persons 65 years and over,Food insecure,,8.1
2018,Canada,,Persons 65 years and over,"Food insecure, marginal",,3.1
2018,Canada,,Persons 65 years and over,"Food insecure, moderate",,3.5
2018,Canada,,Persons 65 years and over,"Food insecure, severe",,1.5
2018,Canada,,Males,Food secure,,83.3
2018,Canada,,Males,Food insecure,,16.7
2018,Canada,,Males,"Food insecure, marginal",,5.1
2018,Canada,,Males,"Food insecure, moderate",,7.9
2018,Canada,,Males,"Food insecure, severe",,3.7
2018,Canada,,"Males, under 18 years",Food secure,,77.9
2018,Canada,,"Males, under 18 years",Food insecure,,22.1
2018,Canada,,"Males, under 18 years","Food insecure, marginal",,7.1
2018,Canada,,"Males, under 18 years","Food insecure, moderate",,11.1
2018,Canada,,"Males, under 18 years","Food insecure, severe",,4.0
2018,Canada,,"Males, 18 to 64 years",Food secure,,82.8
2018,Canada,,"Males, 18 to 64 years",Food insecure,,17.2
2018,Canada,,"Males, 18 to 64 years","Food insecure, marginal",,5.0
2018,Canada,,"Males, 18 to 64 years","Food insecure, moderate",,8.0
2018,Canada,,"Males, 18 to 64 years","Food insecure, severe",,4.2
2018,Canada,,"Males, 65 years and over",Food secure,,91.8
2018,Canada,,"Males, 65 years and over",Food insecure,,8.2
2018,Canada,,"Males, 65 years and over","Food insecure, marginal",,3.0
2018,Canada,,"Males, 65 years and over","Food insecure, moderate",,3.5
2018,Canada,,"Males, 65 years and over","Food insecure, severe",,1.6
2018,Canada,,Females,Food secure,,83.2
2018,Canada,,Females,Food insecure,,16.8
2018,Canada,,Females,"Food insecure, marginal",,5.3
2018,Canada,,Females,"Food insecure, moderate",,8.1
2018,Canada,,Females,"Food insecure, severe",,3.5
2018,Canada,,"Females, under 18 years",Food secure,,77.8
2018,Canada,,"Females, under 18 years",Food insecure,,22.2
2018,Canada,,"Females, under 18 years","Food insecure, marginal",,8.1
2018,Canada,,"Females, under 18 years","Food insecure, moderate",,10.4
2018,Canada,,"Females, under 18 years","Food insecure, severe",,3.7
2018,Canada,,"Females, 18 to 64 years",Food secure,,82.2
2018,Canada,,"Females, 18 to 64 years",Food insecure,,17.8
2018,Canada,,"Females, 18 to 64 years","Food insecure, marginal",,5.0
2018,Canada,,"Females, 18 to 64 years","Food insecure, moderate",,8.7
2018,Canada,,"Females, 18 to 64 years","Food insecure, severe",,4.0
2018,Canada,,"Females, 65 years and over",Food secure,,92.0
2018,Canada,,"Females, 65 years and over",Food insecure,,8.0
2018,Canada,,"Females, 65 years and over","Food insecure, marginal",,3.1
2018,Canada,,"Females, 65 years and over","Food insecure, moderate",,3.5
2018,Canada,,"Females, 65 years and over","Food insecure, severe",,1.4
2018,Canada,,Visible minority population,Food secure,,
2018,Canada,,Visible minority population,Food insecure,,
2018,Canada,,Visible minority population,"Food insecure, marginal",,
2018,Canada,,Visible minority population,"Food insecure, moderate",,
2018,Canada,,Visible minority population,"Food insecure, severe",,
2018,Canada,,South Asian,Food secure,,
2018,Canada,,South Asian,Food insecure,,
2018,Canada,,South Asian,"Food insecure, marginal",,
2018,Canada,,South Asian,"Food insecure, moderate",,
2018,Canada,,South Asian,"Food insecure, severe",,
2018,Canada,,Chinese,Food secure,,
2018,Canada,,Chinese,Food insecure,,
2018,Canada,,Chinese,"Food insecure, marginal",,
2018,Canada,,Chinese,"Food insecure, moderate",,
2018,Canada,,Chinese,"Food insecure, severe",,
2018,Canada,,Black,Food secure,,
2018,Canada,,Black,Food insecure,,
2018,Canada,,Black,"Food insecure, marginal",,
2018,Canada,,Black,"Food insecure, moderate",,
2018,Canada,,Black,"Food insecure, severe",,
2018,Canada,,Filipino,Food secure,,
2018,Canada,,Filipino,Food insecure,,
2018,Canada,,Filipino,"Food insecure, marginal",,
2018,Canada,,Filipino,"Food insecure, moderate",,
2018,Canada,,Filipino,"Food insecure, severe",,
2018,Canada,,Arab,Food secure,,
2018,Canada,,Arab,Food insecure,,
2018,Canada,,Arab,"Food insecure, marginal",,
2018,Canada,,Arab,"Food insecure, moderate",,
2018,Canada,,Arab,"Food insecure, severe",,
2018,Canada,,Latin American,Food secure,,
2018,Canada,,Latin American,Food insecure,,
2018,Canada,,Latin American,"Food insecure, marginal",,
2018,Canada,,Latin American,"Food insecure, moderate",,
2018,Canada,,Latin American,"Food insecure, severe",,
2018,Canada,,Southeast Asian,Food secure,,
2018,Canada,,Southeast Asian,Food insecure,,
2018,Canada,,Southeast Asian,"Food insecure, marginal",,
2018,Canada,,Southeast Asian,"Food insecure, moderate",,
2018,Canada,,Southeast Asian,"Food insecure, severe",,
2018,Canada,,Other visible minority,Food secure,,
2018,Canada,,Other visible minority,Food insecure,,
2018,Canada,,Other visible minority,"Food insecure, marginal",,
2018,Canada,,Other visible minority,"Food insecure, moderate",,
2018,Canada,,Other visible minority,"Food insecure, severe",,
2018,Canada,,Not a visible minority,Food secure,,
2018,Canada,,Not a visible minority,Food insecure,,
2018,Canada,,Not a visible minority,"Food insecure, marginal",,
2018,Canada,,Not a visible minority,"Food insecure, moderate",,
2018,Canada,,Not a visible minority,"Food insecure, severe",,
2018,Canada,,Indigenous population,Food secure,,
2018,Canada,,Indigenous population,Food insecure,,
2018,Canada,,Indigenous population,"Food insecure, marginal",,
2018,Canada,,Indigenous population,"Food insecure, moderate",,
2018,Canada,,Indigenous population,"Food insecure, severe",,
2018,Canada,,Non-Indigenous population,Food secure,,
2018,Canada,,Non-Indigenous population,Food insecure,,
2018,Canada,,Non-Indigenous population,"Food insecure, marginal",,
2018,Canada,,Non-Indigenous population,"Food insecure, moderate",,
2018,Canada,,Non-Indigenous population,"Food insecure, severe",,
2018,Canada,,Not a visible minority nor Indigenous,Food secure,,
2018,Canada,,Not a visible minority nor Indigenous,Food insecure,,
2018,Canada,,Not a visible minority nor Indigenous,"Food insecure, marginal",,
2018,Canada,,Not a visible minority nor Indigenous,"Food insecure, moderate",,
2018,Canada,,Not a visible minority nor Indigenous,"Food insecure, severe",,
2018,Canada,,All persons aged 15 years and over,Food secure,,84.4
2018,Canada,,All persons aged 15 years and over,Food insecure,,15.6
2018,Canada,,All persons aged 15 years and over,"Food insecure, marginal",,4.6
2018,Canada,,All persons aged 15 years and over,"Food insecure, moderate",,7.4
2018,Canada,,All persons aged 15 years and over,"Food insecure, severe",,3.6
2018,Canada,,Indigenous population aged 15 years and over,Food secure,,71.4
2018,Canada,,Indigenous population aged 15 years and over,Food insecure,,28.6
2018,Canada,,Indigenous population aged 15 years and over,"Food insecure, marginal",,5.1
2018,Canada,,Indigenous population aged 15 years and over,"Food insecure, moderate",,13.1
2018,Canada,,Indigenous population aged 15 years and over,"Food insecure, severe",,10.3
2018,Canada,,First Nations aged 15 years and over,Food secure,,69.9
2018,Canada,,First Nations aged 15 years and over,Food insecure,,30.1
2018,Canada,,First Nations aged 15 years and over,"Food insecure, marginal",,5.0
2018,Canada,,First Nations aged 15 years and over,"Food insecure, moderate",,14.0
2018,Canada,,First Nations aged 15 years and over,"Food insecure, severe",,11.1
2018,Canada,,Métis aged 15 years and over,Food secure,,73.0
2018,Canada,,Métis aged 15 years and over,Food insecure,,27.0
2018,Canada,,Métis aged 15 years and over,"Food insecure, marginal",,4.8
2018,Canada,,Métis aged 15 years and over,"Food insecure, moderate",,12.5
2018,Canada,,Métis aged 15 years and over,"Food insecure, severe",,9.7
2018,Canada,,Non-Indigenous population aged 15 years and over,Food secure,,84.7
2018,Canada,,Non-Indigenous population aged 15 years and over,Food insecure,,15.3
2018,Canada,,Non-Indigenous population aged 15 years and over,"Food insecure, marginal",,4.6
2018,Canada,,Non-Indigenous population aged 15 years and over,"Food insecure, moderate",,7.3
2018,Canada,,Non-Indigenous population aged 15 years and over,"Food insecure, severe",,3.4
2018,Canada,,Immigrants aged 15 years and over,Food secure,,82.9
2018,Canada,,Immigrants aged 15 years and over,Food insecure,,17.1
2018,Canada,,Immigrants aged 15 years and over,"Food insecure, marginal",,6.2
2018,Canada,,Immigrants aged 15 years and over,"Food insecure, moderate",,8.5
2018,Canada,,Immigrants aged 15 years and over,"Food insecure, severe",,2.4
2018,Canada,,Recent immigrants (10 years or less) aged 15 years and over,Food secure,,77.8
2018,Canada,,Recent immigrants (10 years or less) aged 15 years and over,Food insecure,,22.2
2018,Canada,,Recent immigrants (10 years or less) aged 15 years and over,"Food insecure, marginal",,8.6
2018,Canada,,Recent immigrants (10 years or less) aged 15 years and over,"Food insecure, moderate",,10.9
2018,Canada,,Recent immigrants (10 years or less) aged 15 years and over,"Food insecure, severe",,2.7
2018,Canada,,Very recent immigrants (5 years or less) aged 15 years and over,Food secure,,78.0
2018,Canada,,Very recent immigrants (5 years or less) aged 15 years and over,Food insecure,,22.0
2018,Canada,,Very recent immigrants (5 years or less) aged 15 years and over,"Food insecure, marginal",,9.0
2018,Canada,,Very recent immigrants (5 years or less) aged 15 years and over,"Food insecure, moderate",,10.1
2018,Canada,,Very recent immigrants (5 years or less) aged 15 years and over,"Food insecure, severe",,2.9
2018,Canada,,Persons aged 15 years and over born in Canada,Food secure,,84.9
2018,Canada,,Persons aged 15 years and over born in Canada,Food insecure,,15.1
2018,Canada,,Persons aged 15 years and over born in Canada,"Food insecure, marginal",,4.0
2018,Canada,,Persons aged 15 years and over born in Canada,"Food insecure, moderate",,7.0
2018,Canada,,Persons aged 15 years and over born in Canada,"Food insecure, severe",,4.1
2018,Atlantic provinces,,All persons,Food secure,,80.8
2018,Atlantic provinces,,All persons,Food insecure,,19.2
2018,Atlantic provinces,,All persons,"Food insecure, marginal",,5.6
2018,Atlantic provinces,,All persons,"Food insecure, moderate or severe",,13.6
2018,Atlantic provinces,,All persons,"Food insecure, moderate",,8.6
2018,Atlantic provinces,,All persons,"Food insecure, severe",,5.0
2018,Atlantic provinces,,Persons under 18 years,Food secure,,73.2
2018,Atlantic provinces,,Persons under 18 years,Food insecure,,26.8
2018,Atlantic provinces,,Persons under 18 years,"Food insecure, marginal",,8.1
2018,Atlantic provinces,,Persons under 18 years,"Food insecure, moderate or severe",,18.6
2018,Atlantic provinces,,Persons under 18 years,"Food insecure, moderate",,12.4
2018,Atlantic provinces,,Persons under 18 years,"Food insecure, severe",,6.3
2018,Atlantic provinces,,Persons 18 to 64 years,Food secure,,80.1
2018,Atlantic provinces,,Persons 18 to 64 years,Food insecure,,19.9
2018,Atlantic provinces,,Persons 18 to 64 years,"Food insecure, marginal",,5.5
2018,Atlantic provinces,,Persons 18 to 64 years,"Food insecure, moderate or severe",,14.5
2018,Atlantic provinces,,Persons 18 to 64 years,"Food insecure, moderate",,8.9
2018,Atlantic provinces,,Persons 18 to 64 years,"Food insecure, severe",,5.6
2018,Atlantic provinces,,Persons 18 to 24 years,Food secure,,80.3
2018,Atlantic provinces,,Persons 18 to 24 years,Food insecure,,19.7
2018,Atlantic provinces,,Persons 18 to 24 years,"Food insecure, marginal",,5.2
2018,Atlantic provinces,,Persons 18 to 24 years,"Food insecure, moderate or severe",,14.5
2018,Atlantic provinces,,Persons 18 to 24 years,"Food insecure, moderate",,8.5
2018,Atlantic provinces,,Persons 18 to 24 years,"Food insecure, severe",,6.1
2018,Atlantic provinces,,Persons 25 to 34 years,Food secure,,76.0
2018,Atlantic provinces,,Persons 25 to 34 years,Food insecure,,24.0
2018,Atlantic provinces,,Persons 25 to 34 years,"Food insecure, marginal",,7.5
2018,Atlantic provinces,,Persons 25 to 34 years,"Food insecure, moderate or severe",,16.4
2018,Atlantic provinces,,Persons 25 to 34 years,"Food insecure, moderate",,10.9
2018,Atlantic provinces,,Persons 25 to 34 years,"Food insecure, severe",,5.5
2018,Atlantic provinces,,Persons 35 to 44 years,Food secure,,77.2
2018,Atlantic provinces,,Persons 35 to 44 years,Food insecure,,22.8
2018,Atlantic provinces,,Persons 35 to 44 years,"Food insecure, marginal",,6.9
2018,Atlantic provinces,,Persons 35 to 44 years,"Food insecure, moderate or severe",,15.9
2018,Atlantic provinces,,Persons 35 to 44 years,"Food insecure, moderate",,9.7
2018,Atlantic provinces,,Persons 35 to 44 years,"Food insecure, severe",,6.3
2018,Atlantic provinces,,Persons 45 to 54 years,Food secure,,81.3
2018,Atlantic provinces,,Persons 45 to 54 years,Food insecure,,18.7
2018,Atlantic provinces,,Persons 45 to 54 years,"Food insecure, marginal",,4.3
2018,Atlantic provinces,,Persons 45 to 54 years,"Food insecure, moderate or severe",,14.5
2018,Atlantic provinces,,Persons 45 to 54 years,"Food insecure, moderate",,9.2
2018,Atlantic provinces,,Persons 45 to 54 years,"Food insecure, severe",,5.2
2018,Atlantic provinces,,Persons 55 to 64 years,Food secure,,83.9
2018,Atlantic provinces,,Persons 55 to 64 years,Food insecure,,16.1
2018,Atlantic provinces,,Persons 55 to 64 years,"Food insecure, marginal",,4.2
2018,Atlantic provinces,,Persons 55 to 64 years,"Food insecure, moderate or severe",,11.9
2018,Atlantic provinces,,Persons 55 to 64 years,"Food insecure, moderate",,6.7
2018,Atlantic provinces,,Persons 55 to 64 years,"Food insecure, severe",,5.1
2018,Atlantic provinces,,Persons 65 years and over,Food secure,,89.3
2018,Atlantic provinces,,Persons 65 years and over,Food insecure,,10.7
2018,Atlantic provinces,,Persons 65 years and over,"Food insecure, marginal",,3.9
2018,Atlantic provinces,,Persons 65 years and over,"Food insecure, moderate or severe",,6.8
2018,Atlantic provinces,,Persons 65 years and over,"Food insecure, moderate",,4.5
2018,Atlantic provinces,,Persons 65 years and over,"Food insecure, severe",,2.3
2018,Atlantic provinces,,Males,Food secure,,80.8
2018,Atlantic provinces,,Males,Food insecure,,19.2
2018,Atlantic provinces,,Males,"Food insecure, marginal",,5.5
2018,Atlantic provinces,,Males,"Food insecure, moderate or severe",,13.7
2018,Atlantic provinces,,Males,"Food insecure, moderate",,8.7
2018,Atlantic provinces,,Males,"Food insecure, severe",,5.0
2018,Atlantic provinces,,"Males, under 18 years",Food secure,,72.8
2018,Atlantic provinces,,"Males, under 18 years",Food insecure,,27.2
2018,Atlantic provinces,,"Males, under 18 years","Food insecure, marginal",,7.6
2018,Atlantic provinces,,"Males, under 18 years","Food insecure, moderate or severe",,19.6
2018,Atlantic provinces,,"Males, under 18 years","Food insecure, moderate",,13.1
2018,Atlantic provinces,,"Males, under 18 years","Food insecure, severe",,6.5
2018,Atlantic provinces,,"Males, 18 to 64 years",Food secure,,80.6
2018,Atlantic provinces,,"Males, 18 to 64 years",Food insecure,,19.4
2018,Atlantic provinces,,"Males, 18 to 64 years","Food insecure, marginal",,5.4
2018,Atlantic provinces,,"Males, 18 to 64 years","Food insecure, moderate or severe",,14.1
2018,Atlantic provinces,,"Males, 18 to 64 years","Food insecure, moderate",,8.7
2018,Atlantic provinces,,"Males, 18 to 64 years","Food insecure, severe",,5.3
2018,Atlantic provinces,,"Males, 65 years and over",Food secure,,88.9
2018,Atlantic provinces,,"Males, 65 years and over",Food insecure,,11.1
2018,Atlantic provinces,,"Males, 65 years and over","Food insecure, marginal",,4.2
2018,Atlantic provinces,,"Males, 65 years and over","Food insecure, moderate or severe",,6.9
2018,Atlantic provinces,,"Males, 65 years and over","Food insecure, moderate",,4.4
2018,Atlantic provinces,,"Males, 65 years and over","Food insecure, severe",,2.5
2018,Atlantic provinces,,Females,Food secure,,80.7
2018,Atlantic provinces,,Females,Food insecure,,19.3
2018,Atlantic provinces,,Females,"Food insecure, marginal",,5.7
2018,Atlantic provinces,,Females,"Food insecure, moderate or severe",,13.6
2018,Atlantic provinces,,Females,"Food insecure, moderate",,8.5
2018,Atlantic provinces,,Females,"Food insecure, severe",,5.1
2018,Atlantic provinces,,"Females, under 18 years",Food secure,,73.7
2018,Atlantic provinces,,"Females, under 18 years",Food insecure,,26.3
2018,Atlantic provinces,,"Females, under 18 years","Food insecure, marginal",,8.7
2018,Atlantic provinces,,"Females, under 18 years","Food insecure, moderate or severe",,17.6
2018,Atlantic provinces,,"Females, under 18 years","Food insecure, moderate",,11.6
2018,Atlantic provinces,,"Females, under 18 years","Food insecure, severe",,6.0
2018,Atlantic provinces,,"Females, 18 to 64 years",Food secure,,79.5
2018,Atlantic provinces,,"Females, 18 to 64 years",Food insecure,,20.5
2018,Atlantic provinces,,"Females, 18 to 64 years","Food insecure, marginal",,5.6
2018,Atlantic provinces,,"Females, 18 to 64 years","Food insecure, moderate or severe",,14.8
2018,Atlantic provinces,,"Females, 18 to 64 years","Food insecure, moderate",,9.0
2018,Atlantic provinces,,"Females, 18 to 64 years","Food insecure, severe",,5.8
2018,Atlantic provinces,,"Females, 65 years and over",Food secure,,89.6
2018,Atlantic provinces,,"Females, 65 years and over",Food insecure,,10.4
2018,Atlantic provinces,,"Females, 65 years and over","Food insecure, marginal",,3.7
2018,Atlantic provinces,,"Females, 65 years and over","Food insecure, moderate or severe",,6.7
2018,Atlantic provinces,,"Females, 65 years and over","Food insecure, moderate",,4.6
2018,Atlantic provinces,,"Females, 65 years and over","Food insecure, severe",,2.1
2018,Atlantic provinces,,Visible minority population,Food secure,,
2018,Atlantic provinces,,Visible minority population,Food insecure,,
2018,Atlantic provinces,,Visible minority population,"Food insecure, marginal",,
2018,Atlantic provinces,,Visible minority population,"Food insecure, moderate or severe",,
2018,Atlantic provinces,,Visible minority population,"Food insecure, moderate",,
2018,Atlantic provinces,,Visible minority population,"Food insecure, severe",,
2018,Atlantic provinces,,South Asian,Food secure,,
2018,Atlantic provinces,,South Asian,Food insecure,,
2018,Atlantic provinces,,South Asian,"Food insecure, marginal",,
2018,Atlantic provinces,,South Asian,"Food insecure, moderate or severe",,
2018,Atlantic provinces,,South Asian,"Food insecure, moderate",,
2018,Atlantic provinces,,South Asian,"Food insecure, severe",,
2018,Atlantic provinces,,Chinese,Food secure,,
2018,Atlantic provinces,,Chinese,Food insecure,,
2018,Atlantic provinces,,Chinese,"Food insecure, marginal",,
2018,Atlantic provinces,,Chinese,"Food insecure, moderate or severe",,
2018,Atlantic provinces,,Chinese,"Food insecure, moderate",,
2018,Atlantic provinces,,Chinese,"Food insecure, severe",,
2018,Atlantic provinces,,Black,Food secure,,
2018,Atlantic provinces,,Black,Food insecure,,
2018,Atlantic provinces,,Black,"Food insecure, marginal",,
2018,Atlantic provinces,,Black,"Food insecure, moderate or severe",,
2018,Atlantic provinces,,Black,"Food insecure, moderate",,
2018,Atlantic provinces,,Black,"Food insecure, severe",,
2018,Atlantic provinces,,Filipino,Food secure,,
2018,Atlantic provinces,,Filipino,Food insecure,,
2018,Atlantic provinces,,Filipino,"Food insecure, marginal",,
2018,Atlantic provinces,,Filipino,"Food insecure, moderate or severe",,
2018,Atlantic provinces,,Filipino,"Food insecure, moderate",,
2018,Atlantic provinces,,Filipino,"Food insecure, severe",,
2018,Atlantic provinces,,Arab,Food secure,,
2018,Atlantic provinces,,Arab,Food insecure,,
2018,Atlantic provinces,,Arab,"Food insecure, marginal",,
2018,Atlantic provinces,,Arab,"Food insecure, moderate or severe",,
2018,Atlantic provinces,,Arab,"Food insecure, moderate",,
2018,Atlantic provinces,,Arab,"Food insecure, severe",,
2018,Atlantic provinces,,Latin American,Food secure,,
2018,Atlantic provinces,,Latin American,Food insecure,,
2018,Atlantic provinces,,Latin American,"Food insecure, marginal",,
2018,Atlantic provinces,,Latin American,"Food insecure, moderate or severe",,
2018,Atlantic provinces,,Latin American,"Food insecure, moderate",,
2018,Atlantic provinces,,Latin American,"Food insecure, severe",,
2018,Atlantic provinces,,Southeast Asian,Food secure,,
2018,Atlantic provinces,,Southeast Asian,Food insecure,,
2018,Atlantic provinces,,Southeast Asian,"Food insecure, marginal",,
2018,Atlantic provinces,,Southeast Asian,"Food insecure, moderate or severe",,
2018,Atlantic provinces,,Southeast Asian,"Food insecure, moderate",,
2018,Atlantic provinces,,Southeast Asian,"Food insecure, severe",,
2018,Atlantic provinces,,Other visible minority,Food secure,,
2018,Atlantic provinces,,Other visible minority,Food insecure,,
2018,Atlantic provinces,,Other visible minority,"Food insecure, marginal",,
2018,Atlantic provinces,,Other visible minority,"Food insecure, moderate or severe",,
2018,Atlantic provinces,,Other visible minority,"Food insecure, moderate",,
2018,Atlantic provinces,,Other visible minority,"Food insecure, severe",,
2018,Atlantic provinces,,Not a visible minority,Food secure,,
2018,Atlantic provinces,,Not a visible minority,Food insecure,,
2018,Atlantic provinces,,Not a visible minority,"Food insecure, marginal",,
2018,Atlantic provinces,,Not a visible minority,"Food insecure, moderate or severe",,
2018,Atlantic provinces,,Not a visible minority,"Food insecure, moderate",,
2018,Atlantic provinces,,Not a visible minority,"Food insecure, severe",,
2018,Atlantic provinces,,Indigenous population,Food secure,,
2018,Atlantic provinces,,Indigenous population,Food insecure,,
2018,Atlantic provinces,,Indigenous population,"Food insecure, marginal",,
2018,Atlantic provinces,,Indigenous population,"Food insecure, moderate or severe",,
2018,Atlantic provinces,,Indigenous population,"Food insecure, moderate",,
2018,Atlantic provinces,,Indigenous population,"Food insecure, severe",,
2018,Atlantic provinces,,Non-Indigenous population,Food secure,,
2018,Atlantic provinces,,Non-Indigenous population,Food insecure,,
2018,Atlantic provinces,,Non-Indigenous population,"Food insecure, marginal",,
2018,Atlantic provinces,,Non-Indigenous population,"Food insecure, moderate or severe",,
2018,Atlantic provinces,,Non-Indigenous population,"Food insecure, moderate",,
2018,Atlantic provinces,,Non-Indigenous population,"Food insecure, severe",,
2018,Atlantic provinces,,Not a visible minority nor Indigenous,Food secure,,
2018,Atlantic provinces,,Not a visible minority nor Indigenous,Food insecure,,
2018,Atlantic provinces,,Not a visible minority nor Indigenous,"Food insecure, marginal",,
2018,Atlantic provinces,,Not a visible minority nor Indigenous,"Food insecure, moderate or severe",,
2018,Atlantic provinces,,Not a visible minority nor Indigenous,"Food insecure, moderate",,
2018,Atlantic provinces,,Not a visible minority nor Indigenous,"Food insecure, severe",,
2018,Atlantic provinces,,All persons aged 15 years and over,Food secure,,82.2
2018,Atlantic provinces,,All persons aged 15 years and over,Food insecure,,17.8
2018,Atlantic provinces,,All persons aged 15 years and over,"Food insecure, marginal",,5.1
2018,Atlantic provinces,,All persons aged 15 years and over,"Food insecure, moderate or severe",,12.7
2018,Atlantic provinces,,All persons aged 15 years and over,"Food insecure, moderate",,7.9
2018,Atlantic provinces,,All persons aged 15 years and over,"Food insecure, severe",,4.8
2018,Atlantic provinces,,Indigenous population aged 15 years and over,Food secure,,75.3
2018,Atlantic provinces,,Indigenous population aged 15 years and over,Food insecure,,24.7
2018,Atlantic provinces,,Indigenous population aged 15 years and over,"Food insecure, marginal",,8.3
2018,Atlantic provinces,,Indigenous population aged 15 years and over,"Food insecure, moderate or severe",,16.4
2018,Atlantic provinces,,Indigenous population aged 15 years and over,"Food insecure, moderate",,6.2
2018,Atlantic provinces,,Indigenous population aged 15 years and over,"Food insecure, severe",,10.2
2018,Atlantic provinces,,First Nations aged 15 years and over,Food secure,,75.3
2018,Atlantic provinces,,First Nations aged 15 years and over,Food insecure,,24.7
2018,Atlantic provinces,,First Nations aged 15 years and over,"Food insecure, marginal",,8.7
2018,Atlantic provinces,,First Nations aged 15 years and over,"Food insecure, moderate or severe",,16.0
2018,Atlantic provinces,,First Nations aged 15 years and over,"Food insecure, moderate",,5.9
2018,Atlantic provinces,,First Nations aged 15 years and over,"Food insecure, severe",,10.1
2018,Atlantic provinces,,Métis aged 15 years and over,Food secure,,74.5
2018,Atlantic provinces,,Métis aged 15 years and over,Food insecure,,25.5
2018,Atlantic provinces,,Métis aged 15 years and over,"Food insecure, marginal",,
2018,Atlantic provinces,,Métis aged 15 years and over,"Food insecure, moderate or severe",,17.6
2018,Atlantic provinces,,Métis aged 15 years and over,"Food insecure, moderate",,
2018,Atlantic provinces,,Métis aged 15 years and over,"Food insecure, severe",,11.1
2018,Atlantic provinces,,Non-Indigenous population aged 15 years and over,Food secure,,82.4
2018,Atlantic provinces,,Non-Indigenous population aged 15 years and over,Food insecure,,17.6
2018,Atlantic provinces,,Non-Indigenous population aged 15 years and over,"Food insecure, marginal",,5.0
2018,Atlantic provinces,,Non-Indigenous population aged 15 years and over,"Food insecure, moderate or severe",,12.6
2018,Atlantic provinces,,Non-Indigenous population aged 15 years and over,"Food insecure, moderate",,8.0
2018,Atlantic provinces,,Non-Indigenous population aged 15 years and over,"Food insecure, severe",,4.6
2018,Atlantic provinces,,Immigrants aged 15 years and over,Food secure,,85.2
2018,Atlantic provinces,,Immigrants aged 15 years and over,Food insecure,,14.8
2018,Atlantic provinces,,Immigrants aged 15 years and over,"Food insecure, marginal",,4.7
2018,Atlantic provinces,,Immigrants aged 15 years and over,"Food insecure, moderate or severe",,10.1
2018,Atlantic provinces,,Immigrants aged 15 years and over,"Food insecure, moderate",,8.2
2018,Atlantic provinces,,Immigrants aged 15 years and over,"Food insecure, severe",,
2018,Atlantic provinces,,Recent immigrants (10 years or less) aged 15 years and over,Food secure,,81.9
2018,Atlantic provinces,,Recent immigrants (10 years or less) aged 15 years and over,Food insecure,,18.1
2018,Atlantic provinces,,Recent immigrants (10 years or less) aged 15 years and over,"Food insecure, marginal",,
2018,Atlantic provinces,,Recent immigrants (10 years or less) aged 15 years and over,"Food insecure, moderate or severe",,14.0
2018,Atlantic provinces,,Recent immigrants (10 years or less) aged 15 years and over,"Food insecure, moderate",,
2018,Atlantic provinces,,Recent immigrants (10 years or less) aged 15 years and over,"Food insecure, severe",,
2018,Atlantic provinces,,Very recent immigrants (5 years or less) aged 15 years and over,Food secure,,80.5
2018,Atlantic provinces,,Very recent immigrants (5 years or less) aged 15 years and over,Food insecure,,19.5
2018,Atlantic provinces,,Very recent immigrants (5 years or less) aged 15 years and over,"Food insecure, marginal",,
2018,Atlantic provinces,,Very recent immigrants (5 years or less) aged 15 years and over,"Food insecure, moderate or severe",,
2018,Atlantic provinces,,Very recent immigrants (5 years or less) aged 15 years and over,"Food insecure, moderate",,
2018,Atlantic provinces,,Very recent immigrants (5 years or less) aged 15 years and over,"Food insecure, severe",,
2018,Atlantic provinces,,Persons aged 15 years and over born in Canada,Food secure,,81.9
2018,Atlantic provinces,,Persons aged 15 years and over born in Canada,Food insecure,,18.1
2018,Atlantic provinces,,Persons aged 15 years and over born in Canada,"Food insecure, marginal",,5.2
2018,Atlantic provinces,,Persons aged 15 years and over born in Canada,"Food insecure, moderate or severe",,12.9
2018,Atlantic provinces,,Persons aged 15 years and over born in Canada,"Food insecure, moderate",,7.9
2018,Atlantic provinces,,Persons aged 15 years and over born in Canada,"Food insecure, severe",,5.0
2018,Newfoundland and Labrador,,All persons,Food secure,10,81.1
2018,Newfoundland and Labrador,,All persons,Food insecure,10,18.9
2018,Newfoundland and Labrador,,All persons,"Food insecure, marginal",10,6.9
2018,Newfoundland and Labrador,,All persons,"Food insecure, moderate or severe",10,12.0
2018,Newfoundland and Labrador,,All persons,"Food insecure, moderate",10,8.0
2018,Newfoundland and Labrador,,All persons,"Food insecure, severe",10,4.0
2018,Newfoundland and Labrador,,Persons under 18 years,Food secure,10,73.4
2018,Newfoundland and Labrador,,Persons under 18 years,Food insecure,10,26.6
2018,Newfoundland and Labrador,,Persons under 18 years,"Food insecure, marginal",10,10.3
2018,Newfoundland and Labrador,,Persons under 18 years,"Food insecure, moderate or severe",10,16.3
2018,Newfoundland and Labrador,,Persons under 18 years,"Food insecure, moderate",10,11.1
2018,Newfoundland and Labrador,,Persons under 18 years,"Food insecure, severe",10,
2018,Newfoundland and Labrador,,Persons 18 to 64 years,Food secure,10,80.7
2018,Newfoundland and Labrador,,Persons 18 to 64 years,Food insecure,10,19.3
2018,Newfoundland and Labrador,,Persons 18 to 64 years,"Food insecure, marginal",10,6.9
2018,Newfoundland and Labrador,,Persons 18 to 64 years,"Food insecure, moderate or severe",10,12.4
2018,Newfoundland and Labrador,,Persons 18 to 64 years,"Food insecure, moderate",10,7.9
2018,Newfoundland and Labrador,,Persons 18 to 64 years,"Food insecure, severe",10,4.5
2018,Newfoundland and Labrador,,Persons 18 to 24 years,Food secure,10,79.1
2018,Newfoundland and Labrador,,Persons 18 to 24 years,Food insecure,10,20.9
2018,Newfoundland and Labrador,,Persons 18 to 24 years,"Food insecure, marginal",10,7.4
2018,Newfoundland and Labrador,,Persons 18 to 24 years,"Food insecure, moderate or severe",10,13.5
2018,Newfoundland and Labrador,,Persons 18 to 24 years,"Food insecure, moderate",10,8.1
2018,Newfoundland and Labrador,,Persons 18 to 24 years,"Food insecure, severe",10,5.3
2018,Newfoundland and Labrador,,Persons 25 to 34 years,Food secure,10,80.2
2018,Newfoundland and Labrador,,Persons 25 to 34 years,Food insecure,10,19.8
2018,Newfoundland and Labrador,,Persons 25 to 34 years,"Food insecure, marginal",10,9.3
2018,Newfoundland and Labrador,,Persons 25 to 34 years,"Food insecure, moderate or severe",10,10.5
2018,Newfoundland and Labrador,,Persons 25 to 34 years,"Food insecure, moderate",10,8.8
2018,Newfoundland and Labrador,,Persons 25 to 34 years,"Food insecure, severe",10,
2018,Newfoundland and Labrador,,Persons 35 to 44 years,Food secure,10,80.9
2018,Newfoundland and Labrador,,Persons 35 to 44 years,Food insecure,10,19.1
2018,Newfoundland and Labrador,,Persons 35 to 44 years,"Food insecure, marginal",10,7.6
2018,Newfoundland and Labrador,,Persons 35 to 44 years,"Food insecure, moderate or severe",10,11.5
2018,Newfoundland and Labrador,,Persons 35 to 44 years,"Food insecure, moderate",10,6.9
2018,Newfoundland and Labrador,,Persons 35 to 44 years,"Food insecure, severe",10,4.6
2018,Newfoundland and Labrador,,Persons 45 to 54 years,Food secure,10,78.7
2018,Newfoundland and Labrador,,Persons 45 to 54 years,Food insecure,10,21.3
2018,Newfoundland and Labrador,,Persons 45 to 54 years,"Food insecure, marginal",10,7.2
2018,Newfoundland and Labrador,,Persons 45 to 54 years,"Food insecure, moderate or severe",10,14.1
2018,Newfoundland and Labrador,,Persons 45 to 54 years,"Food insecure, moderate",10,9.0
2018,Newfoundland and Labrador,,Persons 45 to 54 years,"Food insecure, severe",10,5.1
2018,Newfoundland and Labrador,,Persons 55 to 64 years,Food secure,10,83.5
2018,Newfoundland and Labrador,,Persons 55 to 64 years,Food insecure,10,16.5
2018,Newfoundland and Labrador,,Persons 55 to 64 years,"Food insecure, marginal",10,4.4
2018,Newfoundland and Labrador,,Persons 55 to 64 years,"Food insecure, moderate or severe",10,12.1
2018,Newfoundland and Labrador,,Persons 55 to 64 years,"Food insecure, moderate",10,6.8
2018,Newfoundland and Labrador,,Persons 55 to 64 years,"Food insecure, severe",10,5.3
2018,Newfoundland and Labrador,,Persons 65 years and over,Food secure,10,88.4
2018,Newfoundland and Labrador,,Persons 65 years and over,Food insecure,10,11.6
2018,Newfoundland and Labrador,,Persons 65 years and over,"Food insecure, marginal",10,4.1
2018,Newfoundland and Labrador,,Persons 65 years and over,"Food insecure, moderate or severe",10,7.5
2018,Newfoundland and Labrador,,Persons 65 years and over,"Food insecure, moderate",10,5.7
2018,Newfoundland and Labrador,,Persons 65 years and over,"Food insecure, severe",10,1.8
2018,Newfoundland and Labrador,,Males,Food secure,10,80.9
2018,Newfoundland and Labrador,,Males,Food insecure,10,19.1
2018,Newfoundland and Labrador,,Males,"Food insecure, marginal",10,6.6
2018,Newfoundland and Labrador,,Males,"Food insecure, moderate or severe",10,12.4
2018,Newfoundland and Labrador,,Males,"Food insecure, moderate",10,8.5
2018,Newfoundland and Labrador,,Males,"Food insecure, severe",10,3.9
2018,Newfoundland and Labrador,,"Males, under 18 years",Food secure,10,70.0
2018,Newfoundland and Labrador,,"Males, under 18 years",Food insecure,10,30.0
2018,Newfoundland and Labrador,,"Males, under 18 years","Food insecure, marginal",10,10.5
2018,Newfoundland and Labrador,,"Males, under 18 years","Food insecure, moderate or severe",10,19.5
2018,Newfoundland and Labrador,,"Males, under 18 years","Food insecure, moderate",10,13.2
2018,Newfoundland and Labrador,,"Males, under 18 years","Food insecure, severe",10,
2018,Newfoundland and Labrador,,"Males, 18 to 64 years",Food secure,10,81.3
2018,Newfoundland and Labrador,,"Males, 18 to 64 years",Food insecure,10,18.7
2018,Newfoundland and Labrador,,"Males, 18 to 64 years","Food insecure, marginal",10,6.4
2018,Newfoundland and Labrador,,"Males, 18 to 64 years","Food insecure, moderate or severe",10,12.3
2018,Newfoundland and Labrador,,"Males, 18 to 64 years","Food insecure, moderate",10,8.3
2018,Newfoundland and Labrador,,"Males, 18 to 64 years","Food insecure, severe",10,4.0
2018,Newfoundland and Labrador,,"Males, 65 years and over",Food secure,10,89.1
2018,Newfoundland and Labrador,,"Males, 65 years and over",Food insecure,10,10.9
2018,Newfoundland and Labrador,,"Males, 65 years and over","Food insecure, marginal",10,4.1
2018,Newfoundland and Labrador,,"Males, 65 years and over","Food insecure, moderate or severe",10,6.8
2018,Newfoundland and Labrador,,"Males, 65 years and over","Food insecure, moderate",10,5.3
2018,Newfoundland and Labrador,,"Males, 65 years and over","Food insecure, severe",10,
2018,Newfoundland and Labrador,,Females,Food secure,10,81.2
2018,Newfoundland and Labrador,,Females,Food insecure,10,18.8
2018,Newfoundland and Labrador,,Females,"Food insecure, marginal",10,7.1
2018,Newfoundland and Labrador,,Females,"Food insecure, moderate or severe",10,11.7
2018,Newfoundland and Labrador,,Females,"Food insecure, moderate",10,7.4
2018,Newfoundland and Labrador,,Females,"Food insecure, severe",10,4.2
2018,Newfoundland and Labrador,,"Females, under 18 years",Food secure,10,76.8
2018,Newfoundland and Labrador,,"Females, under 18 years",Food insecure,10,23.2
2018,Newfoundland and Labrador,,"Females, under 18 years","Food insecure, marginal",10,10.1
2018,Newfoundland and Labrador,,"Females, under 18 years","Food insecure, moderate or severe",10,13.1
2018,Newfoundland and Labrador,,"Females, under 18 years","Food insecure, moderate",10,9.0
2018,Newfoundland and Labrador,,"Females, under 18 years","Food insecure, severe",10,
2018,Newfoundland and Labrador,,"Females, 18 to 64 years",Food secure,10,80.1
2018,Newfoundland and Labrador,,"Females, 18 to 64 years",Food insecure,10,19.9
2018,Newfoundland and Labrador,,"Females, 18 to 64 years","Food insecure, marginal",10,7.4
2018,Newfoundland and Labrador,,"Females, 18 to 64 years","Food insecure, moderate or severe",10,12.5
2018,Newfoundland and Labrador,,"Females, 18 to 64 years","Food insecure, moderate",10,7.5
2018,Newfoundland and Labrador,,"Females, 18 to 64 years","Food insecure, severe",10,5.0
2018,Newfoundland and Labrador,,"Females, 65 years and over",Food secure,10,87.8
2018,Newfoundland and Labrador,,"Females, 65 years and over",Food insecure,10,12.2
2018,Newfoundland and Labrador,,"Females, 65 years and over","Food insecure, marginal",10,4.1
2018,Newfoundland and Labrador,,"Females, 65 years and over","Food insecure, moderate or severe",10,8.1
2018,Newfoundland and Labrador,,"Females, 65 years and over","Food insecure, moderate",10,6.1
2018,Newfoundland and Labrador,,"Females, 65 years and over","Food insecure, severe",10,
2018,Newfoundland and Labrador,,Visible minority population,Food secure,10,
2018,Newfoundland and Labrador,,Visible minority population,Food insecure,10,
2018,Newfoundland and Labrador,,Visible minority population,"Food insecure, marginal",10,
2018,Newfoundland and Labrador,,Visible minority population,"Food insecure, moderate or severe",10,
2018,Newfoundland and Labrador,,Visible minority population,"Food insecure, moderate",10,
2018,Newfoundland and Labrador,,Visible minority population,"Food insecure, severe",10,
2018,Newfoundland and Labrador,,South Asian,Food secure,10,
2018,Newfoundland and Labrador,,South Asian,Food insecure,10,
2018,Newfoundland and Labrador,,South Asian,"Food insecure, marginal",10,
2018,Newfoundland and Labrador,,South Asian,"Food insecure, moderate or severe",10,
2018,Newfoundland and Labrador,,South Asian,"Food insecure, moderate",10,
2018,Newfoundland and Labrador,,South Asian,"Food insecure, severe",10,
2018,Newfoundland and Labrador,,Chinese,Food secure,10,
2018,Newfoundland and Labrador,,Chinese,Food insecure,10,
2018,Newfoundland and Labrador,,Chinese,"Food insecure, marginal",10,
2018,Newfoundland and Labrador,,Chinese,"Food insecure, moderate or severe",10,
2018,Newfoundland and Labrador,,Chinese,"Food insecure, moderate",10,
2018,Newfoundland and Labrador,,Chinese,"Food insecure, severe",10,
2018,Newfoundland and Labrador,,Black,Food secure,10,
2018,Newfoundland and Labrador,,Black,Food insecure,10,
2018,Newfoundland and Labrador,,Black,"Food insecure, marginal",10,
2018,Newfoundland and Labrador,,Black,"Food insecure, moderate or severe",10,
2018,Newfoundland and Labrador,,Black,"Food insecure, moderate",10,
2018,Newfoundland and Labrador,,Black,"Food insecure, severe",10,
2018,Newfoundland and Labrador,,Filipino,Food secure,10,
2018,Newfoundland and Labrador,,Filipino,Food insecure,10,
2018,Newfoundland and Labrador,,Filipino,"Food insecure, marginal",10,
2018,Newfoundland and Labrador,,Filipino,"Food insecure, moderate or severe",10,
2018,Newfoundland and Labrador,,Filipino,"Food insecure, moderate",10,
2018,Newfoundland and Labrador,,Filipino,"Food insecure, severe",10,
2018,Newfoundland and Labrador,,Arab,Food secure,10,
2018,Newfoundland and Labrador,,Arab,Food insecure,10,
2018,Newfoundland and Labrador,,Arab,"Food insecure, marginal",10,
2018,Newfoundland and Labrador,,Arab,"Food insecure, moderate or severe",10,
2018,Newfoundland and Labrador,,Arab,"Food insecure, moderate",10,
2018,Newfoundland and Labrador,,Arab,"Food insecure, severe",10,
2018,Newfoundland and Labrador,,Latin American,Food secure,10,
2018,Newfoundland and Labrador,,Latin American,Food insecure,10,
2018,Newfoundland and Labrador,,Latin American,"Food insecure, marginal",10,
2018,Newfoundland and Labrador,,Latin American,"Food insecure, moderate or severe",10,
2018,Newfoundland and Labrador,,Latin American,"Food insecure, moderate",10,
2018,Newfoundland and Labrador,,Latin American,"Food insecure, severe",10,
2018,Newfoundland and Labrador,,Southeast Asian,Food secure,10,
2018,Newfoundland and Labrador,,Southeast Asian,Food insecure,10,
2018,Newfoundland and Labrador,,Southeast Asian,"Food insecure, marginal",10,
2018,Newfoundland and Labrador,,Southeast Asian,"Food insecure, moderate or severe",10,
2018,Newfoundland and Labrador,,Southeast Asian,"Food insecure, moderate",10,
2018,Newfoundland and Labrador,,Southeast Asian,"Food insecure, severe",10,
2018,Newfoundland and Labrador,,Other visible minority,Food secure,10,
2018,Newfoundland and Labrador,,Other visible minority,Food insecure,10,
2018,Newfoundland and Labrador,,Other visible minority,"Food insecure, marginal",10,
2018,Newfoundland and Labrador,,Other visible minority,"Food insecure, moderate or severe",10,
2018,Newfoundland and Labrador,,Other visible minority,"Food insecure, moderate",10,
2018,Newfoundland and Labrador,,Other visible minority,"Food insecure, severe",10,
2018,Newfoundland and Labrador,,Not a visible minority,Food secure,10,
2018,Newfoundland and Labrador,,Not a visible minority,Food insecure,10,
2018,Newfoundland and Labrador,,Not a visible minority,"Food insecure, marginal",10,
2018,Newfoundland and Labrador,,Not a visible minority,"Food insecure, moderate or severe",10,
2018,Newfoundland and Labrador,,Not a visible minority,"Food insecure, moderate",10,
2018,Newfoundland and Labrador,,Not a visible minority,"Food insecure, severe",10,
2018,Newfoundland and Labrador,,Indigenous population,Food secure,10,
2018,Newfoundland and Labrador,,Indigenous population,Food insecure,10,
2018,Newfoundland and Labrador,,Indigenous population,"Food insecure, marginal",10,
2018,Newfoundland and Labrador,,Indigenous population,"Food insecure, moderate or severe",10,
2018,Newfoundland and Labrador,,Indigenous population,"Food insecure, moderate",10,
2018,Newfoundland and Labrador,,Indigenous population,"Food insecure, severe",10,
2018,Newfoundland and Labrador,,Non-Indigenous population,Food secure,10,
2018,Newfoundland and Labrador,,Non-Indigenous population,Food insecure,10,
2018,Newfoundland and Labrador,,Non-Indigenous population,"Food insecure, marginal",10,
2018,Newfoundland and Labrador,,Non-Indigenous population,"Food insecure, moderate or severe",10,
2018,Newfoundland and Labrador,,Non-Indigenous population,"Food insecure, moderate",10,
2018,Newfoundland and Labrador,,Non-Indigenous population,"Food insecure, severe",10,
2018,Newfoundland and Labrador,,Not a visible minority nor Indigenous,Food secure,10,
2018,Newfoundland and Labrador,,Not a visible minority nor Indigenous,Food insecure,10,
2018,Newfoundland and Labrador,,Not a visible minority nor Indigenous,"Food insecure, marginal",10,
2018,Newfoundland and Labrador,,Not a visible minority nor Indigenous,"Food insecure, moderate or severe",10,
2018,Newfoundland and Labrador,,Not a visible minority nor Indigenous,"Food insecure, moderate",10,
2018,Newfoundland and Labrador,,Not a visible minority nor Indigenous,"Food insecure, severe",10,
2018,Newfoundland and Labrador,,All persons aged 15 years and over,Food secure,10,82.4
2018,Newfoundland and Labrador,,All persons aged 15 years and over,Food insecure,10,17.6
2018,Newfoundland and Labrador,,All persons aged 15 years and over,"Food insecure, marginal",10,6.3
2018,Newfoundland and Labrador,,All persons aged 15 years and over,"Food insecure, moderate or severe",10,11.3
2018,Newfoundland and Labrador,,All persons aged 15 years and over,"Food insecure, moderate",10,7.5
2018,Newfoundland and Labrador,,All persons aged 15 years and over,"Food insecure, severe",10,3.9
2018,Newfoundland and Labrador,,Indigenous population aged 15 years and over,Food secure,10,82.5
2018,Newfoundland and Labrador,,Indigenous population aged 15 years and over,Food insecure,10,17.5
2018,Newfoundland and Labrador,,Indigenous population aged 15 years and over,"Food insecure, marginal",10,8.1
2018,Newfoundland and Labrador,,Indigenous population aged 15 years and over,"Food insecure, moderate or severe",10,9.4
2018,Newfoundland and Labrador,,Indigenous population aged 15 years and over,"Food insecure, moderate",10,
2018,Newfoundland and Labrador,,Indigenous population aged 15 years and over,"Food insecure, severe",10,5.8
2018,Newfoundland and Labrador,,First Nations aged 15 years and over,Food secure,10,80.3
2018,Newfoundland and Labrador,,First Nations aged 15 years and over,Food insecure,10,19.7
2018,Newfoundland and Labrador,,First Nations aged 15 years and over,"Food insecure, marginal",10,10.0
2018,Newfoundland and Labrador,,First Nations aged 15 years and over,"Food insecure, moderate or severe",10,9.7
2018,Newfoundland and Labrador,,First Nations aged 15 years and over,"Food insecure, moderate",10,
2018,Newfoundland and Labrador,,First Nations aged 15 years and over,"Food insecure, severe",10,
2018,Newfoundland and Labrador,,Métis aged 15 years and over,Food secure,10,85.0
2018,Newfoundland and Labrador,,Métis aged 15 years and over,Food insecure,10,
2018,Newfoundland and Labrador,,Métis aged 15 years and over,"Food insecure, marginal",10,
2018,Newfoundland and Labrador,,Métis aged 15 years and over,"Food insecure, moderate or severe",10,
2018,Newfoundland and Labrador,,Métis aged 15 years and over,"Food insecure, moderate",10,
2018,Newfoundland and Labrador,,Métis aged 15 years and over,"Food insecure, severe",10,
2018,Newfoundland and Labrador,,Non-Indigenous population aged 15 years and over,Food secure,10,82.4
2018,Newfoundland and Labrador,,Non-Indigenous population aged 15 years and over,Food insecure,10,17.6
2018,Newfoundland and Labrador,,Non-Indigenous population aged 15 years and over,"Food insecure, marginal",10,6.1
2018,Newfoundland and Labrador,,Non-Indigenous population aged 15 years and over,"Food insecure, moderate or severe",10,11.5
2018,Newfoundland and Labrador,,Non-Indigenous population aged 15 years and over,"Food insecure, moderate",10,7.8
2018,Newfoundland and Labrador,,Non-Indigenous population aged 15 years and over,"Food insecure, severe",10,3.7
2018,Newfoundland and Labrador,,Immigrants aged 15 years and over,Food secure,10,70.7
2018,Newfoundland and Labrador,,Immigrants aged 15 years and over,Food insecure,10,
2018,Newfoundland and Labrador,,Immigrants aged 15 years and over,"Food insecure, marginal",10,
2018,Newfoundland and Labrador,,Immigrants aged 15 years and over,"Food insecure, moderate or severe",10,
2018,Newfoundland and Labrador,,Immigrants aged 15 years and over,"Food insecure, moderate",10,
2018,Newfoundland and Labrador,,Immigrants aged 15 years and over,"Food insecure, severe",10,
2018,Newfoundland and Labrador,,Recent immigrants (10 years or less) aged 15 years and over,Food secure,10,65.8
2018,Newfoundland and Labrador,,Recent immigrants (10 years or less) aged 15 years and over,Food insecure,10,
2018,Newfoundland and Labrador,,Recent immigrants (10 years or less) aged 15 years and over,"Food insecure, marginal",10,
2018,Newfoundland and Labrador,,Recent immigrants (10 years or less) aged 15 years and over,"Food insecure, moderate or severe",10,
2018,Newfoundland and Labrador,,Recent immigrants (10 years or less) aged 15 years and over,"Food insecure, moderate",10,
2018,Newfoundland and Labrador,,Recent immigrants (10 years or less) aged 15 years and over,"Food insecure, severe",10,
2018,Newfoundland and Labrador,,Very recent immigrants (5 years or less) aged 15 years and over,Food secure,10,
2018,Newfoundland and Labrador,,Very recent immigrants (5 years or less) aged 15 years and over,Food insecure,10,
2018,Newfoundland and Labrador,,Very recent immigrants (5 years or less) aged 15 years and over,"Food insecure, marginal",10,
2018,Newfoundland and Labrador,,Very recent immigrants (5 years or less) aged 15 years and over,"Food insecure, moderate or severe",10,
2018,Newfoundland and Labrador,,Very recent immigrants (5 years or less) aged 15 years and over,"Food insecure, moderate",10,
2018,Newfoundland and Labrador,,Very recent immigrants (5 years or less) aged 15 years and over,"Food insecure, severe",10,
2018,Newfoundland and Labrador,,Persons aged 15 years and over born in Canada,Food secure,10,82.9
2018,Newfoundland and Labrador,,Persons aged 15 years and over born in Canada,Food insecure,10,17.1
2018,Newfoundland and Labrador,,Persons aged 15 years and over born in Canada,"Food insecure, marginal",10,6.2
2018,Newfoundland and Labrador,,Persons aged 15 years and over born in Canada,"Food insecure, moderate or severe",10,11.0
2018,Newfoundland and Labrador,,Persons aged 15 years and over born in Canada,"Food insecure, moderate",10,7.0
2018,Newfoundland and Labrador,,Persons aged 15 years and over born in Canada,"Food insecure, severe",10,4.0
2018,Prince Edward Island,,All persons,Food secure,11,82.7
2018,Prince Edward Island,,All persons,Food insecure,11,17.3
2018,Prince Edward Island,,All persons,"Food insecure, marginal",11,5.0
2018,Prince Edward Island,,All persons,"Food insecure, moderate or severe",11,12.3
2018,Prince Edward Island,,All persons,"Food insecure, moderate",11,7.4
2018,Prince Edward Island,,All persons,"Food insecure, severe",11,4.9
2018,Prince Edward Island,,Persons under 18 years,Food secure,11,75.5
2018,Prince Edward Island,,Persons under 18 years,Food insecure,11,24.5
2018,Prince Edward Island,,Persons under 18 years,"Food insecure, marginal",11,7.5
2018,Prince Edward Island,,Persons under 18 years,"Food insecure, moderate or severe",11,17.0
2018,Prince Edward Island,,Persons under 18 years,"Food insecure, moderate",11,10.4
2018,Prince Edward Island,,Persons under 18 years,"Food insecure, severe",11,6.6
2018,Prince Edward Island,,Persons 18 to 64 years,Food secure,11,82.0
2018,Prince Edward Island,,Persons 18 to 64 years,Food insecure,11,18.0
2018,Prince Edward Island,,Persons 18 to 64 years,"Food insecure, marginal",11,4.6
2018,Prince Edward Island,,Persons 18 to 64 years,"Food insecure, moderate or severe",11,13.4
2018,Prince Edward Island,,Persons 18 to 64 years,"Food insecure, moderate",11,8.2
2018,Prince Edward Island,,Persons 18 to 64 years,"Food insecure, severe",11,5.2
2018,Prince Edward Island,,Persons 18 to 24 years,Food secure,11,83.8
2018,Prince Edward Island,,Persons 18 to 24 years,Food insecure,11,16.2
2018,Prince Edward Island,,Persons 18 to 24 years,"Food insecure, marginal",11,
2018,Prince Edward Island,,Persons 18 to 24 years,"Food insecure, moderate or severe",11,13.4
2018,Prince Edward Island,,Persons 18 to 24 years,"Food insecure, moderate",11,9.5
2018,Prince Edward Island,,Persons 18 to 24 years,"Food insecure, severe",11,
2018,Prince Edward Island,,Persons 25 to 34 years,Food secure,11,73.6
2018,Prince Edward Island,,Persons 25 to 34 years,Food insecure,11,26.4
2018,Prince Edward Island,,Persons 25 to 34 years,"Food insecure, marginal",11,7.9
2018,Prince Edward Island,,Persons 25 to 34 years,"Food insecure, moderate or severe",11,18.5
2018,Prince Edward Island,,Persons 25 to 34 years,"Food insecure, moderate",11,11.2
2018,Prince Edward Island,,Persons 25 to 34 years,"Food insecure, severe",11,7.3
2018,Prince Edward Island,,Persons 35 to 44 years,Food secure,11,81.6
2018,Prince Edward Island,,Persons 35 to 44 years,Food insecure,11,18.4
2018,Prince Edward Island,,Persons 35 to 44 years,"Food insecure, marginal",11,5.5
2018,Prince Edward Island,,Persons 35 to 44 years,"Food insecure, moderate or severe",11,13.0
2018,Prince Edward Island,,Persons 35 to 44 years,"Food insecure, moderate",11,6.4
2018,Prince Edward Island,,Persons 35 to 44 years,"Food insecure, severe",11,6.6
2018,Prince Edward Island,,Persons 45 to 54 years,Food secure,11,84.8
2018,Prince Edward Island,,Persons 45 to 54 years,Food insecure,11,15.2
2018,Prince Edward Island,,Persons 45 to 54 years,"Food insecure, marginal",11,3.3
2018,Prince Edward Island,,Persons 45 to 54 years,"Food insecure, moderate or severe",11,11.9
2018,Prince Edward Island,,Persons 45 to 54 years,"Food insecure, moderate",11,7.0
2018,Prince Edward Island,,Persons 45 to 54 years,"Food insecure, severe",11,5.0
2018,Prince Edward Island,,Persons 55 to 64 years,Food secure,11,85.4
2018,Prince Edward Island,,Persons 55 to 64 years,Food insecure,11,14.6
2018,Prince Edward Island,,Persons 55 to 64 years,"Food insecure, marginal",11,3.5
2018,Prince Edward Island,,Persons 55 to 64 years,"Food insecure, moderate or severe",11,11.1
2018,Prince Edward Island,,Persons 55 to 64 years,"Food insecure, moderate",11,7.5
2018,Prince Edward Island,,Persons 55 to 64 years,"Food insecure, severe",11,3.6
2018,Prince Edward Island,,Persons 65 years and over,Food secure,11,92.3
2018,Prince Edward Island,,Persons 65 years and over,Food insecure,11,7.7
2018,Prince Edward Island,,Persons 65 years and over,"Food insecure, marginal",11,3.6
2018,Prince Edward Island,,Persons 65 years and over,"Food insecure, moderate or severe",11,4.1
2018,Prince Edward Island,,Persons 65 years and over,"Food insecure, moderate",11,
2018,Prince Edward Island,,Persons 65 years and over,"Food insecure, severe",11,2.1
2018,Prince Edward Island,,Males,Food secure,11,83.4
2018,Prince Edward Island,,Males,Food insecure,11,16.6
2018,Prince Edward Island,,Males,"Food insecure, marginal",11,4.7
2018,Prince Edward Island,,Males,"Food insecure, moderate or severe",11,12.0
2018,Prince Edward Island,,Males,"Food insecure, moderate",11,7.1
2018,Prince Edward Island,,Males,"Food insecure, severe",11,4.9
2018,Prince Edward Island,,"Males, under 18 years",Food secure,11,78.0
2018,Prince Edward Island,,"Males, under 18 years",Food insecure,11,22.0
2018,Prince Edward Island,,"Males, under 18 years","Food insecure, marginal",11,6.1
2018,Prince Edward Island,,"Males, under 18 years","Food insecure, moderate or severe",11,15.9
2018,Prince Edward Island,,"Males, under 18 years","Food insecure, moderate",11,9.2
2018,Prince Edward Island,,"Males, under 18 years","Food insecure, severe",11,
2018,Prince Edward Island,,"Males, 18 to 64 years",Food secure,11,82.6
2018,Prince Edward Island,,"Males, 18 to 64 years",Food insecure,11,17.4
2018,Prince Edward Island,,"Males, 18 to 64 years","Food insecure, marginal",11,4.4
2018,Prince Edward Island,,"Males, 18 to 64 years","Food insecure, moderate or severe",11,13.0
2018,Prince Edward Island,,"Males, 18 to 64 years","Food insecure, moderate",11,7.8
2018,Prince Edward Island,,"Males, 18 to 64 years","Food insecure, severe",11,5.2
2018,Prince Edward Island,,"Males, 65 years and over",Food secure,11,92.0
2018,Prince Edward Island,,"Males, 65 years and over",Food insecure,11,8.0
2018,Prince Edward Island,,"Males, 65 years and over","Food insecure, marginal",11,
2018,Prince Edward Island,,"Males, 65 years and over","Food insecure, moderate or severe",11,4.2
2018,Prince Edward Island,,"Males, 65 years and over","Food insecure, moderate",11,
2018,Prince Edward Island,,"Males, 65 years and over","Food insecure, severe",11,
2018,Prince Edward Island,,Females,Food secure,11,82.1
2018,Prince Edward Island,,Females,Food insecure,11,17.9
2018,Prince Edward Island,,Females,"Food insecure, marginal",11,5.2
2018,Prince Edward Island,,Females,"Food insecure, moderate or severe",11,12.7
2018,Prince Edward Island,,Females,"Food insecure, moderate",11,7.8
2018,Prince Edward Island,,Females,"Food insecure, severe",11,4.9
2018,Prince Edward Island,,"Females, under 18 years",Food secure,11,73.1
2018,Prince Edward Island,,"Females, under 18 years",Food insecure,11,26.9
2018,Prince Edward Island,,"Females, under 18 years","Food insecure, marginal",11,8.8
2018,Prince Edward Island,,"Females, under 18 years","Food insecure, moderate or severe",11,18.1
2018,Prince Edward Island,,"Females, under 18 years","Food insecure, moderate",11,11.7
2018,Prince Edward Island,,"Females, under 18 years","Food insecure, severe",11,6.3
2018,Prince Edward Island,,"Females, 18 to 64 years",Food secure,11,81.5
2018,Prince Edward Island,,"Females, 18 to 64 years",Food insecure,11,18.5
2018,Prince Edward Island,,"Females, 18 to 64 years","Food insecure, marginal",11,4.8
2018,Prince Edward Island,,"Females, 18 to 64 years","Food insecure, moderate or severe",11,13.8
2018,Prince Edward Island,,"Females, 18 to 64 years","Food insecure, moderate",11,8.5
2018,Prince Edward Island,,"Females, 18 to 64 years","Food insecure, severe",11,5.3
2018,Prince Edward Island,,"Females, 65 years and over",Food secure,11,92.6
2018,Prince Edward Island,,"Females, 65 years and over",Food insecure,11,7.4
2018,Prince Edward Island,,"Females, 65 years and over","Food insecure, marginal",11,3.3
2018,Prince Edward Island,,"Females, 65 years and over","Food insecure, moderate or severe",11,4.1
2018,Prince Edward Island,,"Females, 65 years and over","Food insecure, moderate",11,
2018,Prince Edward Island,,"Females, 65 years and over","Food insecure, severe",11,
2018,Prince Edward Island,,Visible minority population,Food secure,11,
2018,Prince Edward Island,,Visible minority population,Food insecure,11,
2018,Prince Edward Island,,Visible minority population,"Food insecure, marginal",11,
2018,Prince Edward Island,,Visible minority population,"Food insecure, moderate or severe",11,
2018,Prince Edward Island,,Visible minority population,"Food insecure, moderate",11,
2018,Prince Edward Island,,Visible minority population,"Food insecure, severe",11,
2018,Prince Edward Island,,South Asian,Food secure,11,
2018,Prince Edward Island,,South Asian,Food insecure,11,
2018,Prince Edward Island,,South Asian,"Food insecure, marginal",11,
2018,Prince Edward Island,,South Asian,"Food insecure, moderate or severe",11,
2018,Prince Edward Island,,South Asian,"Food insecure, moderate",11,
2018,Prince Edward Island,,South Asian,"Food insecure, severe",11,
2018,Prince Edward Island,,Chinese,Food secure,11,
2018,Prince Edward Island,,Chinese,Food insecure,11,
2018,Prince Edward Island,,Chinese,"Food insecure, marginal",11,
2018,Prince Edward Island,,Chinese,"Food insecure, moderate or severe",11,
2018,Prince Edward Island,,Chinese,"Food insecure, moderate",11,
2018,Prince Edward Island,,Chinese,"Food insecure, severe",11,
2018,Prince Edward Island,,Black,Food secure,11,
2018,Prince Edward Island,,Black,Food insecure,11,
2018,Prince Edward Island,,Black,"Food insecure, marginal",11,
2018,Prince Edward Island,,Black,"Food insecure, moderate or severe",11,
2018,Prince Edward Island,,Black,"Food insecure, moderate",11,
2018,Prince Edward Island,,Black,"Food insecure, severe",11,
2018,Prince Edward Island,,Filipino,Food secure,11,
2018,Prince Edward Island,,Filipino,Food insecure,11,
2018,Prince Edward Island,,Filipino,"Food insecure, marginal",11,
2018,Prince Edward Island,,Filipino,"Food insecure, moderate or severe",11,
2018,Prince Edward Island,,Filipino,"Food insecure, moderate",11,
2018,Prince Edward Island,,Filipino,"Food insecure, severe",11,
2018,Prince Edward Island,,Arab,Food secure,11,
2018,Prince Edward Island,,Arab,Food insecure,11,
2018,Prince Edward Island,,Arab,"Food insecure, marginal",11,
2018,Prince Edward Island,,Arab,"Food insecure, moderate or severe",11,
2018,Prince Edward Island,,Arab,"Food insecure, moderate",11,
2018,Prince Edward Island,,Arab,"Food insecure, severe",11,
2018,Prince Edward Island,,Latin American,Food secure,11,
2018,Prince Edward Island,,Latin American,Food insecure,11,
2018,Prince Edward Island,,Latin American,"Food insecure, marginal",11,
2018,Prince Edward Island,,Latin American,"Food insecure, moderate or severe",11,
2018,Prince Edward Island,,Latin American,"Food insecure, moderate",11,
2018,Prince Edward Island,,Latin American,"Food insecure, severe",11,
2018,Prince Edward Island,,Southeast Asian,Food secure,11,
2018,Prince Edward Island,,Southeast Asian,Food insecure,11,
2018,Prince Edward Island,,Southeast Asian,"Food insecure, marginal",11,
2018,Prince Edward Island,,Southeast Asian,"Food insecure, moderate or severe",11,
2018,Prince Edward Island,,Southeast Asian,"Food insecure, moderate",11,
2018,Prince Edward Island,,Southeast Asian,"Food insecure, severe",11,
2018,Prince Edward Island,,Other visible minority,Food secure,11,
2018,Prince Edward Island,,Other visible minority,Food insecure,11,
2018,Prince Edward Island,,Other visible minority,"Food insecure, marginal",11,
2018,Prince Edward Island,,Other visible minority,"Food insecure, moderate or severe",11,
2018,Prince Edward Island,,Other visible minority,"Food insecure, moderate",11,
2018,Prince Edward Island,,Other visible minority,"Food insecure, severe",11,
2018,Prince Edward Island,,Not a visible minority,Food secure,11,
2018,Prince Edward Island,,Not a visible minority,Food insecure,11,
2018,Prince Edward Island,,Not a visible minority,"Food insecure, marginal",11,
2018,Prince Edward Island,,Not a visible minority,"Food insecure, moderate or severe",11,
2018,Prince Edward Island,,Not a visible minority,"Food insecure, moderate",11,
2018,Prince Edward Island,,Not a visible minority,"Food insecure, severe",11,
2018,Prince Edward Island,,Indigenous population,Food secure,11,
2018,Prince Edward Island,,Indigenous population,Food insecure,11,
2018,Prince Edward Island,,Indigenous population,"Food insecure, marginal",11,
2018,Prince Edward Island,,Indigenous population,"Food insecure, moderate or severe",11,
2018,Prince Edward Island,,Indigenous population,"Food insecure, moderate",11,
2018,Prince Edward Island,,Indigenous population,"Food insecure, severe",11,
2018,Prince Edward Island,,Non-Indigenous population,Food secure,11,
2018,Prince Edward Island,,Non-Indigenous population,Food insecure,11,
2018,Prince Edward Island,,Non-Indigenous population,"Food insecure, marginal",11,
2018,Prince Edward Island,,Non-Indigenous population,"Food insecure, moderate or severe",11,
2018,Prince Edward Island,,Non-Indigenous population,"Food insecure, moderate",11,
2018,Prince Edward Island,,Non-Indigenous population,"Food insecure, severe",11,
2018,Prince Edward Island,,Not a visible minority nor Indigenous,Food secure,11,
2018,Prince Edward Island,,Not a visible minority nor Indigenous,Food insecure,11,
2018,Prince Edward Island,,Not a visible minority nor Indigenous,"Food insecure, marginal",11,
2018,Prince Edward Island,,Not a visible minority nor Indigenous,"Food insecure, moderate or severe",11,
2018,Prince Edward Island,,Not a visible minority nor Indigenous,"Food insecure, moderate",11,
2018,Prince Edward Island,,Not a visible minority nor Indigenous,"Food insecure, severe",11,
2018,Prince Edward Island,,All persons aged 15 years and over,Food secure,11,84.3
2018,Prince Edward Island,,All persons aged 15 years and over,Food insecure,11,15.7
2018,Prince Edward Island,,All persons aged 15 years and over,"Food insecure, marginal",11,4.3
2018,Prince Edward Island,,All persons aged 15 years and over,"Food insecure, moderate or severe",11,11.4
2018,Prince Edward Island,,All persons aged 15 years and over,"Food insecure, moderate",11,6.8
2018,Prince Edward Island,,All persons aged 15 years and over,"Food insecure, severe",11,4.6
2018,Prince Edward Island,,Indigenous population aged 15 years and over,Food secure,11,70.2
2018,Prince Edward Island,,Indigenous population aged 15 years and over,Food insecure,11,
2018,Prince Edward Island,,Indigenous population aged 15 years and over,"Food insecure, marginal",11,
2018,Prince Edward Island,,Indigenous population aged 15 years and over,"Food insecure, moderate or severe",11,
2018,Prince Edward Island,,Indigenous population aged 15 years and over,"Food insecure, moderate",11,
2018,Prince Edward Island,,Indigenous population aged 15 years and over,"Food insecure, severe",11,
2018,Prince Edward Island,,First Nations aged 15 years and over,Food secure,11,
2018,Prince Edward Island,,First Nations aged 15 years and over,Food insecure,11,
2018,Prince Edward Island,,First Nations aged 15 years and over,"Food insecure, marginal",11,
2018,Prince Edward Island,,First Nations aged 15 years and over,"Food insecure, moderate or severe",11,
2018,Prince Edward Island,,First Nations aged 15 years and over,"Food insecure, moderate",11,
2018,Prince Edward Island,,First Nations aged 15 years and over,"Food insecure, severe",11,
2018,Prince Edward Island,,Métis aged 15 years and over,Food secure,11,
2018,Prince Edward Island,,Métis aged 15 years and over,Food insecure,11,
2018,Prince Edward Island,,Métis aged 15 years and over,"Food insecure, marginal",11,
2018,Prince Edward Island,,Métis aged 15 years and over,"Food insecure, moderate or severe",11,
2018,Prince Edward Island,,Métis aged 15 years and over,"Food insecure, moderate",11,
2018,Prince Edward Island,,Métis aged 15 years and over,"Food insecure, severe",11,
2018,Prince Edward Island,,Non-Indigenous population aged 15 years and over,Food secure,11,84.5
2018,Prince Edward Island,,Non-Indigenous population aged 15 years and over,Food insecure,11,15.5
2018,Prince Edward Island,,Non-Indigenous population aged 15 years and over,"Food insecure, marginal",11,4.3
2018,Prince Edward Island,,Non-Indigenous population aged 15 years and over,"Food insecure, moderate or severe",11,11.2
2018,Prince Edward Island,,Non-Indigenous population aged 15 years and over,"Food insecure, moderate",11,6.7
2018,Prince Edward Island,,Non-Indigenous population aged 15 years and over,"Food insecure, severe",11,4.5
2018,Prince Edward Island,,Immigrants aged 15 years and over,Food secure,11,92.9
2018,Prince Edward Island,,Immigrants aged 15 years and over,Food insecure,11,
2018,Prince Edward Island,,Immigrants aged 15 years and over,"Food insecure, marginal",11,
2018,Prince Edward Island,,Immigrants aged 15 years and over,"Food insecure, moderate or severe",11,
2018,Prince Edward Island,,Immigrants aged 15 years and over,"Food insecure, moderate",11,
2018,Prince Edward Island,,Immigrants aged 15 years and over,"Food insecure, severe",11,
2018,Prince Edward Island,,Recent immigrants (10 years or less) aged 15 years and over,Food secure,11,98.8
2018,Prince Edward Island,,Recent immigrants (10 years or less) aged 15 years and over,Food insecure,11,
2018,Prince Edward Island,,Recent immigrants (10 years or less) aged 15 years and over,"Food insecure, marginal",11,
2018,Prince Edward Island,,Recent immigrants (10 years or less) aged 15 years and over,"Food insecure, moderate or severe",11,
2018,Prince Edward Island,,Recent immigrants (10 years or less) aged 15 years and over,"Food insecure, moderate",11,
2018,Prince Edward Island,,Recent immigrants (10 years or less) aged 15 years and over,"Food insecure, severe",11,
2018,Prince Edward Island,,Very recent immigrants (5 years or less) aged 15 years and over,Food secure,11,98.3
2018,Prince Edward Island,,Very recent immigrants (5 years or less) aged 15 years and over,Food insecure,11,
2018,Prince Edward Island,,Very recent immigrants (5 years or less) aged 15 years and over,"Food insecure, marginal",11,
2018,Prince Edward Island,,Very recent immigrants (5 years or less) aged 15 years and over,"Food insecure, moderate or severe",11,
2018,Prince Edward Island,,Very recent immigrants (5 years or less) aged 15 years and over,"Food insecure, moderate",11,
2018,Prince Edward Island,,Very recent immigrants (5 years or less) aged 15 years and over,"Food insecure, severe",11,
2018,Prince Edward Island,,Persons aged 15 years and over born in Canada,Food secure,11,83.7
2018,Prince Edward Island,,Persons aged 15 years and over born in Canada,Food insecure,11,16.3
2018,Prince Edward Island,,Persons aged 15 years and over born in Canada,"Food insecure, marginal",11,4.3
2018,Prince Edward Island,,Persons aged 15 years and over born in Canada,"Food insecure, moderate or severe",11,12.0
2018,Prince Edward Island,,Persons aged 15 years and over born in Canada,"Food insecure, moderate",11,7.4
2018,Prince Edward Island,,Persons aged 15 years and over born in Canada,"Food insecure, severe",11,4.6
2018,Nova Scotia,,All persons,Food secure,12,79.1
2018,Nova Scotia,,All persons,Food insecure,12,20.9
2018,Nova Scotia,,All persons,"Food insecure, marginal",12,5.4
2018,Nova Scotia,,All persons,"Food insecure, moderate or severe",12,15.5
2018,Nova Scotia,,All persons,"Food insecure, moderate",12,9.6
2018,Nova Scotia,,All persons,"Food insecure, severe",12,5.9
2018,Nova Scotia,,Persons under 18 years,Food secure,12,71.8
2018,Nova Scotia,,Persons under 18 years,Food insecure,12,28.2
2018,Nova Scotia,,Persons under 18 years,"Food insecure, marginal",12,7.7
2018,Nova Scotia,,Persons under 18 years,"Food insecure, moderate or severe",12,20.4
2018,Nova Scotia,,Persons under 18 years,"Food insecure, moderate",12,14.2
2018,Nova Scotia,,Persons under 18 years,"Food insecure, severe",12,6.2
2018,Nova Scotia,,Persons 18 to 64 years,Food secure,12,78.0
2018,Nova Scotia,,Persons 18 to 64 years,Food insecure,12,22.0
2018,Nova Scotia,,Persons 18 to 64 years,"Food insecure, marginal",12,5.2
2018,Nova Scotia,,Persons 18 to 64 years,"Food insecure, moderate or severe",12,16.8
2018,Nova Scotia,,Persons 18 to 64 years,"Food insecure, moderate",12,10.1
2018,Nova Scotia,,Persons 18 to 64 years,"Food insecure, severe",12,6.7
2018,Nova Scotia,,Persons 18 to 24 years,Food secure,12,77.7
2018,Nova Scotia,,Persons 18 to 24 years,Food insecure,12,22.3
2018,Nova Scotia,,Persons 18 to 24 years,"Food insecure, marginal",12,4.7
2018,Nova Scotia,,Persons 18 to 24 years,"Food insecure, moderate or severe",12,17.6
2018,Nova Scotia,,Persons 18 to 24 years,"Food insecure, moderate",12,9.6
2018,Nova Scotia,,Persons 18 to 24 years,"Food insecure, severe",12,8.0
2018,Nova Scotia,,Persons 25 to 34 years,Food secure,12,71.2
2018,Nova Scotia,,Persons 25 to 34 years,Food insecure,12,28.8
2018,Nova Scotia,,Persons 25 to 34 years,"Food insecure, marginal",12,7.4
2018,Nova Scotia,,Persons 25 to 34 years,"Food insecure, moderate or severe",12,21.4
2018,Nova Scotia,,Persons 25 to 34 years,"Food insecure, moderate",12,12.9
2018,Nova Scotia,,Persons 25 to 34 years,"Food insecure, severe",12,8.5
2018,Nova Scotia,,Persons 35 to 44 years,Food secure,12,74.0
2018,Nova Scotia,,Persons 35 to 44 years,Food insecure,12,26.0
2018,Nova Scotia,,Persons 35 to 44 years,"Food insecure, marginal",12,7.0
2018,Nova Scotia,,Persons 35 to 44 years,"Food insecure, moderate or severe",12,19.0
2018,Nova Scotia,,Persons 35 to 44 years,"Food insecure, moderate",12,11.8
2018,Nova Scotia,,Persons 35 to 44 years,"Food insecure, severe",12,7.2
2018,Nova Scotia,,Persons 45 to 54 years,Food secure,12,80.6
2018,Nova Scotia,,Persons 45 to 54 years,Food insecure,12,19.4
2018,Nova Scotia,,Persons 45 to 54 years,"Food insecure, marginal",12,3.0
2018,Nova Scotia,,Persons 45 to 54 years,"Food insecure, moderate or severe",12,16.4
2018,Nova Scotia,,Persons 45 to 54 years,"Food insecure, moderate",12,11.1
2018,Nova Scotia,,Persons 45 to 54 years,"Food insecure, severe",12,5.3
2018,Nova Scotia,,Persons 55 to 64 years,Food secure,12,84.1
2018,Nova Scotia,,Persons 55 to 64 years,Food insecure,12,15.9
2018,Nova Scotia,,Persons 55 to 64 years,"Food insecure, marginal",12,4.3
2018,Nova Scotia,,Persons 55 to 64 years,"Food insecure, moderate or severe",12,11.6
2018,Nova Scotia,,Persons 55 to 64 years,"Food insecure, moderate",12,6.1
2018,Nova Scotia,,Persons 55 to 64 years,"Food insecure, severe",12,5.5
2018,Nova Scotia,,Persons 65 years and over,Food secure,12,88.7
2018,Nova Scotia,,Persons 65 years and over,Food insecure,12,11.3
2018,Nova Scotia,,Persons 65 years and over,"Food insecure, marginal",12,4.2
2018,Nova Scotia,,Persons 65 years and over,"Food insecure, moderate or severe",12,7.1
2018,Nova Scotia,,Persons 65 years and over,"Food insecure, moderate",12,4.0
2018,Nova Scotia,,Persons 65 years and over,"Food insecure, severe",12,3.1
2018,Nova Scotia,,Males,Food secure,12,79.2
2018,Nova Scotia,,Males,Food insecure,12,20.8
2018,Nova Scotia,,Males,"Food insecure, marginal",12,5.5
2018,Nova Scotia,,Males,"Food insecure, moderate or severe",12,15.3
2018,Nova Scotia,,Males,"Food insecure, moderate",12,9.5
2018,Nova Scotia,,Males,"Food insecure, severe",12,5.8
2018,Nova Scotia,,"Males, under 18 years",Food secure,12,71.4
2018,Nova Scotia,,"Males, under 18 years",Food insecure,12,28.6
2018,Nova Scotia,,"Males, under 18 years","Food insecure, marginal",12,7.7
2018,Nova Scotia,,"Males, under 18 years","Food insecure, moderate or severe",12,20.9
2018,Nova Scotia,,"Males, under 18 years","Food insecure, moderate",12,15.1
2018,Nova Scotia,,"Males, under 18 years","Food insecure, severe",12,5.8
2018,Nova Scotia,,"Males, 18 to 64 years",Food secure,12,78.7
2018,Nova Scotia,,"Males, 18 to 64 years",Food insecure,12,21.3
2018,Nova Scotia,,"Males, 18 to 64 years","Food insecure, marginal",12,5.1
2018,Nova Scotia,,"Males, 18 to 64 years","Food insecure, moderate or severe",12,16.2
2018,Nova Scotia,,"Males, 18 to 64 years","Food insecure, moderate",12,9.8
2018,Nova Scotia,,"Males, 18 to 64 years","Food insecure, severe",12,6.4
2018,Nova Scotia,,"Males, 65 years and over",Food secure,12,88.1
2018,Nova Scotia,,"Males, 65 years and over",Food insecure,12,11.9
2018,Nova Scotia,,"Males, 65 years and over","Food insecure, marginal",12,4.6
2018,Nova Scotia,,"Males, 65 years and over","Food insecure, moderate or severe",12,7.3
2018,Nova Scotia,,"Males, 65 years and over","Food insecure, moderate",12,3.5
2018,Nova Scotia,,"Males, 65 years and over","Food insecure, severe",12,3.8
2018,Nova Scotia,,Females,Food secure,12,79.0
2018,Nova Scotia,,Females,Food insecure,12,21.0
2018,Nova Scotia,,Females,"Food insecure, marginal",12,5.4
2018,Nova Scotia,,Females,"Food insecure, moderate or severe",12,15.6
2018,Nova Scotia,,Females,"Food insecure, moderate",12,9.6
2018,Nova Scotia,,Females,"Food insecure, severe",12,6.0
2018,Nova Scotia,,"Females, under 18 years",Food secure,12,72.3
2018,Nova Scotia,,"Females, under 18 years",Food insecure,12,27.7
2018,Nova Scotia,,"Females, under 18 years","Food insecure, marginal",12,7.8
2018,Nova Scotia,,"Females, under 18 years","Food insecure, moderate or severe",12,19.9
2018,Nova Scotia,,"Females, under 18 years","Food insecure, moderate",12,13.3
2018,Nova Scotia,,"Females, under 18 years","Food insecure, severe",12,6.6
2018,Nova Scotia,,"Females, 18 to 64 years",Food secure,12,77.4
2018,Nova Scotia,,"Females, 18 to 64 years",Food insecure,12,22.6
2018,Nova Scotia,,"Females, 18 to 64 years","Food insecure, marginal",12,5.2
2018,Nova Scotia,,"Females, 18 to 64 years","Food insecure, moderate or severe",12,17.4
2018,Nova Scotia,,"Females, 18 to 64 years","Food insecure, moderate",12,10.4
2018,Nova Scotia,,"Females, 18 to 64 years","Food insecure, severe",12,7.0
2018,Nova Scotia,,"Females, 65 years and over",Food secure,12,89.2
2018,Nova Scotia,,"Females, 65 years and over",Food insecure,12,10.8
2018,Nova Scotia,,"Females, 65 years and over","Food insecure, marginal",12,3.9
2018,Nova Scotia,,"Females, 65 years and over","Food insecure, moderate or severe",12,6.9
2018,Nova Scotia,,"Females, 65 years and over","Food insecure, moderate",12,4.4
2018,Nova Scotia,,"Females, 65 years and over","Food insecure, severe",12,2.5
2018,Nova Scotia,,Visible minority population,Food secure,12,
2018,Nova Scotia,,Visible minority population,Food insecure,12,
2018,Nova Scotia,,Visible minority population,"Food insecure, marginal",12,
2018,Nova Scotia,,Visible minority population,"Food insecure, moderate or severe",12,
2018,Nova Scotia,,Visible minority population,"Food insecure, moderate",12,
2018,Nova Scotia,,Visible minority population,"Food insecure, severe",12,
2018,Nova Scotia,,South Asian,Food secure,12,
2018,Nova Scotia,,South Asian,Food insecure,12,
2018,Nova Scotia,,South Asian,"Food insecure, marginal",12,
2018,Nova Scotia,,South Asian,"Food insecure, moderate or severe",12,
2018,Nova Scotia,,South Asian,"Food insecure, moderate",12,
2018,Nova Scotia,,South Asian,"Food insecure, severe",12,
2018,Nova Scotia,,Chinese,Food secure,12,
2018,Nova Scotia,,Chinese,Food insecure,12,
2018,Nova Scotia,,Chinese,"Food insecure, marginal",12,
2018,Nova Scotia,,Chinese,"Food insecure, moderate or severe",12,
2018,Nova Scotia,,Chinese,"Food insecure, moderate",12,
2018,Nova Scotia,,Chinese,"Food insecure, severe",12,
2018,Nova Scotia,,Black,Food secure,12,
2018,Nova Scotia,,Black,Food insecure,12,
2018,Nova Scotia,,Black,"Food insecure, marginal",12,
2018,Nova Scotia,,Black,"Food insecure, moderate or severe",12,
2018,Nova Scotia,,Black,"Food insecure, moderate",12,
2018,Nova Scotia,,Black,"Food insecure, severe",12,
2018,Nova Scotia,,Filipino,Food secure,12,
2018,Nova Scotia,,Filipino,Food insecure,12,
2018,Nova Scotia,,Filipino,"Food insecure, marginal",12,
2018,Nova Scotia,,Filipino,"Food insecure, moderate or severe",12,
2018,Nova Scotia,,Filipino,"Food insecure, moderate",12,
2018,Nova Scotia,,Filipino,"Food insecure, severe",12,
2018,Nova Scotia,,Arab,Food secure,12,
2018,Nova Scotia,,Arab,Food insecure,12,
2018,Nova Scotia,,Arab,"Food insecure, marginal",12,
2018,Nova Scotia,,Arab,"Food insecure, moderate or severe",12,
2018,Nova Scotia,,Arab,"Food insecure, moderate",12,
2018,Nova Scotia,,Arab,"Food insecure, severe",12,
2018,Nova Scotia,,Latin American,Food secure,12,
2018,Nova Scotia,,Latin American,Food insecure,12,
2018,Nova Scotia,,Latin American,"Food insecure, marginal",12,
2018,Nova Scotia,,Latin American,"Food insecure, moderate or severe",12,
2018,Nova Scotia,,Latin American,"Food insecure, moderate",12,
2018,Nova Scotia,,Latin American,"Food insecure, severe",12,
2018,Nova Scotia,,Southeast Asian,Food secure,12,
2018,Nova Scotia,,Southeast Asian,Food insecure,12,
2018,Nova Scotia,,Southeast Asian,"Food insecure, marginal",12,
2018,Nova Scotia,,Southeast Asian,"Food insecure, moderate or severe",12,
2018,Nova Scotia,,Southeast Asian,"Food insecure, moderate",12,
2018,Nova Scotia,,Southeast Asian,"Food insecure, severe",12,
2018,Nova Scotia,,Other visible minority,Food secure,12,
2018,Nova Scotia,,Other visible minority,Food insecure,12,
2018,Nova Scotia,,Other visible minority,"Food insecure, marginal",12,
2018,Nova Scotia,,Other visible minority,"Food insecure, moderate or severe",12,
2018,Nova Scotia,,Other visible minority,"Food insecure, moderate",12,
2018,Nova Scotia,,Other visible minority,"Food insecure, severe",12,
2018,Nova Scotia,,Not a visible minority,Food secure,12,
2018,Nova Scotia,,Not a visible minority,Food insecure,12,
2018,Nova Scotia,,Not a visible minority,"Food insecure, marginal",12,
2018,Nova Scotia,,Not a visible minority,"Food insecure, moderate or severe",12,
2018,Nova Scotia,,Not a visible minority,"Food insecure, moderate",12,
2018,Nova Scotia,,Not a visible minority,"Food insecure, severe",12,
2018,Nova Scotia,,Indigenous population,Food secure,12,
2018,Nova Scotia,,Indigenous population,Food insecure,12,
2018,Nova Scotia,,Indigenous population,"Food insecure, marginal",12,
2018,Nova Scotia,,Indigenous population,"Food insecure, moderate or severe",12,
2018,Nova Scotia,,Indigenous population,"Food insecure, moderate",12,
2018,Nova Scotia,,Indigenous population,"Food insecure, severe",12,
2018,Nova Scotia,,Non-Indigenous population,Food secure,12,
2018,Nova Scotia,,Non-Indigenous population,Food insecure,12,
2018,Nova Scotia,,Non-Indigenous population,"Food insecure, marginal",12,
2018,Nova Scotia,,Non-Indigenous population,"Food insecure, moderate or severe",12,
2018,Nova Scotia,,Non-Indigenous population,"Food insecure, moderate",12,
2018,Nova Scotia,,Non-Indigenous population,"Food insecure, severe",12,
2018,Nova Scotia,,Not a visible minority nor Indigenous,Food secure,12,
2018,Nova Scotia,,Not a visible minority nor Indigenous,Food insecure,12,
2018,Nova Scotia,,Not a visible minority nor Indigenous,"Food insecure, marginal",12,
2018,Nova Scotia,,Not a visible minority nor Indigenous,"Food insecure, moderate or severe",12,
2018,Nova Scotia,,Not a visible minority nor Indigenous,"Food insecure, moderate",12,
2018,Nova Scotia,,Not a visible minority nor Indigenous,"Food insecure, severe",12,
2018,Nova Scotia,,All persons aged 15 years and over,Food secure,12,80.5
2018,Nova Scotia,,All persons aged 15 years and over,Food insecure,12,19.5
2018,Nova Scotia,,All persons aged 15 years and over,"Food insecure, marginal",12,4.9
2018,Nova Scotia,,All persons aged 15 years and over,"Food insecure, moderate or severe",12,14.6
2018,Nova Scotia,,All persons aged 15 years and over,"Food insecure, moderate",12,8.8
2018,Nova Scotia,,All persons aged 15 years and over,"Food insecure, severe",12,5.8
2018,Nova Scotia,,Indigenous population aged 15 years and over,Food secure,12,65.6
2018,Nova Scotia,,Indigenous population aged 15 years and over,Food insecure,12,34.4
2018,Nova Scotia,,Indigenous population aged 15 years and over,"Food insecure, marginal",12,
2018,Nova Scotia,,Indigenous population aged 15 years and over,"Food insecure, moderate or severe",12,26.9
2018,Nova Scotia,,Indigenous population aged 15 years and over,"Food insecure, moderate",12,
2018,Nova Scotia,,Indigenous population aged 15 years and over,"Food insecure, severe",12,18.1
2018,Nova Scotia,,First Nations aged 15 years and over,Food secure,12,69.2
2018,Nova Scotia,,First Nations aged 15 years and over,Food insecure,12,30.8
2018,Nova Scotia,,First Nations aged 15 years and over,"Food insecure, marginal",12,
2018,Nova Scotia,,First Nations aged 15 years and over,"Food insecure, moderate or severe",12,24.8
2018,Nova Scotia,,First Nations aged 15 years and over,"Food insecure, moderate",12,
2018,Nova Scotia,,First Nations aged 15 years and over,"Food insecure, severe",12,
2018,Nova Scotia,,Métis aged 15 years and over,Food secure,12,65.3
2018,Nova Scotia,,Métis aged 15 years and over,Food insecure,12,34.7
2018,Nova Scotia,,Métis aged 15 years and over,"Food insecure, marginal",12,
2018,Nova Scotia,,Métis aged 15 years and over,"Food insecure, moderate or severe",12,25.9
2018,Nova Scotia,,Métis aged 15 years and over,"Food insecure, moderate",12,
2018,Nova Scotia,,Métis aged 15 years and over,"Food insecure, severe",12,
2018,Nova Scotia,,Non-Indigenous population aged 15 years and over,Food secure,12,81.0
2018,Nova Scotia,,Non-Indigenous population aged 15 years and over,Food insecure,12,19.0
2018,Nova Scotia,,Non-Indigenous population aged 15 years and over,"Food insecure, marginal",12,4.8
2018,Nova Scotia,,Non-Indigenous population aged 15 years and over,"Food insecure, moderate or severe",12,14.1
2018,Nova Scotia,,Non-Indigenous population aged 15 years and over,"Food insecure, moderate",12,8.8
2018,Nova Scotia,,Non-Indigenous population aged 15 years and over,"Food insecure, severe",12,5.3
2018,Nova Scotia,,Immigrants aged 15 years and over,Food secure,12,84.3
2018,Nova Scotia,,Immigrants aged 15 years and over,Food insecure,12,15.7
2018,Nova Scotia,,Immigrants aged 15 years and over,"Food insecure, marginal",12,
2018,Nova Scotia,,Immigrants aged 15 years and over,"Food insecure, moderate or severe",12,11.7
2018,Nova Scotia,,Immigrants aged 15 years and over,"Food insecure, moderate",12,9.3
2018,Nova Scotia,,Immigrants aged 15 years and over,"Food insecure, severe",12,
2018,Nova Scotia,,Recent immigrants (10 years or less) aged 15 years and over,Food secure,12,75.1
2018,Nova Scotia,,Recent immigrants (10 years or less) aged 15 years and over,Food insecure,12,24.9
2018,Nova Scotia,,Recent immigrants (10 years or less) aged 15 years and over,"Food insecure, marginal",12,
2018,Nova Scotia,,Recent immigrants (10 years or less) aged 15 years and over,"Food insecure, moderate or severe",12,
2018,Nova Scotia,,Recent immigrants (10 years or less) aged 15 years and over,"Food insecure, moderate",12,
2018,Nova Scotia,,Recent immigrants (10 years or less) aged 15 years and over,"Food insecure, severe",12,
2018,Nova Scotia,,Very recent immigrants (5 years or less) aged 15 years and over,Food secure,12,75.4
2018,Nova Scotia,,Very recent immigrants (5 years or less) aged 15 years and over,Food insecure,12,
2018,Nova Scotia,,Very recent immigrants (5 years or less) aged 15 years and over,"Food insecure, marginal",12,
2018,Nova Scotia,,Very recent immigrants (5 years or less) aged 15 years and over,"Food insecure, moderate or severe",12,
2018,Nova Scotia,,Very recent immigrants (5 years or less) aged 15 years and over,"Food insecure, moderate",12,
2018,Nova Scotia,,Very recent immigrants (5 years or less) aged 15 years and over,"Food insecure, severe",12,
2018,Nova Scotia,,Persons aged 15 years and over born in Canada,Food secure,12,80.0
2018,Nova Scotia,,Persons aged 15 years and over born in Canada,Food insecure,12,20.0
2018,Nova Scotia,,Persons aged 15 years and over born in Canada,"Food insecure, marginal",12,5.0
2018,Nova Scotia,,Persons aged 15 years and over born in Canada,"Food insecure, moderate or severe",12,15.0
2018,Nova Scotia,,Persons aged 15 years and over born in Canada,"Food insecure, moderate",12,8.8
2018,Nova Scotia,,Persons aged 15 years and over born in Canada,"Food insecure, severe",12,6.2
2018,New Brunswick,,All persons,Food secure,13,82.2
2018,New Brunswick,,All persons,Food insecure,13,17.8
2018,New Brunswick,,All persons,"Food insecure, marginal",13,5.1
2018,New Brunswick,,All persons,"Food insecure, moderate or severe",13,12.7
2018,New Brunswick,,All persons,"Food insecure, moderate",13,8.0
2018,New Brunswick,,All persons,"Food insecure, severe",13,4.7
2018,New Brunswick,,Persons under 18 years,Food secure,13,74.3
2018,New Brunswick,,Persons under 18 years,Food insecure,13,25.7
2018,New Brunswick,,Persons under 18 years,"Food insecure, marginal",13,7.4
2018,New Brunswick,,Persons under 18 years,"Food insecure, moderate or severe",13,18.3
2018,New Brunswick,,Persons under 18 years,"Food insecure, moderate",13,11.3
2018,New Brunswick,,Persons under 18 years,"Food insecure, severe",13,7.0
2018,New Brunswick,,Persons 18 to 64 years,Food secure,13,81.8
2018,New Brunswick,,Persons 18 to 64 years,Food insecure,13,18.2
2018,New Brunswick,,Persons 18 to 64 years,"Food insecure, marginal",13,5.0
2018,New Brunswick,,Persons 18 to 64 years,"Food insecure, moderate or severe",13,13.2
2018,New Brunswick,,Persons 18 to 64 years,"Food insecure, moderate",13,8.2
2018,New Brunswick,,Persons 18 to 64 years,"Food insecure, severe",13,5.0
2018,New Brunswick,,Persons 18 to 24 years,Food secure,13,83.8
2018,New Brunswick,,Persons 18 to 24 years,Food insecure,13,16.2
2018,New Brunswick,,Persons 18 to 24 years,"Food insecure, marginal",13,4.9
2018,New Brunswick,,Persons 18 to 24 years,"Food insecure, moderate or severe",13,11.3
2018,New Brunswick,,Persons 18 to 24 years,"Food insecure, moderate",13,6.8
2018,New Brunswick,,Persons 18 to 24 years,"Food insecure, severe",13,
2018,New Brunswick,,Persons 25 to 34 years,Food secure,13,80.4
2018,New Brunswick,,Persons 25 to 34 years,Food insecure,13,19.6
2018,New Brunswick,,Persons 25 to 34 years,"Food insecure, marginal",13,6.4
2018,New Brunswick,,Persons 25 to 34 years,"Food insecure, moderate or severe",13,13.2
2018,New Brunswick,,Persons 25 to 34 years,"Food insecure, moderate",13,9.5
2018,New Brunswick,,Persons 25 to 34 years,"Food insecure, severe",13,3.7
2018,New Brunswick,,Persons 35 to 44 years,Food secure,13,77.6
2018,New Brunswick,,Persons 35 to 44 years,Food insecure,13,22.4
2018,New Brunswick,,Persons 35 to 44 years,"Food insecure, marginal",13,6.5
2018,New Brunswick,,Persons 35 to 44 years,"Food insecure, moderate or severe",13,15.9
2018,New Brunswick,,Persons 35 to 44 years,"Food insecure, moderate",13,9.6
2018,New Brunswick,,Persons 35 to 44 years,"Food insecure, severe",13,6.3
2018,New Brunswick,,Persons 45 to 54 years,Food secure,13,83.2
2018,New Brunswick,,Persons 45 to 54 years,Food insecure,13,16.8
2018,New Brunswick,,Persons 45 to 54 years,"Food insecure, marginal",13,3.9
2018,New Brunswick,,Persons 45 to 54 years,"Food insecure, moderate or severe",13,12.9
2018,New Brunswick,,Persons 45 to 54 years,"Food insecure, moderate",13,7.5
2018,New Brunswick,,Persons 45 to 54 years,"Food insecure, severe",13,5.4
2018,New Brunswick,,Persons 55 to 64 years,Food secure,13,83.7
2018,New Brunswick,,Persons 55 to 64 years,Food insecure,13,16.3
2018,New Brunswick,,Persons 55 to 64 years,"Food insecure, marginal",13,4.1
2018,New Brunswick,,Persons 55 to 64 years,"Food insecure, moderate or severe",13,12.2
2018,New Brunswick,,Persons 55 to 64 years,"Food insecure, moderate",13,7.4
2018,New Brunswick,,Persons 55 to 64 years,"Food insecure, severe",13,4.8
2018,New Brunswick,,Persons 65 years and over,Food secure,13,90.0
2018,New Brunswick,,Persons 65 years and over,Food insecure,13,10.0
2018,New Brunswick,,Persons 65 years and over,"Food insecure, marginal",13,3.5
2018,New Brunswick,,Persons 65 years and over,"Food insecure, moderate or severe",13,6.5
2018,New Brunswick,,Persons 65 years and over,"Food insecure, moderate",13,4.7
2018,New Brunswick,,Persons 65 years and over,"Food insecure, severe",13,1.7
2018,New Brunswick,,Males,Food secure,13,82.1
2018,New Brunswick,,Males,Food insecure,13,17.9
2018,New Brunswick,,Males,"Food insecure, marginal",13,5.0
2018,New Brunswick,,Males,"Food insecure, moderate or severe",13,12.8
2018,New Brunswick,,Males,"Food insecure, moderate",13,8.1
2018,New Brunswick,,Males,"Food insecure, severe",13,4.8
2018,New Brunswick,,"Males, under 18 years",Food secure,13,75.0
2018,New Brunswick,,"Males, under 18 years",Food insecure,13,25.0
2018,New Brunswick,,"Males, under 18 years","Food insecure, marginal",13,6.1
2018,New Brunswick,,"Males, under 18 years","Food insecure, moderate or severe",13,18.9
2018,New Brunswick,,"Males, under 18 years","Food insecure, moderate",13,11.5
2018,New Brunswick,,"Males, under 18 years","Food insecure, severe",13,7.4
2018,New Brunswick,,"Males, 18 to 64 years",Food secure,13,82.0
2018,New Brunswick,,"Males, 18 to 64 years",Food insecure,13,18.0
2018,New Brunswick,,"Males, 18 to 64 years","Food insecure, marginal",13,5.1
2018,New Brunswick,,"Males, 18 to 64 years","Food insecure, moderate or severe",13,12.9
2018,New Brunswick,,"Males, 18 to 64 years","Food insecure, moderate",13,7.9
2018,New Brunswick,,"Males, 18 to 64 years","Food insecure, severe",13,5.0
2018,New Brunswick,,"Males, 65 years and over",Food secure,13,89.2
2018,New Brunswick,,"Males, 65 years and over",Food insecure,13,10.8
2018,New Brunswick,,"Males, 65 years and over","Food insecure, marginal",13,3.8
2018,New Brunswick,,"Males, 65 years and over","Food insecure, moderate or severe",13,7.0
2018,New Brunswick,,"Males, 65 years and over","Food insecure, moderate",13,5.3
2018,New Brunswick,,"Males, 65 years and over","Food insecure, severe",13,
2018,New Brunswick,,Females,Food secure,13,82.2
2018,New Brunswick,,Females,Food insecure,13,17.8
2018,New Brunswick,,Females,"Food insecure, marginal",13,5.2
2018,New Brunswick,,Females,"Food insecure, moderate or severe",13,12.6
2018,New Brunswick,,Females,"Food insecure, moderate",13,8.0
2018,New Brunswick,,Females,"Food insecure, severe",13,4.6
2018,New Brunswick,,"Females, under 18 years",Food secure,13,73.6
2018,New Brunswick,,"Females, under 18 years",Food insecure,13,26.4
2018,New Brunswick,,"Females, under 18 years","Food insecure, marginal",13,8.8
2018,New Brunswick,,"Females, under 18 years","Food insecure, moderate or severe",13,17.7
2018,New Brunswick,,"Females, under 18 years","Food insecure, moderate",13,11.1
2018,New Brunswick,,"Females, under 18 years","Food insecure, severe",13,6.6
2018,New Brunswick,,"Females, 18 to 64 years",Food secure,13,81.6
2018,New Brunswick,,"Females, 18 to 64 years",Food insecure,13,18.4
2018,New Brunswick,,"Females, 18 to 64 years","Food insecure, marginal",13,5.0
2018,New Brunswick,,"Females, 18 to 64 years","Food insecure, moderate or severe",13,13.5
2018,New Brunswick,,"Females, 18 to 64 years","Food insecure, moderate",13,8.5
2018,New Brunswick,,"Females, 18 to 64 years","Food insecure, severe",13,5.0
2018,New Brunswick,,"Females, 65 years and over",Food secure,13,90.8
2018,New Brunswick,,"Females, 65 years and over",Food insecure,13,9.2
2018,New Brunswick,,"Females, 65 years and over","Food insecure, marginal",13,3.2
2018,New Brunswick,,"Females, 65 years and over","Food insecure, moderate or severe",13,6.0
2018,New Brunswick,,"Females, 65 years and over","Food insecure, moderate",13,4.3
2018,New Brunswick,,"Females, 65 years and over","Food insecure, severe",13,1.8
2018,New Brunswick,,Visible minority population,Food secure,13,
2018,New Brunswick,,Visible minority population,Food insecure,13,
2018,New Brunswick,,Visible minority population,"Food insecure, marginal",13,
2018,New Brunswick,,Visible minority population,"Food insecure, moderate or severe",13,
2018,New Brunswick,,Visible minority population,"Food insecure, moderate",13,
2018,New Brunswick,,Visible minority population,"Food insecure, severe",13,
2018,New Brunswick,,South Asian,Food secure,13,
2018,New Brunswick,,South Asian,Food insecure,13,
2018,New Brunswick,,South Asian,"Food insecure, marginal",13,
2018,New Brunswick,,South Asian,"Food insecure, moderate or severe",13,
2018,New Brunswick,,South Asian,"Food insecure, moderate",13,
2018,New Brunswick,,South Asian,"Food insecure, severe",13,
2018,New Brunswick,,Chinese,Food secure,13,
2018,New Brunswick,,Chinese,Food insecure,13,
2018,New Brunswick,,Chinese,"Food insecure, marginal",13,
2018,New Brunswick,,Chinese,"Food insecure, moderate or severe",13,
2018,New Brunswick,,Chinese,"Food insecure, moderate",13,
2018,New Brunswick,,Chinese,"Food insecure, severe",13,
2018,New Brunswick,,Black,Food secure,13,
2018,New Brunswick,,Black,Food insecure,13,
2018,New Brunswick,,Black,"Food insecure, marginal",13,
2018,New Brunswick,,Black,"Food insecure, moderate or severe",13,
2018,New Brunswick,,Black,"Food insecure, moderate",13,
2018,New Brunswick,,Black,"Food insecure, severe",13,
2018,New Brunswick,,Filipino,Food secure,13,
2018,New Brunswick,,Filipino,Food insecure,13,
2018,New Brunswick,,Filipino,"Food insecure, marginal",13,
2018,New Brunswick,,Filipino,"Food insecure, moderate or severe",13,
2018,New Brunswick,,Filipino,"Food insecure, moderate",13,
2018,New Brunswick,,Filipino,"Food insecure, severe",13,
2018,New Brunswick,,Arab,Food secure,13,
2018,New Brunswick,,Arab,Food insecure,13,
2018,New Brunswick,,Arab,"Food insecure, marginal",13,
2018,New Brunswick,,Arab,"Food insecure, moderate or severe",13,
2018,New Brunswick,,Arab,"Food insecure, moderate",13,
2018,New Brunswick,,Arab,"Food insecure, severe",13,
2018,New Brunswick,,Latin American,Food secure,13,
2018,New Brunswick,,Latin American,Food insecure,13,
2018,New Brunswick,,Latin American,"Food insecure, marginal",13,
2018,New Brunswick,,Latin American,"Food insecure, moderate or severe",13,
2018,New Brunswick,,Latin American,"Food insecure, moderate",13,
2018,New Brunswick,,Latin American,"Food insecure, severe",13,
2018,New Brunswick,,Southeast Asian,Food secure,13,
2018,New Brunswick,,Southeast Asian,Food insecure,13,
2018,New Brunswick,,Southeast Asian,"Food insecure, marginal",13,
2018,New Brunswick,,Southeast Asian,"Food insecure, moderate or severe",13,
2018,New Brunswick,,Southeast Asian,"Food insecure, moderate",13,
2018,New Brunswick,,Southeast Asian,"Food insecure, severe",13,
2018,New Brunswick,,Other visible minority,Food secure,13,
2018,New Brunswick,,Other visible minority,Food insecure,13,
2018,New Brunswick,,Other visible minority,"Food insecure, marginal",13,
2018,New Brunswick,,Other visible minority,"Food insecure, moderate or severe",13,
2018,New Brunswick,,Other visible minority,"Food insecure, moderate",13,
2018,New Brunswick,,Other visible minority,"Food insecure, severe",13,
2018,New Brunswick,,Not a visible minority,Food secure,13,
2018,New Brunswick,,Not a visible minority,Food insecure,13,
2018,New Brunswick,,Not a visible minority,"Food insecure, marginal",13,
2018,New Brunswick,,Not a visible minority,"Food insecure, moderate or severe",13,
2018,New Brunswick,,Not a visible minority,"Food insecure, moderate",13,
2018,New Brunswick,,Not a visible minority,"Food insecure, severe",13,
2018,New Brunswick,,Indigenous population,Food secure,13,
2018,New Brunswick,,Indigenous population,Food insecure,13,
2018,New Brunswick,,Indigenous population,"Food insecure, marginal",13,
2018,New Brunswick,,Indigenous population,"Food insecure, moderate or severe",13,
2018,New Brunswick,,Indigenous population,"Food insecure, moderate",13,
2018,New Brunswick,,Indigenous population,"Food insecure, severe",13,
2018,New Brunswick,,Non-Indigenous population,Food secure,13,
2018,New Brunswick,,Non-Indigenous population,Food insecure,13,
2018,New Brunswick,,Non-Indigenous population,"Food insecure, marginal",13,
2018,New Brunswick,,Non-Indigenous population,"Food insecure, moderate or severe",13,
2018,New Brunswick,,Non-Indigenous population,"Food insecure, moderate",13,
2018,New Brunswick,,Non-Indigenous population,"Food insecure, severe",13,
2018,New Brunswick,,Not a visible minority nor Indigenous,Food secure,13,
2018,New Brunswick,,Not a visible minority nor Indigenous,Food insecure,13,
2018,New Brunswick,,Not a visible minority nor Indigenous,"Food insecure, marginal",13,
2018,New Brunswick,,Not a visible minority nor Indigenous,"Food insecure, moderate or severe",13,
2018,New Brunswick,,Not a visible minority nor Indigenous,"Food insecure, moderate",13,
2018,New Brunswick,,Not a visible minority nor Indigenous,"Food insecure, severe",13,
2018,New Brunswick,,All persons aged 15 years and over,Food secure,13,83.7
2018,New Brunswick,,All persons aged 15 years and over,Food insecure,13,16.3
2018,New Brunswick,,All persons aged 15 years and over,"Food insecure, marginal",13,4.8
2018,New Brunswick,,All persons aged 15 years and over,"Food insecure, moderate or severe",13,11.6
2018,New Brunswick,,All persons aged 15 years and over,"Food insecure, moderate",13,7.4
2018,New Brunswick,,All persons aged 15 years and over,"Food insecure, severe",13,4.2
2018,New Brunswick,,Indigenous population aged 15 years and over,Food secure,13,75.9
2018,New Brunswick,,Indigenous population aged 15 years and over,Food insecure,13,24.1
2018,New Brunswick,,Indigenous population aged 15 years and over,"Food insecure, marginal",13,
2018,New Brunswick,,Indigenous population aged 15 years and over,"Food insecure, moderate or severe",13,12.1
2018,New Brunswick,,Indigenous population aged 15 years and over,"Food insecure, moderate",13,
2018,New Brunswick,,Indigenous population aged 15 years and over,"Food insecure, severe",13,
2018,New Brunswick,,First Nations aged 15 years and over,Food secure,13,69.6
2018,New Brunswick,,First Nations aged 15 years and over,Food insecure,13,30.4
2018,New Brunswick,,First Nations aged 15 years and over,"Food insecure, marginal",13,
2018,New Brunswick,,First Nations aged 15 years and over,"Food insecure, moderate or severe",13,
2018,New Brunswick,,First Nations aged 15 years and over,"Food insecure, moderate",13,
2018,New Brunswick,,First Nations aged 15 years and over,"Food insecure, severe",13,
2018,New Brunswick,,Métis aged 15 years and over,Food secure,13,77.8
2018,New Brunswick,,Métis aged 15 years and over,Food insecure,13,
2018,New Brunswick,,Métis aged 15 years and over,"Food insecure, marginal",13,
2018,New Brunswick,,Métis aged 15 years and over,"Food insecure, moderate or severe",13,
2018,New Brunswick,,Métis aged 15 years and over,"Food insecure, moderate",13,
2018,New Brunswick,,Métis aged 15 years and over,"Food insecure, severe",13,
2018,New Brunswick,,Non-Indigenous population aged 15 years and over,Food secure,13,83.8
2018,New Brunswick,,Non-Indigenous population aged 15 years and over,Food insecure,13,16.2
2018,New Brunswick,,Non-Indigenous population aged 15 years and over,"Food insecure, marginal",13,4.6
2018,New Brunswick,,Non-Indigenous population aged 15 years and over,"Food insecure, moderate or severe",13,11.5
2018,New Brunswick,,Non-Indigenous population aged 15 years and over,"Food insecure, moderate",13,7.4
2018,New Brunswick,,Non-Indigenous population aged 15 years and over,"Food insecure, severe",13,4.2
2018,New Brunswick,,Immigrants aged 15 years and over,Food secure,13,89.9
2018,New Brunswick,,Immigrants aged 15 years and over,Food insecure,13,10.1
2018,New Brunswick,,Immigrants aged 15 years and over,"Food insecure, marginal",13,
2018,New Brunswick,,Immigrants aged 15 years and over,"Food insecure, moderate or severe",13,
2018,New Brunswick,,Immigrants aged 15 years and over,"Food insecure, moderate",13,
2018,New Brunswick,,Immigrants aged 15 years and over,"Food insecure, severe",13,
2018,New Brunswick,,Recent immigrants (10 years or less) aged 15 years and over,Food secure,13,93.5
2018,New Brunswick,,Recent immigrants (10 years or less) aged 15 years and over,Food insecure,13,
2018,New Brunswick,,Recent immigrants (10 years or less) aged 15 years and over,"Food insecure, marginal",13,
2018,New Brunswick,,Recent immigrants (10 years or less) aged 15 years and over,"Food insecure, moderate or severe",13,
2018,New Brunswick,,Recent immigrants (10 years or less) aged 15 years and over,"Food insecure, moderate",13,
2018,New Brunswick,,Recent immigrants (10 years or less) aged 15 years and over,"Food insecure, severe",13,
2018,New Brunswick,,Very recent immigrants (5 years or less) aged 15 years and over,Food secure,13,93.0
2018,New Brunswick,,Very recent immigrants (5 years or less) aged 15 years and over,Food insecure,13,
2018,New Brunswick,,Very recent immigrants (5 years or less) aged 15 years and over,"Food insecure, marginal",13,
2018,New Brunswick,,Very recent immigrants (5 years or less) aged 15 years and over,"Food insecure, moderate or severe",13,
2018,New Brunswick,,Very recent immigrants (5 years or less) aged 15 years and over,"Food insecure, moderate",13,
2018,New Brunswick,,Very recent immigrants (5 years or less) aged 15 years and over,"Food insecure, severe",13,
2018,New Brunswick,,Persons aged 15 years and over born in Canada,Food secure,13,83.2
2018,New Brunswick,,Persons aged 15 years and over born in Canada,Food insecure,13,16.8
2018,New Brunswick,,Persons aged 15 years and over born in Canada,"Food insecure, marginal",13,4.9
2018,New Brunswick,,Persons aged 15 years and over born in Canada,"Food insecure, moderate or severe",13,12.0
2018,New Brunswick,,Persons aged 15 years and over born in Canada,"Food insecure, moderate",13,7.5
2018,New Brunswick,,Persons aged 15 years and over born in Canada,"Food insecure, severe",13,4.4
2018,Quebec,,All persons,Food secure,24,85.6
2018,Quebec,,All persons,Food insecure,24,14.4
2018,Quebec,,All persons,"Food insecure, marginal",24,5.2
2018,Quebec,,All persons,"Food insecure, moderate or severe",24,9.2
2018,Quebec,,All persons,"Food insecure, moderate",24,7.0
2018,Quebec,,All persons,"Food insecure, severe",24,2.2
2018,Quebec,,Persons under 18 years,Food secure,24,79.7
2018,Quebec,,Persons under 18 years,Food insecure,24,20.3
2018,Quebec,,Persons under 18 years,"Food insecure, marginal",24,8.2
2018,Quebec,,Persons under 18 years,"Food insecure, moderate or severe",24,12.1
2018,Quebec,,Persons under 18 years,"Food insecure, moderate",24,10.2
2018,Quebec,,Persons under 18 years,"Food insecure, severe",24,2.0
2018,Quebec,,Persons 18 to 64 years,Food secure,24,84.9
2018,Quebec,,Persons 18 to 64 years,Food insecure,24,15.1
2018,Quebec,,Persons 18 to 64 years,"Food insecure, marginal",24,5.0
2018,Quebec,,Persons 18 to 64 years,"Food insecure, moderate or severe",24,10.0
2018,Quebec,,Persons 18 to 64 years,"Food insecure, moderate",24,7.4
2018,Quebec,,Persons 18 to 64 years,"Food insecure, severe",24,2.7
2018,Quebec,,Persons 18 to 24 years,Food secure,24,82.6
2018,Quebec,,Persons 18 to 24 years,Food insecure,24,17.4
2018,Quebec,,Persons 18 to 24 years,"Food insecure, marginal",24,5.4
2018,Quebec,,Persons 18 to 24 years,"Food insecure, moderate or severe",24,12.1
2018,Quebec,,Persons 18 to 24 years,"Food insecure, moderate",24,8.8
2018,Quebec,,Persons 18 to 24 years,"Food insecure, severe",24,3.3
2018,Quebec,,Persons 25 to 34 years,Food secure,24,83.5
2018,Quebec,,Persons 25 to 34 years,Food insecure,24,16.5
2018,Quebec,,Persons 25 to 34 years,"Food insecure, marginal",24,5.1
2018,Quebec,,Persons 25 to 34 years,"Food insecure, moderate or severe",24,11.4
2018,Quebec,,Persons 25 to 34 years,"Food insecure, moderate",24,8.3
2018,Quebec,,Persons 25 to 34 years,"Food insecure, severe",24,3.0
2018,Quebec,,Persons 35 to 44 years,Food secure,24,82.8
2018,Quebec,,Persons 35 to 44 years,Food insecure,24,17.2
2018,Quebec,,Persons 35 to 44 years,"Food insecure, marginal",24,6.3
2018,Quebec,,Persons 35 to 44 years,"Food insecure, moderate or severe",24,10.9
2018,Quebec,,Persons 35 to 44 years,"Food insecure, moderate",24,8.6
2018,Quebec,,Persons 35 to 44 years,"Food insecure, severe",24,2.3
2018,Quebec,,Persons 45 to 54 years,Food secure,24,85.9
2018,Quebec,,Persons 45 to 54 years,Food insecure,24,14.1
2018,Quebec,,Persons 45 to 54 years,"Food insecure, marginal",24,4.4
2018,Quebec,,Persons 45 to 54 years,"Food insecure, moderate or severe",24,9.7
2018,Quebec,,Persons 45 to 54 years,"Food insecure, moderate",24,6.4
2018,Quebec,,Persons 45 to 54 years,"Food insecure, severe",24,3.2
2018,Quebec,,Persons 55 to 64 years,Food secure,24,88.7
2018,Quebec,,Persons 55 to 64 years,Food insecure,24,11.3
2018,Quebec,,Persons 55 to 64 years,"Food insecure, marginal",24,4.1
2018,Quebec,,Persons 55 to 64 years,"Food insecure, moderate or severe",24,7.3
2018,Quebec,,Persons 55 to 64 years,"Food insecure, moderate",24,5.5
2018,Quebec,,Persons 55 to 64 years,"Food insecure, severe",24,1.8
2018,Quebec,,Persons 65 years and over,Food secure,24,94.0
2018,Quebec,,Persons 65 years and over,Food insecure,24,6.0
2018,Quebec,,Persons 65 years and over,"Food insecure, marginal",24,2.7
2018,Quebec,,Persons 65 years and over,"Food insecure, moderate or severe",24,3.4
2018,Quebec,,Persons 65 years and over,"Food insecure, moderate",24,2.5
2018,Quebec,,Persons 65 years and over,"Food insecure, severe",24,0.9
2018,Quebec,,Males,Food secure,24,85.6
2018,Quebec,,Males,Food insecure,24,14.4
2018,Quebec,,Males,"Food insecure, marginal",24,5.1
2018,Quebec,,Males,"Food insecure, moderate or severe",24,9.3
2018,Quebec,,Males,"Food insecure, moderate",24,7.0
2018,Quebec,,Males,"Food insecure, severe",24,2.3
2018,Quebec,,"Males, under 18 years",Food secure,24,79.9
2018,Quebec,,"Males, under 18 years",Food insecure,24,20.1
2018,Quebec,,"Males, under 18 years","Food insecure, marginal",24,7.4
2018,Quebec,,"Males, under 18 years","Food insecure, moderate or severe",24,12.8
2018,Quebec,,"Males, under 18 years","Food insecure, moderate",24,10.6
2018,Quebec,,"Males, under 18 years","Food insecure, severe",24,2.1
2018,Quebec,,"Males, 18 to 64 years",Food secure,24,85.1
2018,Quebec,,"Males, 18 to 64 years",Food insecure,24,14.9
2018,Quebec,,"Males, 18 to 64 years","Food insecure, marginal",24,5.1
2018,Quebec,,"Males, 18 to 64 years","Food insecure, moderate or severe",24,9.8
2018,Quebec,,"Males, 18 to 64 years","Food insecure, moderate",24,7.1
2018,Quebec,,"Males, 18 to 64 years","Food insecure, severe",24,2.7
2018,Quebec,,"Males, 65 years and over",Food secure,24,93.7
2018,Quebec,,"Males, 65 years and over",Food insecure,24,6.3
2018,Quebec,,"Males, 65 years and over","Food insecure, marginal",24,2.7
2018,Quebec,,"Males, 65 years and over","Food insecure, moderate or severe",24,3.6
2018,Quebec,,"Males, 65 years and over","Food insecure, moderate",24,2.6
2018,Quebec,,"Males, 65 years and over","Food insecure, severe",24,
2018,Quebec,,Females,Food secure,24,85.7
2018,Quebec,,Females,Food insecure,24,14.3
2018,Quebec,,Females,"Food insecure, marginal",24,5.3
2018,Quebec,,Females,"Food insecure, moderate or severe",24,9.1
2018,Quebec,,Females,"Food insecure, moderate",24,7.0
2018,Quebec,,Females,"Food insecure, severe",24,2.1
2018,Quebec,,"Females, under 18 years",Food secure,24,79.5
2018,Quebec,,"Females, under 18 years",Food insecure,24,20.5
2018,Quebec,,"Females, under 18 years","Food insecure, marginal",24,9.0
2018,Quebec,,"Females, under 18 years","Food insecure, moderate or severe",24,11.4
2018,Quebec,,"Females, under 18 years","Food insecure, moderate",24,9.7
2018,Quebec,,"Females, under 18 years","Food insecure, severe",24,
2018,Quebec,,"Females, 18 to 64 years",Food secure,24,84.7
2018,Quebec,,"Females, 18 to 64 years",Food insecure,24,15.3
2018,Quebec,,"Females, 18 to 64 years","Food insecure, marginal",24,5.0
2018,Quebec,,"Females, 18 to 64 years","Food insecure, moderate or severe",24,10.3
2018,Quebec,,"Females, 18 to 64 years","Food insecure, moderate",24,7.7
2018,Quebec,,"Females, 18 to 64 years","Food insecure, severe",24,2.6
2018,Quebec,,"Females, 65 years and over",Food secure,24,94.2
2018,Quebec,,"Females, 65 years and over",Food insecure,24,5.8
2018,Quebec,,"Females, 65 years and over","Food insecure, marginal",24,2.6
2018,Quebec,,"Females, 65 years and over","Food insecure, moderate or severe",24,3.2
2018,Quebec,,"Females, 65 years and over","Food insecure, moderate",24,2.4
2018,Quebec,,"Females, 65 years and over","Food insecure, severe",24,
2018,Quebec,,Visible minority population,Food secure,24,
2018,Quebec,,Visible minority population,Food insecure,24,
2018,Quebec,,Visible minority population,"Food insecure, marginal",24,
2018,Quebec,,Visible minority population,"Food insecure, moderate or severe",24,
2018,Quebec,,Visible minority population,"Food insecure, moderate",24,
2018,Quebec,,Visible minority population,"Food insecure, severe",24,
2018,Quebec,,South Asian,Food secure,24,
2018,Quebec,,South Asian,Food insecure,24,
2018,Quebec,,South Asian,"Food insecure, marginal",24,
2018,Quebec,,South Asian,"Food insecure, moderate or severe",24,
2018,Quebec,,South Asian,"Food insecure, moderate",24,
2018,Quebec,,South Asian,"Food insecure, severe",24,
2018,Quebec,,Chinese,Food secure,24,
2018,Quebec,,Chinese,Food insecure,24,
2018,Quebec,,Chinese,"Food insecure, marginal",24,
2018,Quebec,,Chinese,"Food insecure, moderate or severe",24,
2018,Quebec,,Chinese,"Food insecure, moderate",24,
2018,Quebec,,Chinese,"Food insecure, severe",24,
2018,Quebec,,Black,Food secure,24,
2018,Quebec,,Black,Food insecure,24,
2018,Quebec,,Black,"Food insecure, marginal",24,
2018,Quebec,,Black,"Food insecure, moderate or severe",24,
2018,Quebec,,Black,"Food insecure, moderate",24,
2018,Quebec,,Black,"Food insecure, severe",24,
2018,Quebec,,Filipino,Food secure,24,
2018,Quebec,,Filipino,Food insecure,24,
2018,Quebec,,Filipino,"Food insecure, marginal",24,
2018,Quebec,,Filipino,"Food insecure, moderate or severe",24,
2018,Quebec,,Filipino,"Food insecure, moderate",24,
2018,Quebec,,Filipino,"Food insecure, severe",24,
2018,Quebec,,Arab,Food secure,24,
2018,Quebec,,Arab,Food insecure,24,
2018,Quebec,,Arab,"Food insecure, marginal",24,
2018,Quebec,,Arab,"Food insecure, moderate or severe",24,
2018,Quebec,,Arab,"Food insecure, moderate",24,
2018,Quebec,,Arab,"Food insecure, severe",24,
2018,Quebec,,Latin American,Food secure,24,
2018,Quebec,,Latin American,Food insecure,24,
2018,Quebec,,Latin American,"Food insecure, marginal",24,
2018,Quebec,,Latin American,"Food insecure, moderate or severe",24,
2018,Quebec,,Latin American,"Food insecure, moderate",24,
2018,Quebec,,Latin American,"Food insecure, severe",24,
2018,Quebec,,Southeast Asian,Food secure,24,
2018,Quebec,,Southeast Asian,Food insecure,24,
2018,Quebec,,Southeast Asian,"Food insecure, marginal",24,
2018,Quebec,,Southeast Asian,"Food insecure, moderate or severe",24,
2018,Quebec,,Southeast Asian,"Food insecure, moderate",24,
2018,Quebec,,Southeast Asian,"Food insecure, severe",24,
2018,Quebec,,Other visible minority,Food secure,24,
2018,Quebec,,Other visible minority,Food insecure,24,
2018,Quebec,,Other visible minority,"Food insecure, marginal",24,
2018,Quebec,,Other visible minority,"Food insecure, moderate or severe",24,
2018,Quebec,,Other visible minority,"Food insecure, moderate",24,
2018,Quebec,,Other visible minority,"Food insecure, severe",24,
2018,Quebec,,Not a visible minority,Food secure,24,
2018,Quebec,,Not a visible minority,Food insecure,24,
2018,Quebec,,Not a visible minority,"Food insecure, marginal",24,
2018,Quebec,,Not a visible minority,"Food insecure, moderate or severe",24,
2018,Quebec,,Not a visible minority,"Food insecure, moderate",24,
2018,Quebec,,Not a visible minority,"Food insecure, severe",24,
2018,Quebec,,Indigenous population,Food secure,24,
2018,Quebec,,Indigenous population,Food insecure,24,
2018,Quebec,,Indigenous population,"Food insecure, marginal",24,
2018,Quebec,,Indigenous population,"Food insecure, moderate or severe",24,
2018,Quebec,,Indigenous population,"Food insecure, moderate",24,
2018,Quebec,,Indigenous population,"Food insecure, severe",24,
2018,Quebec,,Non-Indigenous population,Food secure,24,
2018,Quebec,,Non-Indigenous population,Food insecure,24,
2018,Quebec,,Non-Indigenous population,"Food insecure, marginal",24,
2018,Quebec,,Non-Indigenous population,"Food insecure, moderate or severe",24,
2018,Quebec,,Non-Indigenous population,"Food insecure, moderate",24,
2018,Quebec,,Non-Indigenous population,"Food insecure, severe",24,
2018,Quebec,,Not a visible minority nor Indigenous,Food secure,24,
2018,Quebec,,Not a visible minority nor Indigenous,Food insecure,24,
2018,Quebec,,Not a visible minority nor Indigenous,"Food insecure, marginal",24,
2018,Quebec,,Not a visible minority nor Indigenous,"Food insecure, moderate or severe",24,
2018,Quebec,,Not a visible minority nor Indigenous,"Food insecure, moderate",24,
2018,Quebec,,Not a visible minority nor Indigenous,"Food insecure, severe",24,
2018,Quebec,,All persons aged 15 years and over,Food secure,24,87.0
2018,Quebec,,All persons aged 15 years and over,Food insecure,24,13.0
2018,Quebec,,All persons aged 15 years and over,"Food insecure, marginal",24,4.5
2018,Quebec,,All persons aged 15 years and over,"Food insecure, moderate or severe",24,8.6
2018,Quebec,,All persons aged 15 years and over,"Food insecure, moderate",24,6.3
2018,Quebec,,All persons aged 15 years and over,"Food insecure, severe",24,2.3
2018,Quebec,,Indigenous population aged 15 years and over,Food secure,24,80.2
2018,Quebec,,Indigenous population aged 15 years and over,Food insecure,24,19.8
2018,Quebec,,Indigenous population aged 15 years and over,"Food insecure, marginal",24,
2018,Quebec,,Indigenous population aged 15 years and over,"Food insecure, moderate or severe",24,17.0
2018,Quebec,,Indigenous population aged 15 years and over,"Food insecure, moderate",24,9.4
2018,Quebec,,Indigenous population aged 15 years and over,"Food insecure, severe",24,
2018,Quebec,,First Nations aged 15 years and over,Food secure,24,72.9
2018,Quebec,,First Nations aged 15 years and over,Food insecure,24,27.1
2018,Quebec,,First Nations aged 15 years and over,"Food insecure, marginal",24,
2018,Quebec,,First Nations aged 15 years and over,"Food insecure, moderate or severe",24,25.8
2018,Quebec,,First Nations aged 15 years and over,"Food insecure, moderate",24,
2018,Quebec,,First Nations aged 15 years and over,"Food insecure, severe",24,
2018,Quebec,,Métis aged 15 years and over,Food secure,24,87.4
2018,Quebec,,Métis aged 15 years and over,Food insecure,24,
2018,Quebec,,Métis aged 15 years and over,"Food insecure, marginal",24,
2018,Quebec,,Métis aged 15 years and over,"Food insecure, moderate or severe",24,
2018,Quebec,,Métis aged 15 years and over,"Food insecure, moderate",24,
2018,Quebec,,Métis aged 15 years and over,"Food insecure, severe",24,
2018,Quebec,,Non-Indigenous population aged 15 years and over,Food secure,24,87.0
2018,Quebec,,Non-Indigenous population aged 15 years and over,Food insecure,24,13.0
2018,Quebec,,Non-Indigenous population aged 15 years and over,"Food insecure, marginal",24,4.5
2018,Quebec,,Non-Indigenous population aged 15 years and over,"Food insecure, moderate or severe",24,8.5
2018,Quebec,,Non-Indigenous population aged 15 years and over,"Food insecure, moderate",24,6.3
2018,Quebec,,Non-Indigenous population aged 15 years and over,"Food insecure, severe",24,2.2
2018,Quebec,,Immigrants aged 15 years and over,Food secure,24,79.1
2018,Quebec,,Immigrants aged 15 years and over,Food insecure,24,20.9
2018,Quebec,,Immigrants aged 15 years and over,"Food insecure, marginal",24,8.4
2018,Quebec,,Immigrants aged 15 years and over,"Food insecure, moderate or severe",24,12.5
2018,Quebec,,Immigrants aged 15 years and over,"Food insecure, moderate",24,9.2
2018,Quebec,,Immigrants aged 15 years and over,"Food insecure, severe",24,3.3
2018,Quebec,,Recent immigrants (10 years or less) aged 15 years and over,Food secure,24,71.1
2018,Quebec,,Recent immigrants (10 years or less) aged 15 years and over,Food insecure,24,28.9
2018,Quebec,,Recent immigrants (10 years or less) aged 15 years and over,"Food insecure, marginal",24,11.5
2018,Quebec,,Recent immigrants (10 years or less) aged 15 years and over,"Food insecure, moderate or severe",24,17.4
2018,Quebec,,Recent immigrants (10 years or less) aged 15 years and over,"Food insecure, moderate",24,12.5
2018,Quebec,,Recent immigrants (10 years or less) aged 15 years and over,"Food insecure, severe",24,
2018,Quebec,,Very recent immigrants (5 years or less) aged 15 years and over,Food secure,24,71.2
2018,Quebec,,Very recent immigrants (5 years or less) aged 15 years and over,Food insecure,24,28.8
2018,Quebec,,Very recent immigrants (5 years or less) aged 15 years and over,"Food insecure, marginal",24,13.1
2018,Quebec,,Very recent immigrants (5 years or less) aged 15 years and over,"Food insecure, moderate or severe",24,15.7
2018,Quebec,,Very recent immigrants (5 years or less) aged 15 years and over,"Food insecure, moderate",24,9.9
2018,Quebec,,Very recent immigrants (5 years or less) aged 15 years and over,"Food insecure, severe",24,
2018,Quebec,,Persons aged 15 years and over born in Canada,Food secure,24,88.8
2018,Quebec,,Persons aged 15 years and over born in Canada,Food insecure,24,11.2
2018,Quebec,,Persons aged 15 years and over born in Canada,"Food insecure, marginal",24,3.6
2018,Quebec,,Persons aged 15 years and over born in Canada,"Food insecure, moderate or severe",24,7.6
2018,Quebec,,Persons aged 15 years and over born in Canada,"Food insecure, moderate",24,5.6
2018,Quebec,,Persons aged 15 years and over born in Canada,"Food insecure, severe",24,2.0
2018,Ontario,,All persons,Food secure,35,83.0
2018,Ontario,,All persons,Food insecure,35,17.0
2018,Ontario,,All persons,"Food insecure, marginal",35,5.2
2018,Ontario,,All persons,"Food insecure, moderate or severe",35,11.8
2018,Ontario,,All persons,"Food insecure, moderate",35,8.3
2018,Ontario,,All persons,"Food insecure, severe",35,3.5
2018,Ontario,,Persons under 18 years,Food secure,35,77.6
2018,Ontario,,Persons under 18 years,Food insecure,35,22.4
2018,Ontario,,Persons under 18 years,"Food insecure, marginal",35,7.6
2018,Ontario,,Persons under 18 years,"Food insecure, moderate or severe",35,14.8
2018,Ontario,,Persons under 18 years,"Food insecure, moderate",35,10.9
2018,Ontario,,Persons under 18 years,"Food insecure, severe",35,3.9
2018,Ontario,,Persons 18 to 64 years,Food secure,35,82.3
2018,Ontario,,Persons 18 to 64 years,Food insecure,35,17.7
2018,Ontario,,Persons 18 to 64 years,"Food insecure, marginal",35,5.0
2018,Ontario,,Persons 18 to 64 years,"Food insecure, moderate or severe",35,12.7
2018,Ontario,,Persons 18 to 64 years,"Food insecure, moderate",35,8.8
2018,Ontario,,Persons 18 to 64 years,"Food insecure, severe",35,3.9
2018,Ontario,,Persons 18 to 24 years,Food secure,35,81.4
2018,Ontario,,Persons 18 to 24 years,Food insecure,35,18.6
2018,Ontario,,Persons 18 to 24 years,"Food insecure, marginal",35,4.2
2018,Ontario,,Persons 18 to 24 years,"Food insecure, moderate or severe",35,14.3
2018,Ontario,,Persons 18 to 24 years,"Food insecure, moderate",35,10.3
2018,Ontario,,Persons 18 to 24 years,"Food insecure, severe",35,4.0
2018,Ontario,,Persons 25 to 34 years,Food secure,35,83.5
2018,Ontario,,Persons 25 to 34 years,Food insecure,35,16.5
2018,Ontario,,Persons 25 to 34 years,"Food insecure, marginal",35,4.7
2018,Ontario,,Persons 25 to 34 years,"Food insecure, moderate or severe",35,11.8
2018,Ontario,,Persons 25 to 34 years,"Food insecure, moderate",35,8.0
2018,Ontario,,Persons 25 to 34 years,"Food insecure, severe",35,3.8
2018,Ontario,,Persons 35 to 44 years,Food secure,35,79.6
2018,Ontario,,Persons 35 to 44 years,Food insecure,35,20.4
2018,Ontario,,Persons 35 to 44 years,"Food insecure, marginal",35,7.4
2018,Ontario,,Persons 35 to 44 years,"Food insecure, moderate or severe",35,13.1
2018,Ontario,,Persons 35 to 44 years,"Food insecure, moderate",35,8.3
2018,Ontario,,Persons 35 to 44 years,"Food insecure, severe",35,4.8
2018,Ontario,,Persons 45 to 54 years,Food secure,35,81.7
2018,Ontario,,Persons 45 to 54 years,Food insecure,35,18.3
2018,Ontario,,Persons 45 to 54 years,"Food insecure, marginal",35,4.9
2018,Ontario,,Persons 45 to 54 years,"Food insecure, moderate or severe",35,13.4
2018,Ontario,,Persons 45 to 54 years,"Food insecure, moderate",35,9.6
2018,Ontario,,Persons 45 to 54 years,"Food insecure, severe",35,3.8
2018,Ontario,,Persons 55 to 64 years,Food secure,35,85.1
2018,Ontario,,Persons 55 to 64 years,Food insecure,35,14.9
2018,Ontario,,Persons 55 to 64 years,"Food insecure, marginal",35,3.5
2018,Ontario,,Persons 55 to 64 years,"Food insecure, moderate or severe",35,11.4
2018,Ontario,,Persons 55 to 64 years,"Food insecure, moderate",35,7.9
2018,Ontario,,Persons 55 to 64 years,"Food insecure, severe",35,3.5
2018,Ontario,,Persons 65 years and over,Food secure,35,91.7
2018,Ontario,,Persons 65 years and over,Food insecure,35,8.3
2018,Ontario,,Persons 65 years and over,"Food insecure, marginal",35,3.4
2018,Ontario,,Persons 65 years and over,"Food insecure, moderate or severe",35,4.9
2018,Ontario,,Persons 65 years and over,"Food insecure, moderate",35,3.6
2018,Ontario,,Persons 65 years and over,"Food insecure, severe",35,1.3
2018,Ontario,,Males,Food secure,35,83.1
2018,Ontario,,Males,Food insecure,35,16.9
2018,Ontario,,Males,"Food insecure, marginal",35,5.2
2018,Ontario,,Males,"Food insecure, moderate or severe",35,11.7
2018,Ontario,,Males,"Food insecure, moderate",35,8.1
2018,Ontario,,Males,"Food insecure, severe",35,3.6
2018,Ontario,,"Males, under 18 years",Food secure,35,78.1
2018,Ontario,,"Males, under 18 years",Food insecure,35,21.9
2018,Ontario,,"Males, under 18 years","Food insecure, marginal",35,6.9
2018,Ontario,,"Males, under 18 years","Food insecure, moderate or severe",35,15.0
2018,Ontario,,"Males, under 18 years","Food insecure, moderate",35,11.0
2018,Ontario,,"Males, under 18 years","Food insecure, severe",35,4.0
2018,Ontario,,"Males, 18 to 64 years",Food secure,35,82.6
2018,Ontario,,"Males, 18 to 64 years",Food insecure,35,17.4
2018,Ontario,,"Males, 18 to 64 years","Food insecure, marginal",35,5.2
2018,Ontario,,"Males, 18 to 64 years","Food insecure, moderate or severe",35,12.2
2018,Ontario,,"Males, 18 to 64 years","Food insecure, moderate",35,8.2
2018,Ontario,,"Males, 18 to 64 years","Food insecure, severe",35,4.0
2018,Ontario,,"Males, 65 years and over",Food secure,35,91.8
2018,Ontario,,"Males, 65 years and over",Food insecure,35,8.2
2018,Ontario,,"Males, 65 years and over","Food insecure, marginal",35,3.2
2018,Ontario,,"Males, 65 years and over","Food insecure, moderate or severe",35,5.1
2018,Ontario,,"Males, 65 years and over","Food insecure, moderate",35,3.7
2018,Ontario,,"Males, 65 years and over","Food insecure, severe",35,1.4
2018,Ontario,,Females,Food secure,35,82.9
2018,Ontario,,Females,Food insecure,35,17.1
2018,Ontario,,Females,"Food insecure, marginal",35,5.2
2018,Ontario,,Females,"Food insecure, moderate or severe",35,11.9
2018,Ontario,,Females,"Food insecure, moderate",35,8.5
2018,Ontario,,Females,"Food insecure, severe",35,3.4
2018,Ontario,,"Females, under 18 years",Food secure,35,77.0
2018,Ontario,,"Females, under 18 years",Food insecure,35,23.0
2018,Ontario,,"Females, under 18 years","Food insecure, marginal",35,8.4
2018,Ontario,,"Females, under 18 years","Food insecure, moderate or severe",35,14.6
2018,Ontario,,"Females, under 18 years","Food insecure, moderate",35,10.9
2018,Ontario,,"Females, under 18 years","Food insecure, severe",35,3.7
2018,Ontario,,"Females, 18 to 64 years",Food secure,35,82.1
2018,Ontario,,"Females, 18 to 64 years",Food insecure,35,17.9
2018,Ontario,,"Females, 18 to 64 years","Food insecure, marginal",35,4.7
2018,Ontario,,"Females, 18 to 64 years","Food insecure, moderate or severe",35,13.2
2018,Ontario,,"Females, 18 to 64 years","Food insecure, moderate",35,9.3
2018,Ontario,,"Females, 18 to 64 years","Food insecure, severe",35,3.9
2018,Ontario,,"Females, 65 years and over",Food secure,35,91.6
2018,Ontario,,"Females, 65 years and over",Food insecure,35,8.4
2018,Ontario,,"Females, 65 years and over","Food insecure, marginal",35,3.6
2018,Ontario,,"Females, 65 years and over","Food insecure, moderate or severe",35,4.8
2018,Ontario,,"Females, 65 years and over","Food insecure, moderate",35,3.5
2018,Ontario,,"Females, 65 years and over","Food insecure, severe",35,1.3
2018,Ontario,,Visible minority population,Food secure,35,
2018,Ontario,,Visible minority population,Food insecure,35,
2018,Ontario,,Visible minority population,"Food insecure, marginal",35,
2018,Ontario,,Visible minority population,"Food insecure, moderate or severe",35,
2018,Ontario,,Visible minority population,"Food insecure, moderate",35,
2018,Ontario,,Visible minority population,"Food insecure, severe",35,
2018,Ontario,,South Asian,Food secure,35,
2018,Ontario,,South Asian,Food insecure,35,
2018,Ontario,,South Asian,"Food insecure, marginal",35,
2018,Ontario,,South Asian,"Food insecure, moderate or severe",35,
2018,Ontario,,South Asian,"Food insecure, moderate",35,
2018,Ontario,,South Asian,"Food insecure, severe",35,
2018,Ontario,,Chinese,Food secure,35,
2018,Ontario,,Chinese,Food insecure,35,
2018,Ontario,,Chinese,"Food insecure, marginal",35,
2018,Ontario,,Chinese,"Food insecure, moderate or severe",35,
2018,Ontario,,Chinese,"Food insecure, moderate",35,
2018,Ontario,,Chinese,"Food insecure, severe",35,
2018,Ontario,,Black,Food secure,35,
2018,Ontario,,Black,Food insecure,35,
2018,Ontario,,Black,"Food insecure, marginal",35,
2018,Ontario,,Black,"Food insecure, moderate or severe",35,
2018,Ontario,,Black,"Food insecure, moderate",35,
2018,Ontario,,Black,"Food insecure, severe",35,
2018,Ontario,,Filipino,Food secure,35,
2018,Ontario,,Filipino,Food insecure,35,
2018,Ontario,,Filipino,"Food insecure, marginal",35,
2018,Ontario,,Filipino,"Food insecure, moderate or severe",35,
2018,Ontario,,Filipino,"Food insecure, moderate",35,
2018,Ontario,,Filipino,"Food insecure, severe",35,
2018,Ontario,,Arab,Food secure,35,
2018,Ontario,,Arab,Food insecure,35,
2018,Ontario,,Arab,"Food insecure, marginal",35,
2018,Ontario,,Arab,"Food insecure, moderate or severe",35,
2018,Ontario,,Arab,"Food insecure, moderate",35,
2018,Ontario,,Arab,"Food insecure, severe",35,
2018,Ontario,,Latin American,Food secure,35,
2018,Ontario,,Latin American,Food insecure,35,
2018,Ontario,,Latin American,"Food insecure, marginal",35,
2018,Ontario,,Latin American,"Food insecure, moderate or severe",35,
2018,Ontario,,Latin American,"Food insecure, moderate",35,
2018,Ontario,,Latin American,"Food insecure, severe",35,
2018,Ontario,,Southeast Asian,Food secure,35,
2018,Ontario,,Southeast Asian,Food insecure,35,
2018,Ontario,,Southeast Asian,"Food insecure, marginal",35,
2018,Ontario,,Southeast Asian,"Food insecure, moderate or severe",35,
2018,Ontario,,Southeast Asian,"Food insecure, moderate",35,
2018,Ontario,,Southeast Asian,"Food insecure, severe",35,
2018,Ontario,,Other visible minority,Food secure,35,
2018,Ontario,,Other visible minority,Food insecure,35,
2018,Ontario,,Other visible minority,"Food insecure, marginal",35,
2018,Ontario,,Other visible minority,"Food insecure, moderate or severe",35,
2018,Ontario,,Other visible minority,"Food insecure, moderate",35,
2018,Ontario,,Other visible minority,"Food insecure, severe",35,
2018,Ontario,,Not a visible minority,Food secure,35,
2018,Ontario,,Not a visible minority,Food insecure,35,
2018,Ontario,,Not a visible minority,"Food insecure, marginal",35,
2018,Ontario,,Not a visible minority,"Food insecure, moderate or severe",35,
2018,Ontario,,Not a visible minority,"Food insecure, moderate",35,
2018,Ontario,,Not a visible minority,"Food insecure, severe",35,
2018,Ontario,,Indigenous population,Food secure,35,
2018,Ontario,,Indigenous population,Food insecure,35,
2018,Ontario,,Indigenous population,"Food insecure, marginal",35,
2018,Ontario,,Indigenous population,"Food insecure, moderate or severe",35,
2018,Ontario,,Indigenous population,"Food insecure, moderate",35,
2018,Ontario,,Indigenous population,"Food insecure, severe",35,
2018,Ontario,,Non-Indigenous population,Food secure,35,
2018,Ontario,,Non-Indigenous population,Food insecure,35,
2018,Ontario,,Non-Indigenous population,"Food insecure, marginal",35,
2018,Ontario,,Non-Indigenous population,"Food insecure, moderate or severe",35,
2018,Ontario,,Non-Indigenous population,"Food insecure, moderate",35,
2018,Ontario,,Non-Indigenous population,"Food insecure, severe",35,
2018,Ontario,,Not a visible minority nor Indigenous,Food secure,35,
2018,Ontario,,Not a visible minority nor Indigenous,Food insecure,35,
2018,Ontario,,Not a visible minority nor Indigenous,"Food insecure, marginal",35,
2018,Ontario,,Not a visible minority nor Indigenous,"Food insecure, moderate or severe",35,
2018,Ontario,,Not a visible minority nor Indigenous,"Food insecure, moderate",35,
2018,Ontario,,Not a visible minority nor Indigenous,"Food insecure, severe",35,
2018,Ontario,,All persons aged 15 years and over,Food secure,35,84.2
2018,Ontario,,All persons aged 15 years and over,Food insecure,35,15.8
2018,Ontario,,All persons aged 15 years and over,"Food insecure, marginal",35,4.6
2018,Ontario,,All persons aged 15 years and over,"Food insecure, moderate or severe",35,11.2
2018,Ontario,,All persons aged 15 years and over,"Food insecure, moderate",35,7.8
2018,Ontario,,All persons aged 15 years and over,"Food insecure, severe",35,3.4
2018,Ontario,,Indigenous population aged 15 years and over,Food secure,35,77.3
2018,Ontario,,Indigenous population aged 15 years and over,Food insecure,35,22.7
2018,Ontario,,Indigenous population aged 15 years and over,"Food insecure, marginal",35,2.7
2018,Ontario,,Indigenous population aged 15 years and over,"Food insecure, moderate or severe",35,20.0
2018,Ontario,,Indigenous population aged 15 years and over,"Food insecure, moderate",35,11.8
2018,Ontario,,Indigenous population aged 15 years and over,"Food insecure, severe",35,8.2
2018,Ontario,,First Nations aged 15 years and over,Food secure,35,76.7
2018,Ontario,,First Nations aged 15 years and over,Food insecure,35,23.3
2018,Ontario,,First Nations aged 15 years and over,"Food insecure, marginal",35,
2018,Ontario,,First Nations aged 15 years and over,"Food insecure, moderate or severe",35,20.1
2018,Ontario,,First Nations aged 15 years and over,"Food insecure, moderate",35,11.1
2018,Ontario,,First Nations aged 15 years and over,"Food insecure, severe",35,9.0
2018,Ontario,,Métis aged 15 years and over,Food secure,35,77.9
2018,Ontario,,Métis aged 15 years and over,Food insecure,35,22.1
2018,Ontario,,Métis aged 15 years and over,"Food insecure, marginal",35,
2018,Ontario,,Métis aged 15 years and over,"Food insecure, moderate or severe",35,20.0
2018,Ontario,,Métis aged 15 years and over,"Food insecure, moderate",35,13.2
2018,Ontario,,Métis aged 15 years and over,"Food insecure, severe",35,
2018,Ontario,,Non-Indigenous population aged 15 years and over,Food secure,35,84.3
2018,Ontario,,Non-Indigenous population aged 15 years and over,Food insecure,35,15.7
2018,Ontario,,Non-Indigenous population aged 15 years and over,"Food insecure, marginal",35,4.7
2018,Ontario,,Non-Indigenous population aged 15 years and over,"Food insecure, moderate or severe",35,11.1
2018,Ontario,,Non-Indigenous population aged 15 years and over,"Food insecure, moderate",35,7.7
2018,Ontario,,Non-Indigenous population aged 15 years and over,"Food insecure, severe",35,3.3
2018,Ontario,,Immigrants aged 15 years and over,Food secure,35,83.8
2018,Ontario,,Immigrants aged 15 years and over,Food insecure,35,16.2
2018,Ontario,,Immigrants aged 15 years and over,"Food insecure, marginal",35,5.4
2018,Ontario,,Immigrants aged 15 years and over,"Food insecure, moderate or severe",35,10.8
2018,Ontario,,Immigrants aged 15 years and over,"Food insecure, moderate",35,8.5
2018,Ontario,,Immigrants aged 15 years and over,"Food insecure, severe",35,2.3
2018,Ontario,,Recent immigrants (10 years or less) aged 15 years and over,Food secure,35,80.2
2018,Ontario,,Recent immigrants (10 years or less) aged 15 years and over,Food insecure,35,19.8
2018,Ontario,,Recent immigrants (10 years or less) aged 15 years and over,"Food insecure, marginal",35,7.7
2018,Ontario,,Recent immigrants (10 years or less) aged 15 years and over,"Food insecure, moderate or severe",35,12.2
2018,Ontario,,Recent immigrants (10 years or less) aged 15 years and over,"Food insecure, moderate",35,10.4
2018,Ontario,,Recent immigrants (10 years or less) aged 15 years and over,"Food insecure, severe",35,1.7
2018,Ontario,,Very recent immigrants (5 years or less) aged 15 years and over,Food secure,35,83.2
2018,Ontario,,Very recent immigrants (5 years or less) aged 15 years and over,Food insecure,35,16.8
2018,Ontario,,Very recent immigrants (5 years or less) aged 15 years and over,"Food insecure, marginal",35,
2018,Ontario,,Very recent immigrants (5 years or less) aged 15 years and over,"Food insecure, moderate or severe",35,9.7
2018,Ontario,,Very recent immigrants (5 years or less) aged 15 years and over,"Food insecure, moderate",35,8.0
2018,Ontario,,Very recent immigrants (5 years or less) aged 15 years and over,"Food insecure, severe",35,
2018,Ontario,,Persons aged 15 years and over born in Canada,Food secure,35,84.4
2018,Ontario,,Persons aged 15 years and over born in Canada,Food insecure,35,15.6
2018,Ontario,,Persons aged 15 years and over born in Canada,"Food insecure, marginal",35,4.1
2018,Ontario,,Persons aged 15 years and over born in Canada,"Food insecure, moderate or severe",35,11.5
2018,Ontario,,Persons aged 15 years and over born in Canada,"Food insecure, moderate",35,7.4
2018,Ontario,,Persons aged 15 years and over born in Canada,"Food insecure, severe",35,4.1
2018,Prairie provinces,,All persons,Food secure,,81.1
2018,Prairie provinces,,All persons,Food insecure,,18.9
2018,Prairie provinces,,All persons,"Food insecure, marginal",,5.4
2018,Prairie provinces,,All persons,"Food insecure, moderate or severe",,13.5
2018,Prairie provinces,,All persons,"Food insecure, moderate",,8.4
2018,Prairie provinces,,All persons,"Food insecure, severe",,5.1
2018,Prairie provinces,,Persons under 18 years,Food secure,,75.8
2018,Prairie provinces,,Persons under 18 years,Food insecure,,24.2
2018,Prairie provinces,,Persons under 18 years,"Food insecure, marginal",,7.9
2018,Prairie provinces,,Persons under 18 years,"Food insecure, moderate or severe",,16.3
2018,Prairie provinces,,Persons under 18 years,"Food insecure, moderate",,11.1
2018,Prairie provinces,,Persons under 18 years,"Food insecure, severe",,5.2
2018,Prairie provinces,,Persons 18 to 64 years,Food secure,,80.9
2018,Prairie provinces,,Persons 18 to 64 years,Food insecure,,19.1
2018,Prairie provinces,,Persons 18 to 64 years,"Food insecure, marginal",,5.1
2018,Prairie provinces,,Persons 18 to 64 years,"Food insecure, moderate or severe",,14.0
2018,Prairie provinces,,Persons 18 to 64 years,"Food insecure, moderate",,8.4
2018,Prairie provinces,,Persons 18 to 64 years,"Food insecure, severe",,5.6
2018,Prairie provinces,,Persons 18 to 24 years,Food secure,,79.2
2018,Prairie provinces,,Persons 18 to 24 years,Food insecure,,20.8
2018,Prairie provinces,,Persons 18 to 24 years,"Food insecure, marginal",,5.6
2018,Prairie provinces,,Persons 18 to 24 years,"Food insecure, moderate or severe",,15.1
2018,Prairie provinces,,Persons 18 to 24 years,"Food insecure, moderate",,9.5
2018,Prairie provinces,,Persons 18 to 24 years,"Food insecure, severe",,5.7
2018,Prairie provinces,,Persons 25 to 34 years,Food secure,,78.9
2018,Prairie provinces,,Persons 25 to 34 years,Food insecure,,21.1
2018,Prairie provinces,,Persons 25 to 34 years,"Food insecure, marginal",,6.0
2018,Prairie provinces,,Persons 25 to 34 years,"Food insecure, moderate or severe",,15.1
2018,Prairie provinces,,Persons 25 to 34 years,"Food insecure, moderate",,9.2
2018,Prairie provinces,,Persons 25 to 34 years,"Food insecure, severe",,5.9
2018,Prairie provinces,,Persons 35 to 44 years,Food secure,,79.2
2018,Prairie provinces,,Persons 35 to 44 years,Food insecure,,20.8
2018,Prairie provinces,,Persons 35 to 44 years,"Food insecure, marginal",,6.1
2018,Prairie provinces,,Persons 35 to 44 years,"Food insecure, moderate or severe",,14.7
2018,Prairie provinces,,Persons 35 to 44 years,"Food insecure, moderate",,8.8
2018,Prairie provinces,,Persons 35 to 44 years,"Food insecure, severe",,6.0
2018,Prairie provinces,,Persons 45 to 54 years,Food secure,,82.1
2018,Prairie provinces,,Persons 45 to 54 years,Food insecure,,17.9
2018,Prairie provinces,,Persons 45 to 54 years,"Food insecure, marginal",,4.4
2018,Prairie provinces,,Persons 45 to 54 years,"Food insecure, moderate or severe",,13.6
2018,Prairie provinces,,Persons 45 to 54 years,"Food insecure, moderate",,8.4
2018,Prairie provinces,,Persons 45 to 54 years,"Food insecure, severe",,5.2
2018,Prairie provinces,,Persons 55 to 64 years,Food secure,,85.2
2018,Prairie provinces,,Persons 55 to 64 years,Food insecure,,14.8
2018,Prairie provinces,,Persons 55 to 64 years,"Food insecure, marginal",,3.3
2018,Prairie provinces,,Persons 55 to 64 years,"Food insecure, moderate or severe",,11.6
2018,Prairie provinces,,Persons 55 to 64 years,"Food insecure, moderate",,6.4
2018,Prairie provinces,,Persons 55 to 64 years,"Food insecure, severe",,5.2
2018,Prairie provinces,,Persons 65 years and over,Food secure,,90.9
2018,Prairie provinces,,Persons 65 years and over,Food insecure,,9.1
2018,Prairie provinces,,Persons 65 years and over,"Food insecure, marginal",,2.7
2018,Prairie provinces,,Persons 65 years and over,"Food insecure, moderate or severe",,6.4
2018,Prairie provinces,,Persons 65 years and over,"Food insecure, moderate",,3.8
2018,Prairie provinces,,Persons 65 years and over,"Food insecure, severe",,2.5
2018,Prairie provinces,,Males,Food secure,,81.2
2018,Prairie provinces,,Males,Food insecure,,18.8
2018,Prairie provinces,,Males,"Food insecure, marginal",,5.3
2018,Prairie provinces,,Males,"Food insecure, moderate or severe",,13.5
2018,Prairie provinces,,Males,"Food insecure, moderate",,8.3
2018,Prairie provinces,,Males,"Food insecure, severe",,5.2
2018,Prairie provinces,,"Males, under 18 years",Food secure,,75.4
2018,Prairie provinces,,"Males, under 18 years",Food insecure,,24.6
2018,Prairie provinces,,"Males, under 18 years","Food insecure, marginal",,7.7
2018,Prairie provinces,,"Males, under 18 years","Food insecure, moderate or severe",,16.9
2018,Prairie provinces,,"Males, under 18 years","Food insecure, moderate",,11.3
2018,Prairie provinces,,"Males, under 18 years","Food insecure, severe",,5.5
2018,Prairie provinces,,"Males, 18 to 64 years",Food secure,,81.3
2018,Prairie provinces,,"Males, 18 to 64 years",Food insecure,,18.7
2018,Prairie provinces,,"Males, 18 to 64 years","Food insecure, marginal",,4.9
2018,Prairie provinces,,"Males, 18 to 64 years","Food insecure, moderate or severe",,13.8
2018,Prairie provinces,,"Males, 18 to 64 years","Food insecure, moderate",,8.2
2018,Prairie provinces,,"Males, 18 to 64 years","Food insecure, severe",,5.6
2018,Prairie provinces,,"Males, 65 years and over",Food secure,,91.0
2018,Prairie provinces,,"Males, 65 years and over",Food insecure,,9.0
2018,Prairie provinces,,"Males, 65 years and over","Food insecure, marginal",,2.9
2018,Prairie provinces,,"Males, 65 years and over","Food insecure, moderate or severe",,6.2
2018,Prairie provinces,,"Males, 65 years and over","Food insecure, moderate",,3.3
2018,Prairie provinces,,"Males, 65 years and over","Food insecure, severe",,2.8
2018,Prairie provinces,,Females,Food secure,,81.0
2018,Prairie provinces,,Females,Food insecure,,19.0
2018,Prairie provinces,,Females,"Food insecure, marginal",,5.5
2018,Prairie provinces,,Females,"Food insecure, moderate or severe",,13.4
2018,Prairie provinces,,Females,"Food insecure, moderate",,8.5
2018,Prairie provinces,,Females,"Food insecure, severe",,5.0
2018,Prairie provinces,,"Females, under 18 years",Food secure,,76.2
2018,Prairie provinces,,"Females, under 18 years",Food insecure,,23.8
2018,Prairie provinces,,"Females, under 18 years","Food insecure, marginal",,8.1
2018,Prairie provinces,,"Females, under 18 years","Food insecure, moderate or severe",,15.7
2018,Prairie provinces,,"Females, under 18 years","Food insecure, moderate",,10.8
2018,Prairie provinces,,"Females, under 18 years","Food insecure, severe",,4.9
2018,Prairie provinces,,"Females, 18 to 64 years",Food secure,,80.5
2018,Prairie provinces,,"Females, 18 to 64 years",Food insecure,,19.5
2018,Prairie provinces,,"Females, 18 to 64 years","Food insecure, marginal",,5.3
2018,Prairie provinces,,"Females, 18 to 64 years","Food insecure, moderate or severe",,14.2
2018,Prairie provinces,,"Females, 18 to 64 years","Food insecure, moderate",,8.6
2018,Prairie provinces,,"Females, 18 to 64 years","Food insecure, severe",,5.6
2018,Prairie provinces,,"Females, 65 years and over",Food secure,,90.8
2018,Prairie provinces,,"Females, 65 years and over",Food insecure,,9.2
2018,Prairie provinces,,"Females, 65 years and over","Food insecure, marginal",,2.7
2018,Prairie provinces,,"Females, 65 years and over","Food insecure, moderate or severe",,6.6
2018,Prairie provinces,,"Females, 65 years and over","Food insecure, moderate",,4.3
2018,Prairie provinces,,"Females, 65 years and over","Food insecure, severe",,2.3
2018,Prairie provinces,,Visible minority population,Food secure,,
2018,Prairie provinces,,Visible minority population,Food insecure,,
2018,Prairie provinces,,Visible minority population,"Food insecure, marginal",,
2018,Prairie provinces,,Visible minority population,"Food insecure, moderate or severe",,
2018,Prairie provinces,,Visible minority population,"Food insecure, moderate",,
2018,Prairie provinces,,Visible minority population,"Food insecure, severe",,
2018,Prairie provinces,,South Asian,Food secure,,
2018,Prairie provinces,,South Asian,Food insecure,,
2018,Prairie provinces,,South Asian,"Food insecure, marginal",,
2018,Prairie provinces,,South Asian,"Food insecure, moderate or severe",,
2018,Prairie provinces,,South Asian,"Food insecure, moderate",,
2018,Prairie provinces,,South Asian,"Food insecure, severe",,
2018,Prairie provinces,,Chinese,Food secure,,
2018,Prairie provinces,,Chinese,Food insecure,,
2018,Prairie provinces,,Chinese,"Food insecure, marginal",,
2018,Prairie provinces,,Chinese,"Food insecure, moderate or severe",,
2018,Prairie provinces,,Chinese,"Food insecure, moderate",,
2018,Prairie provinces,,Chinese,"Food insecure, severe",,
2018,Prairie provinces,,Black,Food secure,,
2018,Prairie provinces,,Black,Food insecure,,
2018,Prairie provinces,,Black,"Food insecure, marginal",,
2018,Prairie provinces,,Black,"Food insecure, moderate or severe",,
2018,Prairie provinces,,Black,"Food insecure, moderate",,
2018,Prairie provinces,,Black,"Food insecure, severe",,
2018,Prairie provinces,,Filipino,Food secure,,
2018,Prairie provinces,,Filipino,Food insecure,,
2018,Prairie provinces,,Filipino,"Food insecure, marginal",,
2018,Prairie provinces,,Filipino,"Food insecure, moderate or severe",,
2018,Prairie provinces,,Filipino,"Food insecure, moderate",,
2018,Prairie provinces,,Filipino,"Food insecure, severe",,
2018,Prairie provinces,,Arab,Food secure,,
2018,Prairie provinces,,Arab,Food insecure,,
2018,Prairie provinces,,Arab,"Food insecure, marginal",,
2018,Prairie provinces,,Arab,"Food insecure, moderate or severe",,
2018,Prairie provinces,,Arab,"Food insecure, moderate",,
2018,Prairie provinces,,Arab,"Food insecure, severe",,
2018,Prairie provinces,,Latin American,Food secure,,
2018,Prairie provinces,,Latin American,Food insecure,,
2018,Prairie provinces,,Latin American,"Food insecure, marginal",,
2018,Prairie provinces,,Latin American,"Food insecure, moderate or severe",,
2018,Prairie provinces,,Latin American,"Food insecure, moderate",,
2018,Prairie provinces,,Latin American,"Food insecure, severe",,
2018,Prairie provinces,,Southeast Asian,Food secure,,
2018,Prairie provinces,,Southeast Asian,Food insecure,,
2018,Prairie provinces,,Southeast Asian,"Food insecure, marginal",,
2018,Prairie provinces,,Southeast Asian,"Food insecure, moderate or severe",,
2018,Prairie provinces,,Southeast Asian,"Food insecure, moderate",,
2018,Prairie provinces,,Southeast Asian,"Food insecure, severe",,
2018,Prairie provinces,,Other visible minority,Food secure,,
2018,Prairie provinces,,Other visible minority,Food insecure,,
2018,Prairie provinces,,Other visible minority,"Food insecure, marginal",,
2018,Prairie provinces,,Other visible minority,"Food insecure, moderate or severe",,
2018,Prairie provinces,,Other visible minority,"Food insecure, moderate",,
2018,Prairie provinces,,Other visible minority,"Food insecure, severe",,
2018,Prairie provinces,,Not a visible minority,Food secure,,
2018,Prairie provinces,,Not a visible minority,Food insecure,,
2018,Prairie provinces,,Not a visible minority,"Food insecure, marginal",,
2018,Prairie provinces,,Not a visible minority,"Food insecure, moderate or severe",,
2018,Prairie provinces,,Not a visible minority,"Food insecure, moderate",,
2018,Prairie provinces,,Not a visible minority,"Food insecure, severe",,
2018,Prairie provinces,,Indigenous population,Food secure,,
2018,Prairie provinces,,Indigenous population,Food insecure,,
2018,Prairie provinces,,Indigenous population,"Food insecure, marginal",,
2018,Prairie provinces,,Indigenous population,"Food insecure, moderate or severe",,
2018,Prairie provinces,,Indigenous population,"Food insecure, moderate",,
2018,Prairie provinces,,Indigenous population,"Food insecure, severe",,
2018,Prairie provinces,,Non-Indigenous population,Food secure,,
2018,Prairie provinces,,Non-Indigenous population,Food insecure,,
2018,Prairie provinces,,Non-Indigenous population,"Food insecure, marginal",,
2018,Prairie provinces,,Non-Indigenous population,"Food insecure, moderate or severe",,
2018,Prairie provinces,,Non-Indigenous population,"Food insecure, moderate",,
2018,Prairie provinces,,Non-Indigenous population,"Food insecure, severe",,
2018,Prairie provinces,,Not a visible minority nor Indigenous,Food secure,,
2018,Prairie provinces,,Not a visible minority nor Indigenous,Food insecure,,
2018,Prairie provinces,,Not a visible minority nor Indigenous,"Food insecure, marginal",,
2018,Prairie provinces,,Not a visible minority nor Indigenous,"Food insecure, moderate or severe",,
2018,Prairie provinces,,Not a visible minority nor Indigenous,"Food insecure, moderate",,
2018,Prairie provinces,,Not a visible minority nor Indigenous,"Food insecure, severe",,
2018,Prairie provinces,,All persons aged 15 years and over,Food secure,,82.5
2018,Prairie provinces,,All persons aged 15 years and over,Food insecure,,17.5
2018,Prairie provinces,,All persons aged 15 years and over,"Food insecure, marginal",,4.7
2018,Prairie provinces,,All persons aged 15 years and over,"Food insecure, moderate or severe",,12.8
2018,Prairie provinces,,All persons aged 15 years and over,"Food insecure, moderate",,7.7
2018,Prairie provinces,,All persons aged 15 years and over,"Food insecure, severe",,5.1
2018,Prairie provinces,,Indigenous population aged 15 years and over,Food secure,,67.1
2018,Prairie provinces,,Indigenous population aged 15 years and over,Food insecure,,32.9
2018,Prairie provinces,,Indigenous population aged 15 years and over,"Food insecure, marginal",,5.5
2018,Prairie provinces,,Indigenous population aged 15 years and over,"Food insecure, moderate or severe",,27.3
2018,Prairie provinces,,Indigenous population aged 15 years and over,"Food insecure, moderate",,15.3
2018,Prairie provinces,,Indigenous population aged 15 years and over,"Food insecure, severe",,12.0
2018,Prairie provinces,,First Nations aged 15 years and over,Food secure,,65.2
2018,Prairie provinces,,First Nations aged 15 years and over,Food insecure,,34.8
2018,Prairie provinces,,First Nations aged 15 years and over,"Food insecure, marginal",,4.6
2018,Prairie provinces,,First Nations aged 15 years and over,"Food insecure, moderate or severe",,30.2
2018,Prairie provinces,,First Nations aged 15 years and over,"Food insecure, moderate",,16.1
2018,Prairie provinces,,First Nations aged 15 years and over,"Food insecure, severe",,14.1
2018,Prairie provinces,,Métis aged 15 years and over,Food secure,,68.9
2018,Prairie provinces,,Métis aged 15 years and over,Food insecure,,31.1
2018,Prairie provinces,,Métis aged 15 years and over,"Food insecure, marginal",,6.2
2018,Prairie provinces,,Métis aged 15 years and over,"Food insecure, moderate or severe",,24.9
2018,Prairie provinces,,Métis aged 15 years and over,"Food insecure, moderate",,14.8
2018,Prairie provinces,,Métis aged 15 years and over,"Food insecure, severe",,10.1
2018,Prairie provinces,,Non-Indigenous population aged 15 years and over,Food secure,,83.4
2018,Prairie provinces,,Non-Indigenous population aged 15 years and over,Food insecure,,16.6
2018,Prairie provinces,,Non-Indigenous population aged 15 years and over,"Food insecure, marginal",,4.7
2018,Prairie provinces,,Non-Indigenous population aged 15 years and over,"Food insecure, moderate or severe",,11.9
2018,Prairie provinces,,Non-Indigenous population aged 15 years and over,"Food insecure, moderate",,7.3
2018,Prairie provinces,,Non-Indigenous population aged 15 years and over,"Food insecure, severe",,4.7
2018,Prairie provinces,,Immigrants aged 15 years and over,Food secure,,82.6
2018,Prairie provinces,,Immigrants aged 15 years and over,Food insecure,,17.4
2018,Prairie provinces,,Immigrants aged 15 years and over,"Food insecure, marginal",,6.0
2018,Prairie provinces,,Immigrants aged 15 years and over,"Food insecure, moderate or severe",,11.4
2018,Prairie provinces,,Immigrants aged 15 years and over,"Food insecure, moderate",,7.9
2018,Prairie provinces,,Immigrants aged 15 years and over,"Food insecure, severe",,3.4
2018,Prairie provinces,,Recent immigrants (10 years or less) aged 15 years and over,Food secure,,79.7
2018,Prairie provinces,,Recent immigrants (10 years or less) aged 15 years and over,Food insecure,,20.3
2018,Prairie provinces,,Recent immigrants (10 years or less) aged 15 years and over,"Food insecure, marginal",,8.5
2018,Prairie provinces,,Recent immigrants (10 years or less) aged 15 years and over,"Food insecure, moderate or severe",,11.8
2018,Prairie provinces,,Recent immigrants (10 years or less) aged 15 years and over,"Food insecure, moderate",,8.1
2018,Prairie provinces,,Recent immigrants (10 years or less) aged 15 years and over,"Food insecure, severe",,3.7
2018,Prairie provinces,,Very recent immigrants (5 years or less) aged 15 years and over,Food secure,,78.0
2018,Prairie provinces,,Very recent immigrants (5 years or less) aged 15 years and over,Food insecure,,22.0
2018,Prairie provinces,,Very recent immigrants (5 years or less) aged 15 years and over,"Food insecure, marginal",,8.6
2018,Prairie provinces,,Very recent immigrants (5 years or less) aged 15 years and over,"Food insecure, moderate or severe",,13.5
2018,Prairie provinces,,Very recent immigrants (5 years or less) aged 15 years and over,"Food insecure, moderate",,9.5
2018,Prairie provinces,,Very recent immigrants (5 years or less) aged 15 years and over,"Food insecure, severe",,3.9
2018,Prairie provinces,,Persons aged 15 years and over born in Canada,Food secure,,82.5
2018,Prairie provinces,,Persons aged 15 years and over born in Canada,Food insecure,,17.5
2018,Prairie provinces,,Persons aged 15 years and over born in Canada,"Food insecure, marginal",,4.2
2018,Prairie provinces,,Persons aged 15 years and over born in Canada,"Food insecure, moderate or severe",,13.2
2018,Prairie provinces,,Persons aged 15 years and over born in Canada,"Food insecure, moderate",,7.5
2018,Prairie provinces,,Persons aged 15 years and over born in Canada,"Food insecure, severe",,5.8
2018,Manitoba,,All persons,Food secure,46,80.9
2018,Manitoba,,All persons,Food insecure,46,19.1
2018,Manitoba,,All persons,"Food insecure, marginal",46,5.5
2018,Manitoba,,All persons,"Food insecure, moderate or severe",46,13.6
2018,Manitoba,,All persons,"Food insecure, moderate",46,8.6
2018,Manitoba,,All persons,"Food insecure, severe",46,5.0
2018,Manitoba,,Persons under 18 years,Food secure,46,74.8
2018,Manitoba,,Persons under 18 years,Food insecure,46,25.2
2018,Manitoba,,Persons under 18 years,"Food insecure, marginal",46,7.5
2018,Manitoba,,Persons under 18 years,"Food insecure, moderate or severe",46,17.7
2018,Manitoba,,Persons under 18 years,"Food insecure, moderate",46,11.6
2018,Manitoba,,Persons under 18 years,"Food insecure, severe",46,6.1
2018,Manitoba,,Persons 18 to 64 years,Food secure,46,80.7
2018,Manitoba,,Persons 18 to 64 years,Food insecure,46,19.3
2018,Manitoba,,Persons 18 to 64 years,"Food insecure, marginal",46,5.3
2018,Manitoba,,Persons 18 to 64 years,"Food insecure, moderate or severe",46,14.0
2018,Manitoba,,Persons 18 to 64 years,"Food insecure, moderate",46,8.6
2018,Manitoba,,Persons 18 to 64 years,"Food insecure, severe",46,5.4
2018,Manitoba,,Persons 18 to 24 years,Food secure,46,76.4
2018,Manitoba,,Persons 18 to 24 years,Food insecure,46,23.6
2018,Manitoba,,Persons 18 to 24 years,"Food insecure, marginal",46,6.3
2018,Manitoba,,Persons 18 to 24 years,"Food insecure, moderate or severe",46,17.4
2018,Manitoba,,Persons 18 to 24 years,"Food insecure, moderate",46,10.8
2018,Manitoba,,Persons 18 to 24 years,"Food insecure, severe",46,6.5
2018,Manitoba,,Persons 25 to 34 years,Food secure,46,79.8
2018,Manitoba,,Persons 25 to 34 years,Food insecure,46,20.2
2018,Manitoba,,Persons 25 to 34 years,"Food insecure, marginal",46,6.6
2018,Manitoba,,Persons 25 to 34 years,"Food insecure, moderate or severe",46,13.6
2018,Manitoba,,Persons 25 to 34 years,"Food insecure, moderate",46,8.1
2018,Manitoba,,Persons 25 to 34 years,"Food insecure, severe",46,5.5
2018,Manitoba,,Persons 35 to 44 years,Food secure,46,77.2
2018,Manitoba,,Persons 35 to 44 years,Food insecure,46,22.8
2018,Manitoba,,Persons 35 to 44 years,"Food insecure, marginal",46,6.8
2018,Manitoba,,Persons 35 to 44 years,"Food insecure, moderate or severe",46,16.0
2018,Manitoba,,Persons 35 to 44 years,"Food insecure, moderate",46,10.2
2018,Manitoba,,Persons 35 to 44 years,"Food insecure, severe",46,5.7
2018,Manitoba,,Persons 45 to 54 years,Food secure,46,80.6
2018,Manitoba,,Persons 45 to 54 years,Food insecure,46,19.4
2018,Manitoba,,Persons 45 to 54 years,"Food insecure, marginal",46,5.0
2018,Manitoba,,Persons 45 to 54 years,"Food insecure, moderate or severe",46,14.5
2018,Manitoba,,Persons 45 to 54 years,"Food insecure, moderate",46,8.4
2018,Manitoba,,Persons 45 to 54 years,"Food insecure, severe",46,6.1
2018,Manitoba,,Persons 55 to 64 years,Food secure,46,88.5
2018,Manitoba,,Persons 55 to 64 years,Food insecure,46,11.5
2018,Manitoba,,Persons 55 to 64 years,"Food insecure, marginal",46,2.1
2018,Manitoba,,Persons 55 to 64 years,"Food insecure, moderate or severe",46,9.5
2018,Manitoba,,Persons 55 to 64 years,"Food insecure, moderate",46,5.8
2018,Manitoba,,Persons 55 to 64 years,"Food insecure, severe",46,3.7
2018,Manitoba,,Persons 65 years and over,Food secure,46,90.6
2018,Manitoba,,Persons 65 years and over,Food insecure,46,9.4
2018,Manitoba,,Persons 65 years and over,"Food insecure, marginal",46,3.1
2018,Manitoba,,Persons 65 years and over,"Food insecure, moderate or severe",46,6.3
2018,Manitoba,,Persons 65 years and over,"Food insecure, moderate",46,4.7
2018,Manitoba,,Persons 65 years and over,"Food insecure, severe",46,1.6
2018,Manitoba,,Males,Food secure,46,81.2
2018,Manitoba,,Males,Food insecure,46,18.8
2018,Manitoba,,Males,"Food insecure, marginal",46,5.2
2018,Manitoba,,Males,"Food insecure, moderate or severe",46,13.6
2018,Manitoba,,Males,"Food insecure, moderate",46,8.5
2018,Manitoba,,Males,"Food insecure, severe",46,5.0
2018,Manitoba,,"Males, under 18 years",Food secure,46,74.7
2018,Manitoba,,"Males, under 18 years",Food insecure,46,25.3
2018,Manitoba,,"Males, under 18 years","Food insecure, marginal",46,7.0
2018,Manitoba,,"Males, under 18 years","Food insecure, moderate or severe",46,18.3
2018,Manitoba,,"Males, under 18 years","Food insecure, moderate",46,12.3
2018,Manitoba,,"Males, under 18 years","Food insecure, severe",46,6.0
2018,Manitoba,,"Males, 18 to 64 years",Food secure,46,81.4
2018,Manitoba,,"Males, 18 to 64 years",Food insecure,46,18.6
2018,Manitoba,,"Males, 18 to 64 years","Food insecure, marginal",46,5.0
2018,Manitoba,,"Males, 18 to 64 years","Food insecure, moderate or severe",46,13.7
2018,Manitoba,,"Males, 18 to 64 years","Food insecure, moderate",46,8.4
2018,Manitoba,,"Males, 18 to 64 years","Food insecure, severe",46,5.3
2018,Manitoba,,"Males, 65 years and over",Food secure,46,90.7
2018,Manitoba,,"Males, 65 years and over",Food insecure,46,9.3
2018,Manitoba,,"Males, 65 years and over","Food insecure, marginal",46,3.5
2018,Manitoba,,"Males, 65 years and over","Food insecure, moderate or severe",46,5.8
2018,Manitoba,,"Males, 65 years and over","Food insecure, moderate",46,3.4
2018,Manitoba,,"Males, 65 years and over","Food insecure, severe",46,2.4
2018,Manitoba,,Females,Food secure,46,80.6
2018,Manitoba,,Females,Food insecure,46,19.4
2018,Manitoba,,Females,"Food insecure, marginal",46,5.7
2018,Manitoba,,Females,"Food insecure, moderate or severe",46,13.7
2018,Manitoba,,Females,"Food insecure, moderate",46,8.7
2018,Manitoba,,Females,"Food insecure, severe",46,4.9
2018,Manitoba,,"Females, under 18 years",Food secure,46,74.8
2018,Manitoba,,"Females, under 18 years",Food insecure,46,25.2
2018,Manitoba,,"Females, under 18 years","Food insecure, marginal",46,8.2
2018,Manitoba,,"Females, under 18 years","Food insecure, moderate or severe",46,17.0
2018,Manitoba,,"Females, under 18 years","Food insecure, moderate",46,10.9
2018,Manitoba,,"Females, under 18 years","Food insecure, severe",46,6.1
2018,Manitoba,,"Females, 18 to 64 years",Food secure,46,80.0
2018,Manitoba,,"Females, 18 to 64 years",Food insecure,46,20.0
2018,Manitoba,,"Females, 18 to 64 years","Food insecure, marginal",46,5.7
2018,Manitoba,,"Females, 18 to 64 years","Food insecure, moderate or severe",46,14.3
2018,Manitoba,,"Females, 18 to 64 years","Food insecure, moderate",46,8.8
2018,Manitoba,,"Females, 18 to 64 years","Food insecure, severe",46,5.6
2018,Manitoba,,"Females, 65 years and over",Food secure,46,90.5
2018,Manitoba,,"Females, 65 years and over",Food insecure,46,9.5
2018,Manitoba,,"Females, 65 years and over","Food insecure, marginal",46,2.8
2018,Manitoba,,"Females, 65 years and over","Food insecure, moderate or severe",46,6.7
2018,Manitoba,,"Females, 65 years and over","Food insecure, moderate",46,5.7
2018,Manitoba,,"Females, 65 years and over","Food insecure, severe",46,
2018,Manitoba,,Visible minority population,Food secure,46,
2018,Manitoba,,Visible minority population,Food insecure,46,
2018,Manitoba,,Visible minority population,"Food insecure, marginal",46,
2018,Manitoba,,Visible minority population,"Food insecure, moderate or severe",46,
2018,Manitoba,,Visible minority population,"Food insecure, moderate",46,
2018,Manitoba,,Visible minority population,"Food insecure, severe",46,
2018,Manitoba,,South Asian,Food secure,46,
2018,Manitoba,,South Asian,Food insecure,46,
2018,Manitoba,,South Asian,"Food insecure, marginal",46,
2018,Manitoba,,South Asian,"Food insecure, moderate or severe",46,
2018,Manitoba,,South Asian,"Food insecure, moderate",46,
2018,Manitoba,,South Asian,"Food insecure, severe",46,
2018,Manitoba,,Chinese,Food secure,46,
2018,Manitoba,,Chinese,Food insecure,46,
2018,Manitoba,,Chinese,"Food insecure, marginal",46,
2018,Manitoba,,Chinese,"Food insecure, moderate or severe",46,
2018,Manitoba,,Chinese,"Food insecure, moderate",46,
2018,Manitoba,,Chinese,"Food insecure, severe",46,
2018,Manitoba,,Black,Food secure,46,
2018,Manitoba,,Black,Food insecure,46,
2018,Manitoba,,Black,"Food insecure, marginal",46,
2018,Manitoba,,Black,"Food insecure, moderate or severe",46,
2018,Manitoba,,Black,"Food insecure, moderate",46,
2018,Manitoba,,Black,"Food insecure, severe",46,
2018,Manitoba,,Filipino,Food secure,46,
2018,Manitoba,,Filipino,Food insecure,46,
2018,Manitoba,,Filipino,"Food insecure, marginal",46,
2018,Manitoba,,Filipino,"Food insecure, moderate or severe",46,
2018,Manitoba,,Filipino,"Food insecure, moderate",46,
2018,Manitoba,,Filipino,"Food insecure, severe",46,
2018,Manitoba,,Arab,Food secure,46,
2018,Manitoba,,Arab,Food insecure,46,
2018,Manitoba,,Arab,"Food insecure, marginal",46,
2018,Manitoba,,Arab,"Food insecure, moderate or severe",46,
2018,Manitoba,,Arab,"Food insecure, moderate",46,
2018,Manitoba,,Arab,"Food insecure, severe",46,
2018,Manitoba,,Latin American,Food secure,46,
2018,Manitoba,,Latin American,Food insecure,46,
2018,Manitoba,,Latin American,"Food insecure, marginal",46,
2018,Manitoba,,Latin American,"Food insecure, moderate or severe",46,
2018,Manitoba,,Latin American,"Food insecure, moderate",46,
2018,Manitoba,,Latin American,"Food insecure, severe",46,
2018,Manitoba,,Southeast Asian,Food secure,46,
2018,Manitoba,,Southeast Asian,Food insecure,46,
2018,Manitoba,,Southeast Asian,"Food insecure, marginal",46,
2018,Manitoba,,Southeast Asian,"Food insecure, moderate or severe",46,
2018,Manitoba,,Southeast Asian,"Food insecure, moderate",46,
2018,Manitoba,,Southeast Asian,"Food insecure, severe",46,
2018,Manitoba,,Other visible minority,Food secure,46,
2018,Manitoba,,Other visible minority,Food insecure,46,
2018,Manitoba,,Other visible minority,"Food insecure, marginal",46,
2018,Manitoba,,Other visible minority,"Food insecure, moderate or severe",46,
2018,Manitoba,,Other visible minority,"Food insecure, moderate",46,
2018,Manitoba,,Other visible minority,"Food insecure, severe",46,
2018,Manitoba,,Not a visible minority,Food secure,46,
2018,Manitoba,,Not a visible minority,Food insecure,46,
2018,Manitoba,,Not a visible minority,"Food insecure, marginal",46,
2018,Manitoba,,Not a visible minority,"Food insecure, moderate or severe",46,
2018,Manitoba,,Not a visible minority,"Food insecure, moderate",46,
2018,Manitoba,,Not a visible minority,"Food insecure, severe",46,
2018,Manitoba,,Indigenous population,Food secure,46,
2018,Manitoba,,Indigenous population,Food insecure,46,
2018,Manitoba,,Indigenous population,"Food insecure, marginal",46,
2018,Manitoba,,Indigenous population,"Food insecure, moderate or severe",46,
2018,Manitoba,,Indigenous population,"Food insecure, moderate",46,
2018,Manitoba,,Indigenous population,"Food insecure, severe",46,
2018,Manitoba,,Non-Indigenous population,Food secure,46,
2018,Manitoba,,Non-Indigenous population,Food insecure,46,
2018,Manitoba,,Non-Indigenous population,"Food insecure, marginal",46,
2018,Manitoba,,Non-Indigenous population,"Food insecure, moderate or severe",46,
2018,Manitoba,,Non-Indigenous population,"Food insecure, moderate",46,
2018,Manitoba,,Non-Indigenous population,"Food insecure, severe",46,
2018,Manitoba,,Not a visible minority nor Indigenous,Food secure,46,
2018,Manitoba,,Not a visible minority nor Indigenous,Food insecure,46,
2018,Manitoba,,Not a visible minority nor Indigenous,"Food insecure, marginal",46,
2018,Manitoba,,Not a visible minority nor Indigenous,"Food insecure, moderate or severe",46,
2018,Manitoba,,Not a visible minority nor Indigenous,"Food insecure, moderate",46,
2018,Manitoba,,Not a visible minority nor Indigenous,"Food insecure, severe",46,
2018,Manitoba,,All persons aged 15 years and over,Food secure,46,82.5
2018,Manitoba,,All persons aged 15 years and over,Food insecure,46,17.5
2018,Manitoba,,All persons aged 15 years and over,"Food insecure, marginal",46,5.0
2018,Manitoba,,All persons aged 15 years and over,"Food insecure, moderate or severe",46,12.5
2018,Manitoba,,All persons aged 15 years and over,"Food insecure, moderate",46,7.9
2018,Manitoba,,All persons aged 15 years and over,"Food insecure, severe",46,4.6
2018,Manitoba,,Indigenous population aged 15 years and over,Food secure,46,62.8
2018,Manitoba,,Indigenous population aged 15 years and over,Food insecure,46,37.2
2018,Manitoba,,Indigenous population aged 15 years and over,"Food insecure, marginal",46,7.3
2018,Manitoba,,Indigenous population aged 15 years and over,"Food insecure, moderate or severe",46,29.9
2018,Manitoba,,Indigenous population aged 15 years and over,"Food insecure, moderate",46,18.2
2018,Manitoba,,Indigenous population aged 15 years and over,"Food insecure, severe",46,11.7
2018,Manitoba,,First Nations aged 15 years and over,Food secure,46,53.5
2018,Manitoba,,First Nations aged 15 years and over,Food insecure,46,46.5
2018,Manitoba,,First Nations aged 15 years and over,"Food insecure, marginal",46,
2018,Manitoba,,First Nations aged 15 years and over,"Food insecure, moderate or severe",46,37.0
2018,Manitoba,,First Nations aged 15 years and over,"Food insecure, moderate",46,17.9
2018,Manitoba,,First Nations aged 15 years and over,"Food insecure, severe",46,19.1
2018,Manitoba,,Métis aged 15 years and over,Food secure,46,68.0
2018,Manitoba,,Métis aged 15 years and over,Food insecure,46,32.0
2018,Manitoba,,Métis aged 15 years and over,"Food insecure, marginal",46,6.1
2018,Manitoba,,Métis aged 15 years and over,"Food insecure, moderate or severe",46,26.0
2018,Manitoba,,Métis aged 15 years and over,"Food insecure, moderate",46,18.7
2018,Manitoba,,Métis aged 15 years and over,"Food insecure, severe",46,7.2
2018,Manitoba,,Non-Indigenous population aged 15 years and over,Food secure,46,84.6
2018,Manitoba,,Non-Indigenous population aged 15 years and over,Food insecure,46,15.4
2018,Manitoba,,Non-Indigenous population aged 15 years and over,"Food insecure, marginal",46,4.7
2018,Manitoba,,Non-Indigenous population aged 15 years and over,"Food insecure, moderate or severe",46,10.7
2018,Manitoba,,Non-Indigenous population aged 15 years and over,"Food insecure, moderate",46,6.9
2018,Manitoba,,Non-Indigenous population aged 15 years and over,"Food insecure, severe",46,3.9
2018,Manitoba,,Immigrants aged 15 years and over,Food secure,46,80.8
2018,Manitoba,,Immigrants aged 15 years and over,Food insecure,46,19.2
2018,Manitoba,,Immigrants aged 15 years and over,"Food insecure, marginal",46,7.4
2018,Manitoba,,Immigrants aged 15 years and over,"Food insecure, moderate or severe",46,11.8
2018,Manitoba,,Immigrants aged 15 years and over,"Food insecure, moderate",46,8.4
2018,Manitoba,,Immigrants aged 15 years and over,"Food insecure, severe",46,3.5
2018,Manitoba,,Recent immigrants (10 years or less) aged 15 years and over,Food secure,46,78.4
2018,Manitoba,,Recent immigrants (10 years or less) aged 15 years and over,Food insecure,46,21.6
2018,Manitoba,,Recent immigrants (10 years or less) aged 15 years and over,"Food insecure, marginal",46,7.7
2018,Manitoba,,Recent immigrants (10 years or less) aged 15 years and over,"Food insecure, moderate or severe",46,13.9
2018,Manitoba,,Recent immigrants (10 years or less) aged 15 years and over,"Food insecure, moderate",46,11.4
2018,Manitoba,,Recent immigrants (10 years or less) aged 15 years and over,"Food insecure, severe",46,
2018,Manitoba,,Very recent immigrants (5 years or less) aged 15 years and over,Food secure,46,76.1
2018,Manitoba,,Very recent immigrants (5 years or less) aged 15 years and over,Food insecure,46,23.9
2018,Manitoba,,Very recent immigrants (5 years or less) aged 15 years and over,"Food insecure, marginal",46,
2018,Manitoba,,Very recent immigrants (5 years or less) aged 15 years and over,"Food insecure, moderate or severe",46,17.2
2018,Manitoba,,Very recent immigrants (5 years or less) aged 15 years and over,"Food insecure, moderate",46,13.9
2018,Manitoba,,Very recent immigrants (5 years or less) aged 15 years and over,"Food insecure, severe",46,
2018,Manitoba,,Persons aged 15 years and over born in Canada,Food secure,46,83.2
2018,Manitoba,,Persons aged 15 years and over born in Canada,Food insecure,46,16.8
2018,Manitoba,,Persons aged 15 years and over born in Canada,"Food insecure, marginal",46,4.0
2018,Manitoba,,Persons aged 15 years and over born in Canada,"Food insecure, moderate or severe",46,12.8
2018,Manitoba,,Persons aged 15 years and over born in Canada,"Food insecure, moderate",46,7.6
2018,Manitoba,,Persons aged 15 years and over born in Canada,"Food insecure, severe",46,5.2
2018,Saskatchewan,,All persons,Food secure,47,82.8
2018,Saskatchewan,,All persons,Food insecure,47,17.2
2018,Saskatchewan,,All persons,"Food insecure, marginal",47,5.5
2018,Saskatchewan,,All persons,"Food insecure, moderate or severe",47,11.7
2018,Saskatchewan,,All persons,"Food insecure, moderate",47,8.1
2018,Saskatchewan,,All persons,"Food insecure, severe",47,3.6
2018,Saskatchewan,,Persons under 18 years,Food secure,47,77.6
2018,Saskatchewan,,Persons under 18 years,Food insecure,47,22.4
2018,Saskatchewan,,Persons under 18 years,"Food insecure, marginal",47,7.7
2018,Saskatchewan,,Persons under 18 years,"Food insecure, moderate or severe",47,14.6
2018,Saskatchewan,,Persons under 18 years,"Food insecure, moderate",47,11.6
2018,Saskatchewan,,Persons under 18 years,"Food insecure, severe",47,3.1
2018,Saskatchewan,,Persons 18 to 64 years,Food secure,47,82.1
2018,Saskatchewan,,Persons 18 to 64 years,Food insecure,47,17.9
2018,Saskatchewan,,Persons 18 to 64 years,"Food insecure, marginal",47,5.3
2018,Saskatchewan,,Persons 18 to 64 years,"Food insecure, moderate or severe",47,12.6
2018,Saskatchewan,,Persons 18 to 64 years,"Food insecure, moderate",47,8.0
2018,Saskatchewan,,Persons 18 to 64 years,"Food insecure, severe",47,4.5
2018,Saskatchewan,,Persons 18 to 24 years,Food secure,47,79.2
2018,Saskatchewan,,Persons 18 to 24 years,Food insecure,47,20.8
2018,Saskatchewan,,Persons 18 to 24 years,"Food insecure, marginal",47,5.1
2018,Saskatchewan,,Persons 18 to 24 years,"Food insecure, moderate or severe",47,15.7
2018,Saskatchewan,,Persons 18 to 24 years,"Food insecure, moderate",47,10.6
2018,Saskatchewan,,Persons 18 to 24 years,"Food insecure, severe",47,
2018,Saskatchewan,,Persons 25 to 34 years,Food secure,47,79.5
2018,Saskatchewan,,Persons 25 to 34 years,Food insecure,47,20.5
2018,Saskatchewan,,Persons 25 to 34 years,"Food insecure, marginal",47,7.0
2018,Saskatchewan,,Persons 25 to 34 years,"Food insecure, moderate or severe",47,13.5
2018,Saskatchewan,,Persons 25 to 34 years,"Food insecure, moderate",47,9.4
2018,Saskatchewan,,Persons 25 to 34 years,"Food insecure, severe",47,4.0
2018,Saskatchewan,,Persons 35 to 44 years,Food secure,47,79.8
2018,Saskatchewan,,Persons 35 to 44 years,Food insecure,47,20.2
2018,Saskatchewan,,Persons 35 to 44 years,"Food insecure, marginal",47,7.3
2018,Saskatchewan,,Persons 35 to 44 years,"Food insecure, moderate or severe",47,12.9
2018,Saskatchewan,,Persons 35 to 44 years,"Food insecure, moderate",47,8.6
2018,Saskatchewan,,Persons 35 to 44 years,"Food insecure, severe",47,4.3
2018,Saskatchewan,,Persons 45 to 54 years,Food secure,47,83.1
2018,Saskatchewan,,Persons 45 to 54 years,Food insecure,47,16.9
2018,Saskatchewan,,Persons 45 to 54 years,"Food insecure, marginal",47,4.2
2018,Saskatchewan,,Persons 45 to 54 years,"Food insecure, moderate or severe",47,12.7
2018,Saskatchewan,,Persons 45 to 54 years,"Food insecure, moderate",47,8.0
2018,Saskatchewan,,Persons 45 to 54 years,"Food insecure, severe",47,4.7
2018,Saskatchewan,,Persons 55 to 64 years,Food secure,47,88.3
2018,Saskatchewan,,Persons 55 to 64 years,Food insecure,47,11.7
2018,Saskatchewan,,Persons 55 to 64 years,"Food insecure, marginal",47,2.7
2018,Saskatchewan,,Persons 55 to 64 years,"Food insecure, moderate or severe",47,8.9
2018,Saskatchewan,,Persons 55 to 64 years,"Food insecure, moderate",47,4.1
2018,Saskatchewan,,Persons 55 to 64 years,"Food insecure, severe",47,4.8
2018,Saskatchewan,,Persons 65 years and over,Food secure,47,93.0
2018,Saskatchewan,,Persons 65 years and over,Food insecure,47,7.0
2018,Saskatchewan,,Persons 65 years and over,"Food insecure, marginal",47,3.0
2018,Saskatchewan,,Persons 65 years and over,"Food insecure, moderate or severe",47,4.0
2018,Saskatchewan,,Persons 65 years and over,"Food insecure, moderate",47,3.4
2018,Saskatchewan,,Persons 65 years and over,"Food insecure, severe",47,
2018,Saskatchewan,,Males,Food secure,47,83.5
2018,Saskatchewan,,Males,Food insecure,47,16.5
2018,Saskatchewan,,Males,"Food insecure, marginal",47,5.5
2018,Saskatchewan,,Males,"Food insecure, moderate or severe",47,11.0
2018,Saskatchewan,,Males,"Food insecure, moderate",47,7.7
2018,Saskatchewan,,Males,"Food insecure, severe",47,3.4
2018,Saskatchewan,,"Males, under 18 years",Food secure,47,78.7
2018,Saskatchewan,,"Males, under 18 years",Food insecure,47,21.3
2018,Saskatchewan,,"Males, under 18 years","Food insecure, marginal",47,7.8
2018,Saskatchewan,,"Males, under 18 years","Food insecure, moderate or severe",47,13.5
2018,Saskatchewan,,"Males, under 18 years","Food insecure, moderate",47,10.7
2018,Saskatchewan,,"Males, under 18 years","Food insecure, severe",47,2.8
2018,Saskatchewan,,"Males, 18 to 64 years",Food secure,47,82.9
2018,Saskatchewan,,"Males, 18 to 64 years",Food insecure,47,17.1
2018,Saskatchewan,,"Males, 18 to 64 years","Food insecure, marginal",47,5.3
2018,Saskatchewan,,"Males, 18 to 64 years","Food insecure, moderate or severe",47,11.8
2018,Saskatchewan,,"Males, 18 to 64 years","Food insecure, moderate",47,7.6
2018,Saskatchewan,,"Males, 18 to 64 years","Food insecure, severe",47,4.2
2018,Saskatchewan,,"Males, 65 years and over",Food secure,47,93.5
2018,Saskatchewan,,"Males, 65 years and over",Food insecure,47,6.5
2018,Saskatchewan,,"Males, 65 years and over","Food insecure, marginal",47,2.7
2018,Saskatchewan,,"Males, 65 years and over","Food insecure, moderate or severe",47,3.7
2018,Saskatchewan,,"Males, 65 years and over","Food insecure, moderate",47,3.1
2018,Saskatchewan,,"Males, 65 years and over","Food insecure, severe",47,
2018,Saskatchewan,,Females,Food secure,47,82.1
2018,Saskatchewan,,Females,Food insecure,47,17.9
2018,Saskatchewan,,Females,"Food insecure, marginal",47,5.5
2018,Saskatchewan,,Females,"Food insecure, moderate or severe",47,12.4
2018,Saskatchewan,,Females,"Food insecure, moderate",47,8.6
2018,Saskatchewan,,Females,"Food insecure, severe",47,3.8
2018,Saskatchewan,,"Females, under 18 years",Food secure,47,76.6
2018,Saskatchewan,,"Females, under 18 years",Food insecure,47,23.4
2018,Saskatchewan,,"Females, under 18 years","Food insecure, marginal",47,7.6
2018,Saskatchewan,,"Females, under 18 years","Food insecure, moderate or severe",47,15.8
2018,Saskatchewan,,"Females, under 18 years","Food insecure, moderate",47,12.4
2018,Saskatchewan,,"Females, under 18 years","Food insecure, severe",47,3.3
2018,Saskatchewan,,"Females, 18 to 64 years",Food secure,47,81.3
2018,Saskatchewan,,"Females, 18 to 64 years",Food insecure,47,18.7
2018,Saskatchewan,,"Females, 18 to 64 years","Food insecure, marginal",47,5.4
2018,Saskatchewan,,"Females, 18 to 64 years","Food insecure, moderate or severe",47,13.3
2018,Saskatchewan,,"Females, 18 to 64 years","Food insecure, moderate",47,8.4
2018,Saskatchewan,,"Females, 18 to 64 years","Food insecure, severe",47,4.9
2018,Saskatchewan,,"Females, 65 years and over",Food secure,47,92.5
2018,Saskatchewan,,"Females, 65 years and over",Food insecure,47,7.5
2018,Saskatchewan,,"Females, 65 years and over","Food insecure, marginal",47,3.2
2018,Saskatchewan,,"Females, 65 years and over","Food insecure, moderate or severe",47,4.3
2018,Saskatchewan,,"Females, 65 years and over","Food insecure, moderate",47,3.6
2018,Saskatchewan,,"Females, 65 years and over","Food insecure, severe",47,
2018,Saskatchewan,,Visible minority population,Food secure,47,
2018,Saskatchewan,,Visible minority population,Food insecure,47,
2018,Saskatchewan,,Visible minority population,"Food insecure, marginal",47,
2018,Saskatchewan,,Visible minority population,"Food insecure, moderate or severe",47,
2018,Saskatchewan,,Visible minority population,"Food insecure, moderate",47,
2018,Saskatchewan,,Visible minority population,"Food insecure, severe",47,
2018,Saskatchewan,,South Asian,Food secure,47,
2018,Saskatchewan,,South Asian,Food insecure,47,
2018,Saskatchewan,,South Asian,"Food insecure, marginal",47,
2018,Saskatchewan,,South Asian,"Food insecure, moderate or severe",47,
2018,Saskatchewan,,South Asian,"Food insecure, moderate",47,
2018,Saskatchewan,,South Asian,"Food insecure, severe",47,
2018,Saskatchewan,,Chinese,Food secure,47,
2018,Saskatchewan,,Chinese,Food insecure,47,
2018,Saskatchewan,,Chinese,"Food insecure, marginal",47,
2018,Saskatchewan,,Chinese,"Food insecure, moderate or severe",47,
2018,Saskatchewan,,Chinese,"Food insecure, moderate",47,
2018,Saskatchewan,,Chinese,"Food insecure, severe",47,
2018,Saskatchewan,,Black,Food secure,47,
2018,Saskatchewan,,Black,Food insecure,47,
2018,Saskatchewan,,Black,"Food insecure, marginal",47,
2018,Saskatchewan,,Black,"Food insecure, moderate or severe",47,
2018,Saskatchewan,,Black,"Food insecure, moderate",47,
2018,Saskatchewan,,Black,"Food insecure, severe",47,
2018,Saskatchewan,,Filipino,Food secure,47,
2018,Saskatchewan,,Filipino,Food insecure,47,
2018,Saskatchewan,,Filipino,"Food insecure, marginal",47,
2018,Saskatchewan,,Filipino,"Food insecure, moderate or severe",47,
2018,Saskatchewan,,Filipino,"Food insecure, moderate",47,
2018,Saskatchewan,,Filipino,"Food insecure, severe",47,
2018,Saskatchewan,,Arab,Food secure,47,
2018,Saskatchewan,,Arab,Food insecure,47,
2018,Saskatchewan,,Arab,"Food insecure, marginal",47,
2018,Saskatchewan,,Arab,"Food insecure, moderate or severe",47,
2018,Saskatchewan,,Arab,"Food insecure, moderate",47,
2018,Saskatchewan,,Arab,"Food insecure, severe",47,
2018,Saskatchewan,,Latin American,Food secure,47,
2018,Saskatchewan,,Latin American,Food insecure,47,
2018,Saskatchewan,,Latin American,"Food insecure, marginal",47,
2018,Saskatchewan,,Latin American,"Food insecure, moderate or severe",47,
2018,Saskatchewan,,Latin American,"Food insecure, moderate",47,
2018,Saskatchewan,,Latin American,"Food insecure, severe",47,
2018,Saskatchewan,,Southeast Asian,Food secure,47,
2018,Saskatchewan,,Southeast Asian,Food insecure,47,
2018,Saskatchewan,,Southeast Asian,"Food insecure, marginal",47,
2018,Saskatchewan,,Southeast Asian,"Food insecure, moderate or severe",47,
2018,Saskatchewan,,Southeast Asian,"Food insecure, moderate",47,
2018,Saskatchewan,,Southeast Asian,"Food insecure, severe",47,
2018,Saskatchewan,,Other visible minority,Food secure,47,
2018,Saskatchewan,,Other visible minority,Food insecure,47,
2018,Saskatchewan,,Other visible minority,"Food insecure, marginal",47,
2018,Saskatchewan,,Other visible minority,"Food insecure, moderate or severe",47,
2018,Saskatchewan,,Other visible minority,"Food insecure, moderate",47,
2018,Saskatchewan,,Other visible minority,"Food insecure, severe",47,
2018,Saskatchewan,,Not a visible minority,Food secure,47,
2018,Saskatchewan,,Not a visible minority,Food insecure,47,
2018,Saskatchewan,,Not a visible minority,"Food insecure, marginal",47,
2018,Saskatchewan,,Not a visible minority,"Food insecure, moderate or severe",47,
2018,Saskatchewan,,Not a visible minority,"Food insecure, moderate",47,
2018,Saskatchewan,,Not a visible minority,"Food insecure, severe",47,
2018,Saskatchewan,,Indigenous population,Food secure,47,
2018,Saskatchewan,,Indigenous population,Food insecure,47,
2018,Saskatchewan,,Indigenous population,"Food insecure, marginal",47,
2018,Saskatchewan,,Indigenous population,"Food insecure, moderate or severe",47,
2018,Saskatchewan,,Indigenous population,"Food insecure, moderate",47,
2018,Saskatchewan,,Indigenous population,"Food insecure, severe",47,
2018,Saskatchewan,,Non-Indigenous population,Food secure,47,
2018,Saskatchewan,,Non-Indigenous population,Food insecure,47,
2018,Saskatchewan,,Non-Indigenous population,"Food insecure, marginal",47,
2018,Saskatchewan,,Non-Indigenous population,"Food insecure, moderate or severe",47,
2018,Saskatchewan,,Non-Indigenous population,"Food insecure, moderate",47,
2018,Saskatchewan,,Non-Indigenous population,"Food insecure, severe",47,
2018,Saskatchewan,,Not a visible minority nor Indigenous,Food secure,47,
2018,Saskatchewan,,Not a visible minority nor Indigenous,Food insecure,47,
2018,Saskatchewan,,Not a visible minority nor Indigenous,"Food insecure, marginal",47,
2018,Saskatchewan,,Not a visible minority nor Indigenous,"Food insecure, moderate or severe",47,
2018,Saskatchewan,,Not a visible minority nor Indigenous,"Food insecure, moderate",47,
2018,Saskatchewan,,Not a visible minority nor Indigenous,"Food insecure, severe",47,
2018,Saskatchewan,,All persons aged 15 years and over,Food secure,47,84.2
2018,Saskatchewan,,All persons aged 15 years and over,Food insecure,47,15.8
2018,Saskatchewan,,All persons aged 15 years and over,"Food insecure, marginal",47,4.9
2018,Saskatchewan,,All persons aged 15 years and over,"Food insecure, moderate or severe",47,10.9
2018,Saskatchewan,,All persons aged 15 years and over,"Food insecure, moderate",47,7.2
2018,Saskatchewan,,All persons aged 15 years and over,"Food insecure, severe",47,3.7
2018,Saskatchewan,,Indigenous population aged 15 years and over,Food secure,47,73.2
2018,Saskatchewan,,Indigenous population aged 15 years and over,Food insecure,47,26.8
2018,Saskatchewan,,Indigenous population aged 15 years and over,"Food insecure, marginal",47,5.8
2018,Saskatchewan,,Indigenous population aged 15 years and over,"Food insecure, moderate or severe",47,21.0
2018,Saskatchewan,,Indigenous population aged 15 years and over,"Food insecure, moderate",47,11.5
2018,Saskatchewan,,Indigenous population aged 15 years and over,"Food insecure, severe",47,9.6
2018,Saskatchewan,,First Nations aged 15 years and over,Food secure,47,72.5
2018,Saskatchewan,,First Nations aged 15 years and over,Food insecure,47,27.5
2018,Saskatchewan,,First Nations aged 15 years and over,"Food insecure, marginal",47,
2018,Saskatchewan,,First Nations aged 15 years and over,"Food insecure, moderate or severe",47,23.3
2018,Saskatchewan,,First Nations aged 15 years and over,"Food insecure, moderate",47,12.8
2018,Saskatchewan,,First Nations aged 15 years and over,"Food insecure, severe",47,10.5
2018,Saskatchewan,,Métis aged 15 years and over,Food secure,47,73.7
2018,Saskatchewan,,Métis aged 15 years and over,Food insecure,47,26.3
2018,Saskatchewan,,Métis aged 15 years and over,"Food insecure, marginal",47,7.7
2018,Saskatchewan,,Métis aged 15 years and over,"Food insecure, moderate or severe",47,18.6
2018,Saskatchewan,,Métis aged 15 years and over,"Food insecure, moderate",47,10.0
2018,Saskatchewan,,Métis aged 15 years and over,"Food insecure, severe",47,8.6
2018,Saskatchewan,,Non-Indigenous population aged 15 years and over,Food secure,47,85.2
2018,Saskatchewan,,Non-Indigenous population aged 15 years and over,Food insecure,47,14.8
2018,Saskatchewan,,Non-Indigenous population aged 15 years and over,"Food insecure, marginal",47,4.8
2018,Saskatchewan,,Non-Indigenous population aged 15 years and over,"Food insecure, moderate or severe",47,10.0
2018,Saskatchewan,,Non-Indigenous population aged 15 years and over,"Food insecure, moderate",47,6.8
2018,Saskatchewan,,Non-Indigenous population aged 15 years and over,"Food insecure, severe",47,3.2
2018,Saskatchewan,,Immigrants aged 15 years and over,Food secure,47,82.3
2018,Saskatchewan,,Immigrants aged 15 years and over,Food insecure,47,17.7
2018,Saskatchewan,,Immigrants aged 15 years and over,"Food insecure, marginal",47,7.9
2018,Saskatchewan,,Immigrants aged 15 years and over,"Food insecure, moderate or severe",47,9.8
2018,Saskatchewan,,Immigrants aged 15 years and over,"Food insecure, moderate",47,7.5
2018,Saskatchewan,,Immigrants aged 15 years and over,"Food insecure, severe",47,
2018,Saskatchewan,,Recent immigrants (10 years or less) aged 15 years and over,Food secure,47,81.0
2018,Saskatchewan,,Recent immigrants (10 years or less) aged 15 years and over,Food insecure,47,19.0
2018,Saskatchewan,,Recent immigrants (10 years or less) aged 15 years and over,"Food insecure, marginal",47,9.3
2018,Saskatchewan,,Recent immigrants (10 years or less) aged 15 years and over,"Food insecure, moderate or severe",47,9.7
2018,Saskatchewan,,Recent immigrants (10 years or less) aged 15 years and over,"Food insecure, moderate",47,
2018,Saskatchewan,,Recent immigrants (10 years or less) aged 15 years and over,"Food insecure, severe",47,
2018,Saskatchewan,,Very recent immigrants (5 years or less) aged 15 years and over,Food secure,47,80.1
2018,Saskatchewan,,Very recent immigrants (5 years or less) aged 15 years and over,Food insecure,47,19.9
2018,Saskatchewan,,Very recent immigrants (5 years or less) aged 15 years and over,"Food insecure, marginal",47,7.9
2018,Saskatchewan,,Very recent immigrants (5 years or less) aged 15 years and over,"Food insecure, moderate or severe",47,12.0
2018,Saskatchewan,,Very recent immigrants (5 years or less) aged 15 years and over,"Food insecure, moderate",47,
2018,Saskatchewan,,Very recent immigrants (5 years or less) aged 15 years and over,"Food insecure, severe",47,
2018,Saskatchewan,,Persons aged 15 years and over born in Canada,Food secure,47,84.9
2018,Saskatchewan,,Persons aged 15 years and over born in Canada,Food insecure,47,15.1
2018,Saskatchewan,,Persons aged 15 years and over born in Canada,"Food insecure, marginal",47,4.0
2018,Saskatchewan,,Persons aged 15 years and over born in Canada,"Food insecure, moderate or severe",47,11.1
2018,Saskatchewan,,Persons aged 15 years and over born in Canada,"Food insecure, moderate",47,7.2
2018,Saskatchewan,,Persons aged 15 years and over born in Canada,"Food insecure, severe",47,3.9
2018,Alberta,,All persons,Food secure,48,80.8
2018,Alberta,,All persons,Food insecure,48,19.2
2018,Alberta,,All persons,"Food insecure, marginal",48,5.3
2018,Alberta,,All persons,"Food insecure, moderate or severe",48,13.9
2018,Alberta,,All persons,"Food insecure, moderate",48,8.4
2018,Alberta,,All persons,"Food insecure, severe",48,5.5
2018,Alberta,,Persons under 18 years,Food secure,48,75.7
2018,Alberta,,Persons under 18 years,Food insecure,48,24.3
2018,Alberta,,Persons under 18 years,"Food insecure, marginal",48,8.0
2018,Alberta,,Persons under 18 years,"Food insecure, moderate or severe",48,16.3
2018,Alberta,,Persons under 18 years,"Food insecure, moderate",48,10.8
2018,Alberta,,Persons under 18 years,"Food insecure, severe",48,5.5
2018,Alberta,,Persons 18 to 64 years,Food secure,48,80.6
2018,Alberta,,Persons 18 to 64 years,Food insecure,48,19.4
2018,Alberta,,Persons 18 to 64 years,"Food insecure, marginal",48,5.0
2018,Alberta,,Persons 18 to 64 years,"Food insecure, moderate or severe",48,14.4
2018,Alberta,,Persons 18 to 64 years,"Food insecure, moderate",48,8.5
2018,Alberta,,Persons 18 to 64 years,"Food insecure, severe",48,5.9
2018,Alberta,,Persons 18 to 24 years,Food secure,48,80.2
2018,Alberta,,Persons 18 to 24 years,Food insecure,48,19.8
2018,Alberta,,Persons 18 to 24 years,"Food insecure, marginal",48,5.5
2018,Alberta,,Persons 18 to 24 years,"Food insecure, moderate or severe",48,14.2
2018,Alberta,,Persons 18 to 24 years,"Food insecure, moderate",48,8.7
2018,Alberta,,Persons 18 to 24 years,"Food insecure, severe",48,5.5
2018,Alberta,,Persons 25 to 34 years,Food secure,48,78.5
2018,Alberta,,Persons 25 to 34 years,Food insecure,48,21.5
2018,Alberta,,Persons 25 to 34 years,"Food insecure, marginal",48,5.6
2018,Alberta,,Persons 25 to 34 years,"Food insecure, moderate or severe",48,15.9
2018,Alberta,,Persons 25 to 34 years,"Food insecure, moderate",48,9.4
2018,Alberta,,Persons 25 to 34 years,"Food insecure, severe",48,6.5
2018,Alberta,,Persons 35 to 44 years,Food secure,48,79.6
2018,Alberta,,Persons 35 to 44 years,Food insecure,48,20.4
2018,Alberta,,Persons 35 to 44 years,"Food insecure, marginal",48,5.6
2018,Alberta,,Persons 35 to 44 years,"Food insecure, moderate or severe",48,14.8
2018,Alberta,,Persons 35 to 44 years,"Food insecure, moderate",48,8.4
2018,Alberta,,Persons 35 to 44 years,"Food insecure, severe",48,6.4
2018,Alberta,,Persons 45 to 54 years,Food secure,48,82.2
2018,Alberta,,Persons 45 to 54 years,Food insecure,48,17.8
2018,Alberta,,Persons 45 to 54 years,"Food insecure, marginal",48,4.2
2018,Alberta,,Persons 45 to 54 years,"Food insecure, moderate or severe",48,13.5
2018,Alberta,,Persons 45 to 54 years,"Food insecure, moderate",48,8.4
2018,Alberta,,Persons 45 to 54 years,"Food insecure, severe",48,5.1
2018,Alberta,,Persons 55 to 64 years,Food secure,48,83.2
2018,Alberta,,Persons 55 to 64 years,Food insecure,48,16.8
2018,Alberta,,Persons 55 to 64 years,"Food insecure, marginal",48,3.8
2018,Alberta,,Persons 55 to 64 years,"Food insecure, moderate or severe",48,13.0
2018,Alberta,,Persons 55 to 64 years,"Food insecure, moderate",48,7.2
2018,Alberta,,Persons 55 to 64 years,"Food insecure, severe",48,5.7
2018,Alberta,,Persons 65 years and over,Food secure,48,90.3
2018,Alberta,,Persons 65 years and over,Food insecure,48,9.7
2018,Alberta,,Persons 65 years and over,"Food insecure, marginal",48,2.5
2018,Alberta,,Persons 65 years and over,"Food insecure, moderate or severe",48,7.2
2018,Alberta,,Persons 65 years and over,"Food insecure, moderate",48,3.7
2018,Alberta,,Persons 65 years and over,"Food insecure, severe",48,3.5
2018,Alberta,,Males,Food secure,48,80.6
2018,Alberta,,Males,Food insecure,48,19.4
2018,Alberta,,Males,"Food insecure, marginal",48,5.3
2018,Alberta,,Males,"Food insecure, moderate or severe",48,14.1
2018,Alberta,,Males,"Food insecure, moderate",48,8.3
2018,Alberta,,Males,"Food insecure, severe",48,5.8
2018,Alberta,,"Males, under 18 years",Food secure,48,74.8
2018,Alberta,,"Males, under 18 years",Food insecure,48,25.2
2018,Alberta,,"Males, under 18 years","Food insecure, marginal",48,7.9
2018,Alberta,,"Males, under 18 years","Food insecure, moderate or severe",48,17.3
2018,Alberta,,"Males, under 18 years","Food insecure, moderate",48,11.2
2018,Alberta,,"Males, under 18 years","Food insecure, severe",48,6.1
2018,Alberta,,"Males, 18 to 64 years",Food secure,48,80.8
2018,Alberta,,"Males, 18 to 64 years",Food insecure,48,19.2
2018,Alberta,,"Males, 18 to 64 years","Food insecure, marginal",48,4.8
2018,Alberta,,"Males, 18 to 64 years","Food insecure, moderate or severe",48,14.3
2018,Alberta,,"Males, 18 to 64 years","Food insecure, moderate",48,8.3
2018,Alberta,,"Males, 18 to 64 years","Food insecure, severe",48,6.1
2018,Alberta,,"Males, 65 years and over",Food secure,48,90.3
2018,Alberta,,"Males, 65 years and over",Food insecure,48,9.7
2018,Alberta,,"Males, 65 years and over","Food insecure, marginal",48,2.7
2018,Alberta,,"Males, 65 years and over","Food insecure, moderate or severe",48,7.0
2018,Alberta,,"Males, 65 years and over","Food insecure, moderate",48,3.4
2018,Alberta,,"Males, 65 years and over","Food insecure, severe",48,3.7
2018,Alberta,,Females,Food secure,48,80.9
2018,Alberta,,Females,Food insecure,48,19.1
2018,Alberta,,Females,"Food insecure, marginal",48,5.4
2018,Alberta,,Females,"Food insecure, moderate or severe",48,13.7
2018,Alberta,,Females,"Food insecure, moderate",48,8.4
2018,Alberta,,Females,"Food insecure, severe",48,5.3
2018,Alberta,,"Females, under 18 years",Food secure,48,76.6
2018,Alberta,,"Females, under 18 years",Food insecure,48,23.4
2018,Alberta,,"Females, under 18 years","Food insecure, marginal",48,8.2
2018,Alberta,,"Females, under 18 years","Food insecure, moderate or severe",48,15.3
2018,Alberta,,"Females, under 18 years","Food insecure, moderate",48,10.3
2018,Alberta,,"Females, under 18 years","Food insecure, severe",48,4.9
2018,Alberta,,"Females, 18 to 64 years",Food secure,48,80.4
2018,Alberta,,"Females, 18 to 64 years",Food insecure,48,19.6
2018,Alberta,,"Females, 18 to 64 years","Food insecure, marginal",48,5.1
2018,Alberta,,"Females, 18 to 64 years","Food insecure, moderate or severe",48,14.4
2018,Alberta,,"Females, 18 to 64 years","Food insecure, moderate",48,8.6
2018,Alberta,,"Females, 18 to 64 years","Food insecure, severe",48,5.8
2018,Alberta,,"Females, 65 years and over",Food secure,48,90.3
2018,Alberta,,"Females, 65 years and over",Food insecure,48,9.7
2018,Alberta,,"Females, 65 years and over","Food insecure, marginal",48,2.4
2018,Alberta,,"Females, 65 years and over","Food insecure, moderate or severe",48,7.3
2018,Alberta,,"Females, 65 years and over","Food insecure, moderate",48,4.0
2018,Alberta,,"Females, 65 years and over","Food insecure, severe",48,3.3
2018,Alberta,,Visible minority population,Food secure,48,
2018,Alberta,,Visible minority population,Food insecure,48,
2018,Alberta,,Visible minority population,"Food insecure, marginal",48,
2018,Alberta,,Visible minority population,"Food insecure, moderate or severe",48,
2018,Alberta,,Visible minority population,"Food insecure, moderate",48,
2018,Alberta,,Visible minority population,"Food insecure, severe",48,
2018,Alberta,,South Asian,Food secure,48,
2018,Alberta,,South Asian,Food insecure,48,
2018,Alberta,,South Asian,"Food insecure, marginal",48,
2018,Alberta,,South Asian,"Food insecure, moderate or severe",48,
2018,Alberta,,South Asian,"Food insecure, moderate",48,
2018,Alberta,,South Asian,"Food insecure, severe",48,
2018,Alberta,,Chinese,Food secure,48,
2018,Alberta,,Chinese,Food insecure,48,
2018,Alberta,,Chinese,"Food insecure, marginal",48,
2018,Alberta,,Chinese,"Food insecure, moderate or severe",48,
2018,Alberta,,Chinese,"Food insecure, moderate",48,
2018,Alberta,,Chinese,"Food insecure, severe",48,
2018,Alberta,,Black,Food secure,48,
2018,Alberta,,Black,Food insecure,48,
2018,Alberta,,Black,"Food insecure, marginal",48,
2018,Alberta,,Black,"Food insecure, moderate or severe",48,
2018,Alberta,,Black,"Food insecure, moderate",48,
2018,Alberta,,Black,"Food insecure, severe",48,
2018,Alberta,,Filipino,Food secure,48,
2018,Alberta,,Filipino,Food insecure,48,
2018,Alberta,,Filipino,"Food insecure, marginal",48,
2018,Alberta,,Filipino,"Food insecure, moderate or severe",48,
2018,Alberta,,Filipino,"Food insecure, moderate",48,
2018,Alberta,,Filipino,"Food insecure, severe",48,
2018,Alberta,,Arab,Food secure,48,
2018,Alberta,,Arab,Food insecure,48,
2018,Alberta,,Arab,"Food insecure, marginal",48,
2018,Alberta,,Arab,"Food insecure, moderate or severe",48,
2018,Alberta,,Arab,"Food insecure, moderate",48,
2018,Alberta,,Arab,"Food insecure, severe",48,
2018,Alberta,,Latin American,Food secure,48,
2018,Alberta,,Latin American,Food insecure,48,
2018,Alberta,,Latin American,"Food insecure, marginal",48,
2018,Alberta,,Latin American,"Food insecure, moderate or severe",48,
2018,Alberta,,Latin American,"Food insecure, moderate",48,
2018,Alberta,,Latin American,"Food insecure, severe",48,
2018,Alberta,,Southeast Asian,Food secure,48,
2018,Alberta,,Southeast Asian,Food insecure,48,
2018,Alberta,,Southeast Asian,"Food insecure, marginal",48,
2018,Alberta,,Southeast Asian,"Food insecure, moderate or severe",48,
2018,Alberta,,Southeast Asian,"Food insecure, moderate",48,
2018,Alberta,,Southeast Asian,"Food insecure, severe",48,
2018,Alberta,,Other visible minority,Food secure,48,
2018,Alberta,,Other visible minority,Food insecure,48,
2018,Alberta,,Other visible minority,"Food insecure, marginal",48,
2018,Alberta,,Other visible minority,"Food insecure, moderate or severe",48,
2018,Alberta,,Other visible minority,"Food insecure, moderate",48,
2018,Alberta,,Other visible minority,"Food insecure, severe",48,
2018,Alberta,,Not a visible minority,Food secure,48,
2018,Alberta,,Not a visible minority,Food insecure,48,
2018,Alberta,,Not a visible minority,"Food insecure, marginal",48,
2018,Alberta,,Not a visible minority,"Food insecure, moderate or severe",48,
2018,Alberta,,Not a visible minority,"Food insecure, moderate",48,
2018,Alberta,,Not a visible minority,"Food insecure, severe",48,
2018,Alberta,,Indigenous population,Food secure,48,
2018,Alberta,,Indigenous population,Food insecure,48,
2018,Alberta,,Indigenous population,"Food insecure, marginal",48,
2018,Alberta,,Indigenous population,"Food insecure, moderate or severe",48,
2018,Alberta,,Indigenous population,"Food insecure, moderate",48,
2018,Alberta,,Indigenous population,"Food insecure, severe",48,
2018,Alberta,,Non-Indigenous population,Food secure,48,
2018,Alberta,,Non-Indigenous population,Food insecure,48,
2018,Alberta,,Non-Indigenous population,"Food insecure, marginal",48,
2018,Alberta,,Non-Indigenous population,"Food insecure, moderate or severe",48,
2018,Alberta,,Non-Indigenous population,"Food insecure, moderate",48,
2018,Alberta,,Non-Indigenous population,"Food insecure, severe",48,
2018,Alberta,,Not a visible minority nor Indigenous,Food secure,48,
2018,Alberta,,Not a visible minority nor Indigenous,Food insecure,48,
2018,Alberta,,Not a visible minority nor Indigenous,"Food insecure, marginal",48,
2018,Alberta,,Not a visible minority nor Indigenous,"Food insecure, moderate or severe",48,
2018,Alberta,,Not a visible minority nor Indigenous,"Food insecure, moderate",48,
2018,Alberta,,Not a visible minority nor Indigenous,"Food insecure, severe",48,
2018,Alberta,,All persons aged 15 years and over,Food secure,48,82.1
2018,Alberta,,All persons aged 15 years and over,Food insecure,48,17.9
2018,Alberta,,All persons aged 15 years and over,"Food insecure, marginal",48,4.6
2018,Alberta,,All persons aged 15 years and over,"Food insecure, moderate or severe",48,13.3
2018,Alberta,,All persons aged 15 years and over,"Food insecure, moderate",48,7.7
2018,Alberta,,All persons aged 15 years and over,"Food insecure, severe",48,5.6
2018,Alberta,,Indigenous population aged 15 years and over,Food secure,48,66.9
2018,Alberta,,Indigenous population aged 15 years and over,Food insecure,48,33.1
2018,Alberta,,Indigenous population aged 15 years and over,"Food insecure, marginal",48,
2018,Alberta,,Indigenous population aged 15 years and over,"Food insecure, moderate or severe",48,29.4
2018,Alberta,,Indigenous population aged 15 years and over,"Food insecure, moderate",48,15.5
2018,Alberta,,Indigenous population aged 15 years and over,"Food insecure, severe",48,13.9
2018,Alberta,,First Nations aged 15 years and over,Food secure,48,67.7
2018,Alberta,,First Nations aged 15 years and over,Food insecure,48,32.3
2018,Alberta,,First Nations aged 15 years and over,"Food insecure, marginal",48,
2018,Alberta,,First Nations aged 15 years and over,"Food insecure, moderate or severe",48,30.7
2018,Alberta,,First Nations aged 15 years and over,"Food insecure, moderate",48,17.4
2018,Alberta,,First Nations aged 15 years and over,"Food insecure, severe",48,
2018,Alberta,,Métis aged 15 years and over,Food secure,48,66.9
2018,Alberta,,Métis aged 15 years and over,Food insecure,48,33.1
2018,Alberta,,Métis aged 15 years and over,"Food insecure, marginal",48,
2018,Alberta,,Métis aged 15 years and over,"Food insecure, moderate or severe",48,27.8
2018,Alberta,,Métis aged 15 years and over,"Food insecure, moderate",48,13.7
2018,Alberta,,Métis aged 15 years and over,"Food insecure, severe",48,14.1
2018,Alberta,,Non-Indigenous population aged 15 years and over,Food secure,48,82.6
2018,Alberta,,Non-Indigenous population aged 15 years and over,Food insecure,48,17.4
2018,Alberta,,Non-Indigenous population aged 15 years and over,"Food insecure, marginal",48,4.6
2018,Alberta,,Non-Indigenous population aged 15 years and over,"Food insecure, moderate or severe",48,12.8
2018,Alberta,,Non-Indigenous population aged 15 years and over,"Food insecure, moderate",48,7.5
2018,Alberta,,Non-Indigenous population aged 15 years and over,"Food insecure, severe",48,5.3
2018,Alberta,,Immigrants aged 15 years and over,Food secure,48,83.2
2018,Alberta,,Immigrants aged 15 years and over,Food insecure,48,16.8
2018,Alberta,,Immigrants aged 15 years and over,"Food insecure, marginal",48,5.3
2018,Alberta,,Immigrants aged 15 years and over,"Food insecure, moderate or severe",48,11.5
2018,Alberta,,Immigrants aged 15 years and over,"Food insecure, moderate",48,7.9
2018,Alberta,,Immigrants aged 15 years and over,"Food insecure, severe",48,3.6
2018,Alberta,,Recent immigrants (10 years or less) aged 15 years and over,Food secure,48,79.8
2018,Alberta,,Recent immigrants (10 years or less) aged 15 years and over,Food insecure,48,20.2
2018,Alberta,,Recent immigrants (10 years or less) aged 15 years and over,"Food insecure, marginal",48,8.6
2018,Alberta,,Recent immigrants (10 years or less) aged 15 years and over,"Food insecure, moderate or severe",48,11.6
2018,Alberta,,Recent immigrants (10 years or less) aged 15 years and over,"Food insecure, moderate",48,7.3
2018,Alberta,,Recent immigrants (10 years or less) aged 15 years and over,"Food insecure, severe",48,4.4
2018,Alberta,,Very recent immigrants (5 years or less) aged 15 years and over,Food secure,48,78.0
2018,Alberta,,Very recent immigrants (5 years or less) aged 15 years and over,Food insecure,48,22.0
2018,Alberta,,Very recent immigrants (5 years or less) aged 15 years and over,"Food insecure, marginal",48,
2018,Alberta,,Very recent immigrants (5 years or less) aged 15 years and over,"Food insecure, moderate or severe",48,12.7
2018,Alberta,,Very recent immigrants (5 years or less) aged 15 years and over,"Food insecure, moderate",48,8.5
2018,Alberta,,Very recent immigrants (5 years or less) aged 15 years and over,"Food insecure, severe",48,
2018,Alberta,,Persons aged 15 years and over born in Canada,Food secure,48,81.6
2018,Alberta,,Persons aged 15 years and over born in Canada,Food insecure,48,18.4
2018,Alberta,,Persons aged 15 years and over born in Canada,"Food insecure, marginal",48,4.4
2018,Alberta,,Persons aged 15 years and over born in Canada,"Food insecure, moderate or severe",48,14.0
2018,Alberta,,Persons aged 15 years and over born in Canada,"Food insecure, moderate",48,7.5
2018,Alberta,,Persons aged 15 years and over born in Canada,"Food insecure, severe",48,6.5
2018,British Columbia,,All persons,Food secure,59,83.8
2018,British Columbia,,All persons,Food insecure,59,16.2
2018,British Columbia,,All persons,"Food insecure, marginal",59,4.5
2018,British Columbia,,All persons,"Food insecure, moderate or severe",59,11.7
2018,British Columbia,,All persons,"Food insecure, moderate",59,8.0
2018,British Columbia,,All persons,"Food insecure, severe",59,3.7
2018,British Columbia,,Persons under 18 years,Food secure,59,81.0
2018,British Columbia,,Persons under 18 years,Food insecure,59,19.0
2018,British Columbia,,Persons under 18 years,"Food insecure, marginal",59,5.3
2018,British Columbia,,Persons under 18 years,"Food insecure, moderate or severe",59,13.7
2018,British Columbia,,Persons under 18 years,"Food insecure, moderate",59,10.2
2018,British Columbia,,Persons under 18 years,"Food insecure, severe",59,3.5
2018,British Columbia,,Persons 18 to 64 years,Food secure,59,82.4
2018,British Columbia,,Persons 18 to 64 years,Food insecure,59,17.6
2018,British Columbia,,Persons 18 to 64 years,"Food insecure, marginal",59,4.8
2018,British Columbia,,Persons 18 to 64 years,"Food insecure, moderate or severe",59,12.8
2018,British Columbia,,Persons 18 to 64 years,"Food insecure, moderate",59,8.4
2018,British Columbia,,Persons 18 to 64 years,"Food insecure, severe",59,4.3
2018,British Columbia,,Persons 18 to 24 years,Food secure,59,79.1
2018,British Columbia,,Persons 18 to 24 years,Food insecure,59,20.9
2018,British Columbia,,Persons 18 to 24 years,"Food insecure, marginal",59,6.3
2018,British Columbia,,Persons 18 to 24 years,"Food insecure, moderate or severe",59,14.6
2018,British Columbia,,Persons 18 to 24 years,"Food insecure, moderate",59,10.9
2018,British Columbia,,Persons 18 to 24 years,"Food insecure, severe",59,3.7
2018,British Columbia,,Persons 25 to 34 years,Food secure,59,81.9
2018,British Columbia,,Persons 25 to 34 years,Food insecure,59,18.1
2018,British Columbia,,Persons 25 to 34 years,"Food insecure, marginal",59,5.3
2018,British Columbia,,Persons 25 to 34 years,"Food insecure, moderate or severe",59,12.8
2018,British Columbia,,Persons 25 to 34 years,"Food insecure, moderate",59,8.0
2018,British Columbia,,Persons 25 to 34 years,"Food insecure, severe",59,4.8
2018,British Columbia,,Persons 35 to 44 years,Food secure,59,82.5
2018,British Columbia,,Persons 35 to 44 years,Food insecure,59,17.5
2018,British Columbia,,Persons 35 to 44 years,"Food insecure, marginal",59,4.6
2018,British Columbia,,Persons 35 to 44 years,"Food insecure, moderate or severe",59,12.9
2018,British Columbia,,Persons 35 to 44 years,"Food insecure, moderate",59,8.4
2018,British Columbia,,Persons 35 to 44 years,"Food insecure, severe",59,4.4
2018,British Columbia,,Persons 45 to 54 years,Food secure,59,81.4
2018,British Columbia,,Persons 45 to 54 years,Food insecure,59,18.6
2018,British Columbia,,Persons 45 to 54 years,"Food insecure, marginal",59,4.3
2018,British Columbia,,Persons 45 to 54 years,"Food insecure, moderate or severe",59,14.4
2018,British Columbia,,Persons 45 to 54 years,"Food insecure, moderate",59,9.2
2018,British Columbia,,Persons 45 to 54 years,"Food insecure, severe",59,5.2
2018,British Columbia,,Persons 55 to 64 years,Food secure,59,86.0
2018,British Columbia,,Persons 55 to 64 years,Food insecure,59,14.0
2018,British Columbia,,Persons 55 to 64 years,"Food insecure, marginal",59,4.0
2018,British Columbia,,Persons 55 to 64 years,"Food insecure, moderate or severe",59,10.0
2018,British Columbia,,Persons 55 to 64 years,"Food insecure, moderate",59,6.6
2018,British Columbia,,Persons 55 to 64 years,"Food insecure, severe",59,3.5
2018,British Columbia,,Persons 65 years and over,Food secure,59,91.4
2018,British Columbia,,Persons 65 years and over,Food insecure,59,8.6
2018,British Columbia,,Persons 65 years and over,"Food insecure, marginal",59,2.9
2018,British Columbia,,Persons 65 years and over,"Food insecure, moderate or severe",59,5.7
2018,British Columbia,,Persons 65 years and over,"Food insecure, moderate",59,4.2
2018,British Columbia,,Persons 65 years and over,"Food insecure, severe",59,1.6
2018,British Columbia,,Males,Food secure,59,83.8
2018,British Columbia,,Males,Food insecure,59,16.2
2018,British Columbia,,Males,"Food insecure, marginal",59,4.1
2018,British Columbia,,Males,"Food insecure, moderate or severe",59,12.2
2018,British Columbia,,Males,"Food insecure, moderate",59,8.2
2018,British Columbia,,Males,"Food insecure, severe",59,4.0
2018,British Columbia,,"Males, under 18 years",Food secure,59,80.0
2018,British Columbia,,"Males, under 18 years",Food insecure,59,20.0
2018,British Columbia,,"Males, under 18 years","Food insecure, marginal",59,5.7
2018,British Columbia,,"Males, under 18 years","Food insecure, moderate or severe",59,14.3
2018,British Columbia,,"Males, under 18 years","Food insecure, moderate",59,11.0
2018,British Columbia,,"Males, under 18 years","Food insecure, severe",59,3.3
2018,British Columbia,,"Males, 18 to 64 years",Food secure,59,82.8
2018,British Columbia,,"Males, 18 to 64 years",Food insecure,59,17.2
2018,British Columbia,,"Males, 18 to 64 years","Food insecure, marginal",59,4.0
2018,British Columbia,,"Males, 18 to 64 years","Food insecure, moderate or severe",59,13.2
2018,British Columbia,,"Males, 18 to 64 years","Food insecure, moderate",59,8.3
2018,British Columbia,,"Males, 18 to 64 years","Food insecure, severe",59,4.9
2018,British Columbia,,"Males, 65 years and over",Food secure,59,91.2
2018,British Columbia,,"Males, 65 years and over",Food insecure,59,8.8
2018,British Columbia,,"Males, 65 years and over","Food insecure, marginal",59,2.9
2018,British Columbia,,"Males, 65 years and over","Food insecure, moderate or severe",59,5.9
2018,British Columbia,,"Males, 65 years and over","Food insecure, moderate",59,4.5
2018,British Columbia,,"Males, 65 years and over","Food insecure, severe",59,
2018,British Columbia,,Females,Food secure,59,83.8
2018,British Columbia,,Females,Food insecure,59,16.2
2018,British Columbia,,Females,"Food insecure, marginal",59,5.0
2018,British Columbia,,Females,"Food insecure, moderate or severe",59,11.2
2018,British Columbia,,Females,"Food insecure, moderate",59,7.8
2018,British Columbia,,Females,"Food insecure, severe",59,3.4
2018,British Columbia,,"Females, under 18 years",Food secure,59,82.0
2018,British Columbia,,"Females, under 18 years",Food insecure,59,18.0
2018,British Columbia,,"Females, under 18 years","Food insecure, marginal",59,5.0
2018,British Columbia,,"Females, under 18 years","Food insecure, moderate or severe",59,13.1
2018,British Columbia,,"Females, under 18 years","Food insecure, moderate",59,9.4
2018,British Columbia,,"Females, under 18 years","Food insecure, severe",59,3.7
2018,British Columbia,,"Females, 18 to 64 years",Food secure,59,82.1
2018,British Columbia,,"Females, 18 to 64 years",Food insecure,59,17.9
2018,British Columbia,,"Females, 18 to 64 years","Food insecure, marginal",59,5.6
2018,British Columbia,,"Females, 18 to 64 years","Food insecure, moderate or severe",59,12.3
2018,British Columbia,,"Females, 18 to 64 years","Food insecure, moderate",59,8.5
2018,British Columbia,,"Females, 18 to 64 years","Food insecure, severe",59,3.8
2018,British Columbia,,"Females, 65 years and over",Food secure,59,91.6
2018,British Columbia,,"Females, 65 years and over",Food insecure,59,8.4
2018,British Columbia,,"Females, 65 years and over","Food insecure, marginal",59,2.9
2018,British Columbia,,"Females, 65 years and over","Food insecure, moderate or severe",59,5.6
2018,British Columbia,,"Females, 65 years and over","Food insecure, moderate",59,3.8
2018,British Columbia,,"Females, 65 years and over","Food insecure, severe",59,1.7
2018,British Columbia,,Visible minority population,Food secure,59,
2018,British Columbia,,Visible minority population,Food insecure,59,
2018,British Columbia,,Visible minority population,"Food insecure, marginal",59,
2018,British Columbia,,Visible minority population,"Food insecure, moderate or severe",59,
2018,British Columbia,,Visible minority population,"Food insecure, moderate",59,
2018,British Columbia,,Visible minority population,"Food insecure, severe",59,
2018,British Columbia,,South Asian,Food secure,59,
2018,British Columbia,,South Asian,Food insecure,59,
2018,British Columbia,,South Asian,"Food insecure, marginal",59,
2018,British Columbia,,South Asian,"Food insecure, moderate or severe",59,
2018,British Columbia,,South Asian,"Food insecure, moderate",59,
2018,British Columbia,,South Asian,"Food insecure, severe",59,
2018,British Columbia,,Chinese,Food secure,59,
2018,British Columbia,,Chinese,Food insecure,59,
2018,British Columbia,,Chinese,"Food insecure, marginal",59,
2018,British Columbia,,Chinese,"Food insecure, moderate or severe",59,
2018,British Columbia,,Chinese,"Food insecure, moderate",59,
2018,British Columbia,,Chinese,"Food insecure, severe",59,
2018,British Columbia,,Black,Food secure,59,
2018,British Columbia,,Black,Food insecure,59,
2018,British Columbia,,Black,"Food insecure, marginal",59,
2018,British Columbia,,Black,"Food insecure, moderate or severe",59,
2018,British Columbia,,Black,"Food insecure, moderate",59,
2018,British Columbia,,Black,"Food insecure, severe",59,
2018,British Columbia,,Filipino,Food secure,59,
2018,British Columbia,,Filipino,Food insecure,59,
2018,British Columbia,,Filipino,"Food insecure, marginal",59,
2018,British Columbia,,Filipino,"Food insecure, moderate or severe",59,
2018,British Columbia,,Filipino,"Food insecure, moderate",59,
2018,British Columbia,,Filipino,"Food insecure, severe",59,
2018,British Columbia,,Arab,Food secure,59,
2018,British Columbia,,Arab,Food insecure,59,
2018,British Columbia,,Arab,"Food insecure, marginal",59,
2018,British Columbia,,Arab,"Food insecure, moderate or severe",59,
2018,British Columbia,,Arab,"Food insecure, moderate",59,
2018,British Columbia,,Arab,"Food insecure, severe",59,
2018,British Columbia,,Latin American,Food secure,59,
2018,British Columbia,,Latin American,Food insecure,59,
2018,British Columbia,,Latin American,"Food insecure, marginal",59,
2018,British Columbia,,Latin American,"Food insecure, moderate or severe",59,
2018,British Columbia,,Latin American,"Food insecure, moderate",59,
2018,British Columbia,,Latin American,"Food insecure, severe",59,
2018,British Columbia,,Southeast Asian,Food secure,59,
2018,British Columbia,,Southeast Asian,Food insecure,59,
2018,British Columbia,,Southeast Asian,"Food insecure, marginal",59,
2018,British Columbia,,Southeast Asian,"Food insecure, moderate or severe",59,
2018,British Columbia,,Southeast Asian,"Food insecure, moderate",59,
2018,British Columbia,,Southeast Asian,"Food insecure, severe",59,
2018,British Columbia,,Other visible minority,Food secure,59,
2018,British Columbia,,Other visible minority,Food insecure,59,
2018,British Columbia,,Other visible minority,"Food insecure, marginal",59,
2018,British Columbia,,Other visible minority,"Food insecure, moderate or severe",59,
2018,British Columbia,,Other visible minority,"Food insecure, moderate",59,
2018,British Columbia,,Other visible minority,"Food insecure, severe",59,
2018,British Columbia,,Not a visible minority,Food secure,59,
2018,British Columbia,,Not a visible minority,Food insecure,59,
2018,British Columbia,,Not a visible minority,"Food insecure, marginal",59,
2018,British Columbia,,Not a visible minority,"Food insecure, moderate or severe",59,
2018,British Columbia,,Not a visible minority,"Food insecure, moderate",59,
2018,British Columbia,,Not a visible minority,"Food insecure, severe",59,
2018,British Columbia,,Indigenous population,Food secure,59,
2018,British Columbia,,Indigenous population,Food insecure,59,
2018,British Columbia,,Indigenous population,"Food insecure, marginal",59,
2018,British Columbia,,Indigenous population,"Food insecure, moderate or severe",59,
2018,British Columbia,,Indigenous population,"Food insecure, moderate",59,
2018,British Columbia,,Indigenous population,"Food insecure, severe",59,
2018,British Columbia,,Non-Indigenous population,Food secure,59,
2018,British Columbia,,Non-Indigenous population,Food insecure,59,
2018,British Columbia,,Non-Indigenous population,"Food insecure, marginal",59,
2018,British Columbia,,Non-Indigenous population,"Food insecure, moderate or severe",59,
2018,British Columbia,,Non-Indigenous population,"Food insecure, moderate",59,
2018,British Columbia,,Non-Indigenous population,"Food insecure, severe",59,
2018,British Columbia,,Not a visible minority nor Indigenous,Food secure,59,
2018,British Columbia,,Not a visible minority nor Indigenous,Food insecure,59,
2018,British Columbia,,Not a visible minority nor Indigenous,"Food insecure, marginal",59,
2018,British Columbia,,Not a visible minority nor Indigenous,"Food insecure, moderate or severe",59,
2018,British Columbia,,Not a visible minority nor Indigenous,"Food insecure, moderate",59,
2018,British Columbia,,Not a visible minority nor Indigenous,"Food insecure, severe",59,
2018,British Columbia,,All persons aged 15 years and over,Food secure,59,84.2
2018,British Columbia,,All persons aged 15 years and over,Food insecure,59,15.8
2018,British Columbia,,All persons aged 15 years and over,"Food insecure, marginal",59,4.4
2018,British Columbia,,All persons aged 15 years and over,"Food insecure, moderate or severe",59,11.3
2018,British Columbia,,All persons aged 15 years and over,"Food insecure, moderate",59,7.6
2018,British Columbia,,All persons aged 15 years and over,"Food insecure, severe",59,3.7
2018,British Columbia,,Indigenous population aged 15 years and over,Food secure,59,65.1
2018,British Columbia,,Indigenous population aged 15 years and over,Food insecure,59,34.9
2018,British Columbia,,Indigenous population aged 15 years and over,"Food insecure, marginal",59,6.9
2018,British Columbia,,Indigenous population aged 15 years and over,"Food insecure, moderate or severe",59,28.0
2018,British Columbia,,Indigenous population aged 15 years and over,"Food insecure, moderate",59,16.4
2018,British Columbia,,Indigenous population aged 15 years and over,"Food insecure, severe",59,11.7
2018,British Columbia,,First Nations aged 15 years and over,Food secure,59,62.9
2018,British Columbia,,First Nations aged 15 years and over,Food insecure,59,37.1
2018,British Columbia,,First Nations aged 15 years and over,"Food insecure, marginal",59,
2018,British Columbia,,First Nations aged 15 years and over,"Food insecure, moderate or severe",59,29.4
2018,British Columbia,,First Nations aged 15 years and over,"Food insecure, moderate",59,19.1
2018,British Columbia,,First Nations aged 15 years and over,"Food insecure, severe",59,
2018,British Columbia,,Métis aged 15 years and over,Food secure,59,67.4
2018,British Columbia,,Métis aged 15 years and over,Food insecure,59,32.6
2018,British Columbia,,Métis aged 15 years and over,"Food insecure, marginal",59,
2018,British Columbia,,Métis aged 15 years and over,"Food insecure, moderate or severe",59,26.7
2018,British Columbia,,Métis aged 15 years and over,"Food insecure, moderate",59,
2018,British Columbia,,Métis aged 15 years and over,"Food insecure, severe",59,13.4
2018,British Columbia,,Non-Indigenous population aged 15 years and over,Food secure,59,84.9
2018,British Columbia,,Non-Indigenous population aged 15 years and over,Food insecure,59,15.1
2018,British Columbia,,Non-Indigenous population aged 15 years and over,"Food insecure, marginal",59,4.3
2018,British Columbia,,Non-Indigenous population aged 15 years and over,"Food insecure, moderate or severe",59,10.7
2018,British Columbia,,Non-Indigenous population aged 15 years and over,"Food insecure, moderate",59,7.3
2018,British Columbia,,Non-Indigenous population aged 15 years and over,"Food insecure, severe",59,3.4
2018,British Columbia,,Immigrants aged 15 years and over,Food secure,59,83.8
2018,British Columbia,,Immigrants aged 15 years and over,Food insecure,59,16.2
2018,British Columbia,,Immigrants aged 15 years and over,"Food insecure, marginal",59,6.7
2018,British Columbia,,Immigrants aged 15 years and over,"Food insecure, moderate or severe",59,9.5
2018,British Columbia,,Immigrants aged 15 years and over,"Food insecure, moderate",59,8.3
2018,British Columbia,,Immigrants aged 15 years and over,"Food insecure, severe",59,1.2
2018,British Columbia,,Recent immigrants (10 years or less) aged 15 years and over,Food secure,59,76.0
2018,British Columbia,,Recent immigrants (10 years or less) aged 15 years and over,Food insecure,59,24.0
2018,British Columbia,,Recent immigrants (10 years or less) aged 15 years and over,"Food insecure, marginal",59,8.8
2018,British Columbia,,Recent immigrants (10 years or less) aged 15 years and over,"Food insecure, moderate or severe",59,15.2
2018,British Columbia,,Recent immigrants (10 years or less) aged 15 years and over,"Food insecure, moderate",59,13.5
2018,British Columbia,,Recent immigrants (10 years or less) aged 15 years and over,"Food insecure, severe",59,
2018,British Columbia,,Very recent immigrants (5 years or less) aged 15 years and over,Food secure,59,73.4
2018,British Columbia,,Very recent immigrants (5 years or less) aged 15 years and over,Food insecure,59,26.6
2018,British Columbia,,Very recent immigrants (5 years or less) aged 15 years and over,"Food insecure, marginal",59,9.8
2018,British Columbia,,Very recent immigrants (5 years or less) aged 15 years and over,"Food insecure, moderate or severe",59,16.9
2018,British Columbia,,Very recent immigrants (5 years or less) aged 15 years and over,"Food insecure, moderate",59,15.6
2018,British Columbia,,Very recent immigrants (5 years or less) aged 15 years and over,"Food insecure, severe",59,
2018,British Columbia,,Persons aged 15 years and over born in Canada,Food secure,59,83.9
2018,British Columbia,,Persons aged 15 years and over born in Canada,Food insecure,59,16.1
2018,British Columbia,,Persons aged 15 years and over born in Canada,"Food insecure, marginal",59,3.4
2018,British Columbia,,Persons aged 15 years and over born in Canada,"Food insecure, moderate or severe",59,12.7
2018,British Columbia,,Persons aged 15 years and over born in Canada,"Food insecure, moderate",59,7.5
2018,British Columbia,,Persons aged 15 years and over born in Canada,"Food insecure, severe",59,5.2
2019,Canada,,Persons under 18 years,Food secure,,80.0
2019,Canada,,Persons under 18 years,Food insecure,,20.0
2019,Canada,,Persons under 18 years,"Food insecure, marginal",,6.7
2019,Canada,,Persons under 18 years,"Food insecure, moderate",,10.2
2019,Canada,,Persons under 18 years,"Food insecure, severe",,3.1
2019,Canada,,Persons 18 to 64 years,Food secure,,83.2
2019,Canada,,Persons 18 to 64 years,Food insecure,,16.8
2019,Canada,,Persons 18 to 64 years,"Food insecure, marginal",,5.2
2019,Canada,,Persons 18 to 64 years,"Food insecure, moderate",,7.8
2019,Canada,,Persons 18 to 64 years,"Food insecure, severe",,3.8
2019,Canada,,Persons 18 to 24 years,Food secure,,82.2
2019,Canada,,Persons 18 to 24 years,Food insecure,,17.8
2019,Canada,,Persons 18 to 24 years,"Food insecure, marginal",,6.1
2019,Canada,,Persons 18 to 24 years,"Food insecure, moderate",,8.2
2019,Canada,,Persons 18 to 24 years,"Food insecure, severe",,3.6
2019,Canada,,Persons 25 to 34 years,Food secure,,81.9
2019,Canada,,Persons 25 to 34 years,Food insecure,,18.1
2019,Canada,,Persons 25 to 34 years,"Food insecure, marginal",,5.5
2019,Canada,,Persons 25 to 34 years,"Food insecure, moderate",,8.3
2019,Canada,,Persons 25 to 34 years,"Food insecure, severe",,4.3
2019,Canada,,Persons 35 to 44 years,Food secure,,80.2
2019,Canada,,Persons 35 to 44 years,Food insecure,,19.8
2019,Canada,,Persons 35 to 44 years,"Food insecure, marginal",,6.4
2019,Canada,,Persons 35 to 44 years,"Food insecure, moderate",,9.6
2019,Canada,,Persons 35 to 44 years,"Food insecure, severe",,3.8
2019,Canada,,Persons 45 to 54 years,Food secure,,84.5
2019,Canada,,Persons 45 to 54 years,Food insecure,,15.5
2019,Canada,,Persons 45 to 54 years,"Food insecure, marginal",,4.8
2019,Canada,,Persons 45 to 54 years,"Food insecure, moderate",,7.1
2019,Canada,,Persons 45 to 54 years,"Food insecure, severe",,3.6
2019,Canada,,Persons 55 to 64 years,Food secure,,87.0
2019,Canada,,Persons 55 to 64 years,Food insecure,,13.0
2019,Canada,,Persons 55 to 64 years,"Food insecure, marginal",,3.5
2019,Canada,,Persons 55 to 64 years,"Food insecure, moderate",,5.9
2019,Canada,,Persons 55 to 64 years,"Food insecure, severe",,3.6
2019,Canada,,Persons 65 years and over,Food secure,,92.0
2019,Canada,,Persons 65 years and over,Food insecure,,8.0
2019,Canada,,Persons 65 years and over,"Food insecure, marginal",,2.9
2019,Canada,,Persons 65 years and over,"Food insecure, moderate",,3.9
2019,Canada,,Persons 65 years and over,"Food insecure, severe",,1.2
2019,Canada,,Males,Food secure,,84.4
2019,Canada,,Males,Food insecure,,15.6
2019,Canada,,Males,"Food insecure, marginal",,5.0
2019,Canada,,Males,"Food insecure, moderate",,7.4
2019,Canada,,Males,"Food insecure, severe",,3.1
2019,Canada,,"Males, under 18 years",Food secure,,79.8
2019,Canada,,"Males, under 18 years",Food insecure,,20.2
2019,Canada,,"Males, under 18 years","Food insecure, marginal",,7.2
2019,Canada,,"Males, under 18 years","Food insecure, moderate",,10.1
2019,Canada,,"Males, under 18 years","Food insecure, severe",,2.9
2019,Canada,,"Males, 18 to 64 years",Food secure,,83.8
2019,Canada,,"Males, 18 to 64 years",Food insecure,,16.2
2019,Canada,,"Males, 18 to 64 years","Food insecure, marginal",,4.9
2019,Canada,,"Males, 18 to 64 years","Food insecure, moderate",,7.6
2019,Canada,,"Males, 18 to 64 years","Food insecure, severe",,3.7
2019,Canada,,"Males, 65 years and over",Food secure,,92.3
2019,Canada,,"Males, 65 years and over",Food insecure,,7.7
2019,Canada,,"Males, 65 years and over","Food insecure, marginal",,2.7
2019,Canada,,"Males, 65 years and over","Food insecure, moderate",,3.8
2019,Canada,,"Males, 65 years and over","Food insecure, severe",,1.2
2019,Canada,,Females,Food secure,,83.9
2019,Canada,,Females,Food insecure,,16.1
2019,Canada,,Females,"Food insecure, marginal",,5.1
2019,Canada,,Females,"Food insecure, moderate",,7.7
2019,Canada,,Females,"Food insecure, severe",,3.3
2019,Canada,,"Females, under 18 years",Food secure,,80.3
2019,Canada,,"Females, under 18 years",Food insecure,,19.7
2019,Canada,,"Females, under 18 years","Food insecure, marginal",,6.1
2019,Canada,,"Females, under 18 years","Food insecure, moderate",,10.2
2019,Canada,,"Females, under 18 years","Food insecure, severe",,3.4
2019,Canada,,"Females, 18 to 64 years",Food secure,,82.6
2019,Canada,,"Females, 18 to 64 years",Food insecure,,17.4
2019,Canada,,"Females, 18 to 64 years","Food insecure, marginal",,5.4
2019,Canada,,"Females, 18 to 64 years","Food insecure, moderate",,8.1
2019,Canada,,"Females, 18 to 64 years","Food insecure, severe",,3.9
2019,Canada,,"Females, 65 years and over",Food secure,,91.7
2019,Canada,,"Females, 65 years and over",Food insecure,,8.3
2019,Canada,,"Females, 65 years and over","Food insecure, marginal",,3.0
2019,Canada,,"Females, 65 years and over","Food insecure, moderate",,4.1
2019,Canada,,"Females, 65 years and over","Food insecure, severe",,1.2
2019,Canada,,Visible minority population,Food secure,,
2019,Canada,,Visible minority population,Food insecure,,
2019,Canada,,Visible minority population,"Food insecure, marginal",,
2019,Canada,,Visible minority population,"Food insecure, moderate",,
2019,Canada,,Visible minority population,"Food insecure, severe",,
2019,Canada,,South Asian,Food secure,,
2019,Canada,,South Asian,Food insecure,,
2019,Canada,,South Asian,"Food insecure, marginal",,
2019,Canada,,South Asian,"Food insecure, moderate",,
2019,Canada,,South Asian,"Food insecure, severe",,
2019,Canada,,Chinese,Food secure,,
2019,Canada,,Chinese,Food insecure,,
2019,Canada,,Chinese,"Food insecure, marginal",,
2019,Canada,,Chinese,"Food insecure, moderate",,
2019,Canada,,Chinese,"Food insecure, severe",,
2019,Canada,,Black,Food secure,,
2019,Canada,,Black,Food insecure,,
2019,Canada,,Black,"Food insecure, marginal",,
2019,Canada,,Black,"Food insecure, moderate",,
2019,Canada,,Black,"Food insecure, severe",,
2019,Canada,,Filipino,Food secure,,
2019,Canada,,Filipino,Food insecure,,
2019,Canada,,Filipino,"Food insecure, marginal",,
2019,Canada,,Filipino,"Food insecure, moderate",,
2019,Canada,,Filipino,"Food insecure, severe",,
2019,Canada,,Arab,Food secure,,
2019,Canada,,Arab,Food insecure,,
2019,Canada,,Arab,"Food insecure, marginal",,
2019,Canada,,Arab,"Food insecure, moderate",,
2019,Canada,,Arab,"Food insecure, severe",,
2019,Canada,,Latin American,Food secure,,
2019,Canada,,Latin American,Food insecure,,
2019,Canada,,Latin American,"Food insecure, marginal",,
2019,Canada,,Latin American,"Food insecure, moderate",,
2019,Canada,,Latin American,"Food insecure, severe",,
2019,Canada,,Southeast Asian,Food secure,,
2019,Canada,,Southeast Asian,Food insecure,,
2019,Canada,,Southeast Asian,"Food insecure, marginal",,
2019,Canada,,Southeast Asian,"Food insecure, moderate",,
2019,Canada,,Southeast Asian,"Food insecure, severe",,
2019,Canada,,Other visible minority,Food secure,,
2019,Canada,,Other visible minority,Food insecure,,
2019,Canada,,Other visible minority,"Food insecure, marginal",,
2019,Canada,,Other visible minority,"Food insecure, moderate",,
2019,Canada,,Other visible minority,"Food insecure, severe",,
2019,Canada,,Not a visible minority,Food secure,,
2019,Canada,,Not a visible minority,Food insecure,,
2019,Canada,,Not a visible minority,"Food insecure, marginal",,
2019,Canada,,Not a visible minority,"Food insecure, moderate",,
2019,Canada,,Not a visible minority,"Food insecure, severe",,
2019,Canada,,Indigenous population,Food secure,,
2019,Canada,,Indigenous population,Food insecure,,
2019,Canada,,Indigenous population,"Food insecure, marginal",,
2019,Canada,,Indigenous population,"Food insecure, moderate",,
2019,Canada,,Indigenous population,"Food insecure, severe",,
2019,Canada,,Non-Indigenous population,Food secure,,
2019,Canada,,Non-Indigenous population,Food insecure,,
2019,Canada,,Non-Indigenous population,"Food insecure, marginal",,
2019,Canada,,Non-Indigenous population,"Food insecure, moderate",,
2019,Canada,,Non-Indigenous population,"Food insecure, severe",,
2019,Canada,,Not a visible minority nor Indigenous,Food secure,,
2019,Canada,,Not a visible minority nor Indigenous,Food insecure,,
2019,Canada,,Not a visible minority nor Indigenous,"Food insecure, marginal",,
2019,Canada,,Not a visible minority nor Indigenous,"Food insecure, moderate",,
2019,Canada,,Not a visible minority nor Indigenous,"Food insecure, severe",,
2019,Canada,,All persons aged 15 years and over,Food secure,,85.0
2019,Canada,,All persons aged 15 years and over,Food insecure,,15.0
2019,Canada,,All persons aged 15 years and over,"Food insecure, marginal",,4.7
2019,Canada,,All persons aged 15 years and over,"Food insecure, moderate",,7.0
2019,Canada,,All persons aged 15 years and over,"Food insecure, severe",,3.2
2019,Canada,,Indigenous population aged 15 years and over,Food secure,,71.5
2019,Canada,,Indigenous population aged 15 years and over,Food insecure,,28.5
2019,Canada,,Indigenous population aged 15 years and over,"Food insecure, marginal",,6.2
2019,Canada,,Indigenous population aged 15 years and over,"Food insecure, moderate",,14.0
2019,Canada,,Indigenous population aged 15 years and over,"Food insecure, severe",,8.3
2019,Canada,,First Nations aged 15 years and over,Food secure,,68.3
2019,Canada,,First Nations aged 15 years and over,Food insecure,,31.7
2019,Canada,,First Nations aged 15 years and over,"Food insecure, marginal",,6.7
2019,Canada,,First Nations aged 15 years and over,"Food insecure, moderate",,17.4
2019,Canada,,First Nations aged 15 years and over,"Food insecure, severe",,7.5
2019,Canada,,Métis aged 15 years and over,Food secure,,74.9
2019,Canada,,Métis aged 15 years and over,Food insecure,,25.1
2019,Canada,,Métis aged 15 years and over,"Food insecure, marginal",,6.0
2019,Canada,,Métis aged 15 years and over,"Food insecure, moderate",,10.8
2019,Canada,,Métis aged 15 years and over,"Food insecure, severe",,8.4
2019,Canada,,Non-Indigenous population aged 15 years and over,Food secure,,85.4
2019,Canada,,Non-Indigenous population aged 15 years and over,Food insecure,,14.6
2019,Canada,,Non-Indigenous population aged 15 years and over,"Food insecure, marginal",,4.7
2019,Canada,,Non-Indigenous population aged 15 years and over,"Food insecure, moderate",,6.9
2019,Canada,,Non-Indigenous population aged 15 years and over,"Food insecure, severe",,3.1
2019,Canada,,Immigrants aged 15 years and over,Food secure,,82.2
2019,Canada,,Immigrants aged 15 years and over,Food insecure,,17.8
2019,Canada,,Immigrants aged 15 years and over,"Food insecure, marginal",,5.9
2019,Canada,,Immigrants aged 15 years and over,"Food insecure, moderate",,9.3
2019,Canada,,Immigrants aged 15 years and over,"Food insecure, severe",,2.5
2019,Canada,,Recent immigrants (10 years or less) aged 15 years and over,Food secure,,75.1
2019,Canada,,Recent immigrants (10 years or less) aged 15 years and over,Food insecure,,24.9
2019,Canada,,Recent immigrants (10 years or less) aged 15 years and over,"Food insecure, marginal",,9.4
2019,Canada,,Recent immigrants (10 years or less) aged 15 years and over,"Food insecure, moderate",,13.6
2019,Canada,,Recent immigrants (10 years or less) aged 15 years and over,"Food insecure, severe",,2.0
2019,Canada,,Very recent immigrants (5 years or less) aged 15 years and over,Food secure,,76.7
2019,Canada,,Very recent immigrants (5 years or less) aged 15 years and over,Food insecure,,23.3
2019,Canada,,Very recent immigrants (5 years or less) aged 15 years and over,"Food insecure, marginal",,9.4
2019,Canada,,Very recent immigrants (5 years or less) aged 15 years and over,"Food insecure, moderate",,11.4
2019,Canada,,Very recent immigrants (5 years or less) aged 15 years and over,"Food insecure, severe",,2.5
2019,Canada,,Persons aged 15 years and over born in Canada,Food secure,,86.3
2019,Canada,,Persons aged 15 years and over born in Canada,Food insecure,,13.7
2019,Canada,,Persons aged 15 years and over born in Canada,"Food insecure, marginal",,4.1
2019,Canada,,Persons aged 15 years and over born in Canada,"Food insecure, moderate",,6.0
2019,Canada,,Persons aged 15 years and over born in Canada,"Food insecure, severe",,3.5
2019,Atlantic provinces,,All persons,Food secure,,82.8
2019,Atlantic provinces,,All persons,Food insecure,,17.2
2019,Atlantic provinces,,All persons,"Food insecure, marginal",,5.3
2019,Atlantic provinces,,All persons,"Food insecure, moderate or severe",,11.9
2019,Atlantic provinces,,All persons,"Food insecure, moderate",,8.1
2019,Atlantic provinces,,All persons,"Food insecure, severe",,3.8
2019,Atlantic provinces,,Persons under 18 years,Food secure,,76.1
2019,Atlantic provinces,,Persons under 18 years,Food insecure,,23.9
2019,Atlantic provinces,,Persons under 18 years,"Food insecure, marginal",,7.2
2019,Atlantic provinces,,Persons under 18 years,"Food insecure, moderate or severe",,16.7
2019,Atlantic provinces,,Persons under 18 years,"Food insecure, moderate",,12.8
2019,Atlantic provinces,,Persons under 18 years,"Food insecure, severe",,4.0
2019,Atlantic provinces,,Persons 18 to 64 years,Food secure,,82.0
2019,Atlantic provinces,,Persons 18 to 64 years,Food insecure,,18.0
2019,Atlantic provinces,,Persons 18 to 64 years,"Food insecure, marginal",,5.5
2019,Atlantic provinces,,Persons 18 to 64 years,"Food insecure, moderate or severe",,12.5
2019,Atlantic provinces,,Persons 18 to 64 years,"Food insecure, moderate",,7.8
2019,Atlantic provinces,,Persons 18 to 64 years,"Food insecure, severe",,4.7
2019,Atlantic provinces,,Persons 18 to 24 years,Food secure,,82.8
2019,Atlantic provinces,,Persons 18 to 24 years,Food insecure,,17.2
2019,Atlantic provinces,,Persons 18 to 24 years,"Food insecure, marginal",,5.0
2019,Atlantic provinces,,Persons 18 to 24 years,"Food insecure, moderate or severe",,12.1
2019,Atlantic provinces,,Persons 18 to 24 years,"Food insecure, moderate",,6.9
2019,Atlantic provinces,,Persons 18 to 24 years,"Food insecure, severe",,5.2
2019,Atlantic provinces,,Persons 25 to 34 years,Food secure,,77.6
2019,Atlantic provinces,,Persons 25 to 34 years,Food insecure,,22.4
2019,Atlantic provinces,,Persons 25 to 34 years,"Food insecure, marginal",,8.2
2019,Atlantic provinces,,Persons 25 to 34 years,"Food insecure, moderate or severe",,14.2
2019,Atlantic provinces,,Persons 25 to 34 years,"Food insecure, moderate",,8.3
2019,Atlantic provinces,,Persons 25 to 34 years,"Food insecure, severe",,5.9
2019,Atlantic provinces,,Persons 35 to 44 years,Food secure,,77.1
2019,Atlantic provinces,,Persons 35 to 44 years,Food insecure,,22.9
2019,Atlantic provinces,,Persons 35 to 44 years,"Food insecure, marginal",,6.0
2019,Atlantic provinces,,Persons 35 to 44 years,"Food insecure, moderate or severe",,16.9
2019,Atlantic provinces,,Persons 35 to 44 years,"Food insecure, moderate",,12.4
2019,Atlantic provinces,,Persons 35 to 44 years,"Food insecure, severe",,4.5
2019,Atlantic provinces,,Persons 45 to 54 years,Food secure,,84.3
2019,Atlantic provinces,,Persons 45 to 54 years,Food insecure,,15.7
2019,Atlantic provinces,,Persons 45 to 54 years,"Food insecure, marginal",,4.6
2019,Atlantic provinces,,Persons 45 to 54 years,"Food insecure, moderate or severe",,11.1
2019,Atlantic provinces,,Persons 45 to 54 years,"Food insecure, moderate",,7.0
2019,Atlantic provinces,,Persons 45 to 54 years,"Food insecure, severe",,4.1
2019,Atlantic provinces,,Persons 55 to 64 years,Food secure,,86.6
2019,Atlantic provinces,,Persons 55 to 64 years,Food insecure,,13.4
2019,Atlantic provinces,,Persons 55 to 64 years,"Food insecure, marginal",,4.2
2019,Atlantic provinces,,Persons 55 to 64 years,"Food insecure, moderate or severe",,9.2
2019,Atlantic provinces,,Persons 55 to 64 years,"Food insecure, moderate",,5.1
2019,Atlantic provinces,,Persons 55 to 64 years,"Food insecure, severe",,4.1
2019,Atlantic provinces,,Persons 65 years and over,Food secure,,90.4
2019,Atlantic provinces,,Persons 65 years and over,Food insecure,,9.6
2019,Atlantic provinces,,Persons 65 years and over,"Food insecure, marginal",,3.4
2019,Atlantic provinces,,Persons 65 years and over,"Food insecure, moderate or severe",,6.2
2019,Atlantic provinces,,Persons 65 years and over,"Food insecure, moderate",,4.9
2019,Atlantic provinces,,Persons 65 years and over,"Food insecure, severe",,1.3
2019,Atlantic provinces,,Males,Food secure,,82.6
2019,Atlantic provinces,,Males,Food insecure,,17.4
2019,Atlantic provinces,,Males,"Food insecure, marginal",,5.3
2019,Atlantic provinces,,Males,"Food insecure, moderate or severe",,12.1
2019,Atlantic provinces,,Males,"Food insecure, moderate",,8.0
2019,Atlantic provinces,,Males,"Food insecure, severe",,4.0
2019,Atlantic provinces,,"Males, under 18 years",Food secure,,75.7
2019,Atlantic provinces,,"Males, under 18 years",Food insecure,,24.3
2019,Atlantic provinces,,"Males, under 18 years","Food insecure, marginal",,7.0
2019,Atlantic provinces,,"Males, under 18 years","Food insecure, moderate or severe",,17.3
2019,Atlantic provinces,,"Males, under 18 years","Food insecure, moderate",,13.3
2019,Atlantic provinces,,"Males, under 18 years","Food insecure, severe",,4.0
2019,Atlantic provinces,,"Males, 18 to 64 years",Food secure,,82.0
2019,Atlantic provinces,,"Males, 18 to 64 years",Food insecure,,18.0
2019,Atlantic provinces,,"Males, 18 to 64 years","Food insecure, marginal",,5.4
2019,Atlantic provinces,,"Males, 18 to 64 years","Food insecure, moderate or severe",,12.6
2019,Atlantic provinces,,"Males, 18 to 64 years","Food insecure, moderate",,7.6
2019,Atlantic provinces,,"Males, 18 to 64 years","Food insecure, severe",,5.0
2019,Atlantic provinces,,"Males, 65 years and over",Food secure,,91.0
2019,Atlantic provinces,,"Males, 65 years and over",Food insecure,,9.0
2019,Atlantic provinces,,"Males, 65 years and over","Food insecure, marginal",,3.2
2019,Atlantic provinces,,"Males, 65 years and over","Food insecure, moderate or severe",,5.8
2019,Atlantic provinces,,"Males, 65 years and over","Food insecure, moderate",,4.5
2019,Atlantic provinces,,"Males, 65 years and over","Food insecure, severe",,1.3
2019,Atlantic provinces,,Females,Food secure,,82.9
2019,Atlantic provinces,,Females,Food insecure,,17.1
2019,Atlantic provinces,,Females,"Food insecure, marginal",,5.4
2019,Atlantic provinces,,Females,"Food insecure, moderate or severe",,11.7
2019,Atlantic provinces,,Females,"Food insecure, moderate",,8.1
2019,Atlantic provinces,,Females,"Food insecure, severe",,3.6
2019,Atlantic provinces,,"Females, under 18 years",Food secure,,76.5
2019,Atlantic provinces,,"Females, under 18 years",Food insecure,,23.5
2019,Atlantic provinces,,"Females, under 18 years","Food insecure, marginal",,7.4
2019,Atlantic provinces,,"Females, under 18 years","Food insecure, moderate or severe",,16.1
2019,Atlantic provinces,,"Females, under 18 years","Food insecure, moderate",,12.2
2019,Atlantic provinces,,"Females, under 18 years","Food insecure, severe",,3.9
2019,Atlantic provinces,,"Females, 18 to 64 years",Food secure,,82.1
2019,Atlantic provinces,,"Females, 18 to 64 years",Food insecure,,17.9
2019,Atlantic provinces,,"Females, 18 to 64 years","Food insecure, marginal",,5.5
2019,Atlantic provinces,,"Females, 18 to 64 years","Food insecure, moderate or severe",,12.4
2019,Atlantic provinces,,"Females, 18 to 64 years","Food insecure, moderate",,8.0
2019,Atlantic provinces,,"Females, 18 to 64 years","Food insecure, severe",,4.4
2019,Atlantic provinces,,"Females, 65 years and over",Food secure,,89.9
2019,Atlantic provinces,,"Females, 65 years and over",Food insecure,,10.1
2019,Atlantic provinces,,"Females, 65 years and over","Food insecure, marginal",,3.5
2019,Atlantic provinces,,"Females, 65 years and over","Food insecure, moderate or severe",,6.5
2019,Atlantic provinces,,"Females, 65 years and over","Food insecure, moderate",,5.3
2019,Atlantic provinces,,"Females, 65 years and over","Food insecure, severe",,1.3
2019,Atlantic provinces,,Visible minority population,Food secure,,
2019,Atlantic provinces,,Visible minority population,Food insecure,,
2019,Atlantic provinces,,Visible minority population,"Food insecure, marginal",,
2019,Atlantic provinces,,Visible minority population,"Food insecure, moderate or severe",,
2019,Atlantic provinces,,Visible minority population,"Food insecure, moderate",,
2019,Atlantic provinces,,Visible minority population,"Food insecure, severe",,
2019,Atlantic provinces,,South Asian,Food secure,,
2019,Atlantic provinces,,South Asian,Food insecure,,
2019,Atlantic provinces,,South Asian,"Food insecure, marginal",,
2019,Atlantic provinces,,South Asian,"Food insecure, moderate or severe",,
2019,Atlantic provinces,,South Asian,"Food insecure, moderate",,
2019,Atlantic provinces,,South Asian,"Food insecure, severe",,
2019,Atlantic provinces,,Chinese,Food secure,,
2019,Atlantic provinces,,Chinese,Food insecure,,
2019,Atlantic provinces,,Chinese,"Food insecure, marginal",,
2019,Atlantic provinces,,Chinese,"Food insecure, moderate or severe",,
2019,Atlantic provinces,,Chinese,"Food insecure, moderate",,
2019,Atlantic provinces,,Chinese,"Food insecure, severe",,
2019,Atlantic provinces,,Black,Food secure,,
2019,Atlantic provinces,,Black,Food insecure,,
2019,Atlantic provinces,,Black,"Food insecure, marginal",,
2019,Atlantic provinces,,Black,"Food insecure, moderate or severe",,
2019,Atlantic provinces,,Black,"Food insecure, moderate",,
2019,Atlantic provinces,,Black,"Food insecure, severe",,
2019,Atlantic provinces,,Filipino,Food secure,,
2019,Atlantic provinces,,Filipino,Food insecure,,
2019,Atlantic provinces,,Filipino,"Food insecure, marginal",,
2019,Atlantic provinces,,Filipino,"Food insecure, moderate or severe",,
2019,Atlantic provinces,,Filipino,"Food insecure, moderate",,
2019,Atlantic provinces,,Filipino,"Food insecure, severe",,
2019,Atlantic provinces,,Arab,Food secure,,
2019,Atlantic provinces,,Arab,Food insecure,,
2019,Atlantic provinces,,Arab,"Food insecure, marginal",,
2019,Atlantic provinces,,Arab,"Food insecure, moderate or severe",,
2019,Atlantic provinces,,Arab,"Food insecure, moderate",,
2019,Atlantic provinces,,Arab,"Food insecure, severe",,
2019,Atlantic provinces,,Latin American,Food secure,,
2019,Atlantic provinces,,Latin American,Food insecure,,
2019,Atlantic provinces,,Latin American,"Food insecure, marginal",,
2019,Atlantic provinces,,Latin American,"Food insecure, moderate or severe",,
2019,Atlantic provinces,,Latin American,"Food insecure, moderate",,
2019,Atlantic provinces,,Latin American,"Food insecure, severe",,
2019,Atlantic provinces,,Southeast Asian,Food secure,,
2019,Atlantic provinces,,Southeast Asian,Food insecure,,
2019,Atlantic provinces,,Southeast Asian,"Food insecure, marginal",,
2019,Atlantic provinces,,Southeast Asian,"Food insecure, moderate or severe",,
2019,Atlantic provinces,,Southeast Asian,"Food insecure, moderate",,
2019,Atlantic provinces,,Southeast Asian,"Food insecure, severe",,
2019,Atlantic provinces,,Other visible minority,Food secure,,
2019,Atlantic provinces,,Other visible minority,Food insecure,,
2019,Atlantic provinces,,Other visible minority,"Food insecure, marginal",,
2019,Atlantic provinces,,Other visible minority,"Food insecure, moderate or severe",,
2019,Atlantic provinces,,Other visible minority,"Food insecure, moderate",,
2019,Atlantic provinces,,Other visible minority,"Food insecure, severe",,
2019,Atlantic provinces,,Not a visible minority,Food secure,,
2019,Atlantic provinces,,Not a visible minority,Food insecure,,
2019,Atlantic provinces,,Not a visible minority,"Food insecure, marginal",,
2019,Atlantic provinces,,Not a visible minority,"Food insecure, moderate or severe",,
2019,Atlantic provinces,,Not a visible minority,"Food insecure, moderate",,
2019,Atlantic provinces,,Not a visible minority,"Food insecure, severe",,
2019,Atlantic provinces,,Indigenous population,Food secure,,
2019,Atlantic provinces,,Indigenous population,Food insecure,,
2019,Atlantic provinces,,Indigenous population,"Food insecure, marginal",,
2019,Atlantic provinces,,Indigenous population,"Food insecure, moderate or severe",,
2019,Atlantic provinces,,Indigenous population,"Food insecure, moderate",,
2019,Atlantic provinces,,Indigenous population,"Food insecure, severe",,
2019,Atlantic provinces,,Non-Indigenous population,Food secure,,
2019,Atlantic provinces,,Non-Indigenous population,Food insecure,,
2019,Atlantic provinces,,Non-Indigenous population,"Food insecure, marginal",,
2019,Atlantic provinces,,Non-Indigenous population,"Food insecure, moderate or severe",,
2019,Atlantic provinces,,Non-Indigenous population,"Food insecure, moderate",,
2019,Atlantic provinces,,Non-Indigenous population,"Food insecure, severe",,
2019,Atlantic provinces,,Not a visible minority nor Indigenous,Food secure,,
2019,Atlantic provinces,,Not a visible minority nor Indigenous,Food insecure,,
2019,Atlantic provinces,,Not a visible minority nor Indigenous,"Food insecure, marginal",,
2019,Atlantic provinces,,Not a visible minority nor Indigenous,"Food insecure, moderate or severe",,
2019,Atlantic provinces,,Not a visible minority nor Indigenous,"Food insecure, moderate",,
2019,Atlantic provinces,,Not a visible minority nor Indigenous,"Food insecure, severe",,
2019,Atlantic provinces,,All persons aged 15 years and over,Food secure,,84.0
2019,Atlantic provinces,,All persons aged 15 years and over,Food insecure,,16.0
2019,Atlantic provinces,,All persons aged 15 years and over,"Food insecure, marginal",,5.0
2019,Atlantic provinces,,All persons aged 15 years and over,"Food insecure, moderate or severe",,11.0
2019,Atlantic provinces,,All persons aged 15 years and over,"Food insecure, moderate",,7.1
2019,Atlantic provinces,,All persons aged 15 years and over,"Food insecure, severe",,3.9
2019,Atlantic provinces,,Indigenous population aged 15 years and over,Food secure,,80.0
2019,Atlantic provinces,,Indigenous population aged 15 years and over,Food insecure,,20.0
2019,Atlantic provinces,,Indigenous population aged 15 years and over,"Food insecure, marginal",,3.2
2019,Atlantic provinces,,Indigenous population aged 15 years and over,"Food insecure, moderate or severe",,16.8
2019,Atlantic provinces,,Indigenous population aged 15 years and over,"Food insecure, moderate",,11.3
2019,Atlantic provinces,,Indigenous population aged 15 years and over,"Food insecure, severe",,5.5
2019,Atlantic provinces,,First Nations aged 15 years and over,Food secure,,81.5
2019,Atlantic provinces,,First Nations aged 15 years and over,Food insecure,,18.5
2019,Atlantic provinces,,First Nations aged 15 years and over,"Food insecure, marginal",,
2019,Atlantic provinces,,First Nations aged 15 years and over,"Food insecure, moderate or severe",,14.8
2019,Atlantic provinces,,First Nations aged 15 years and over,"Food insecure, moderate",,
2019,Atlantic provinces,,First Nations aged 15 years and over,"Food insecure, severe",,
2019,Atlantic provinces,,Métis aged 15 years and over,Food secure,,81.7
2019,Atlantic provinces,,Métis aged 15 years and over,Food insecure,,18.3
2019,Atlantic provinces,,Métis aged 15 years and over,"Food insecure, marginal",,
2019,Atlantic provinces,,Métis aged 15 years and over,"Food insecure, moderate or severe",,15.7
2019,Atlantic provinces,,Métis aged 15 years and over,"Food insecure, moderate",,
2019,Atlantic provinces,,Métis aged 15 years and over,"Food insecure, severe",,
2019,Atlantic provinces,,Non-Indigenous population aged 15 years and over,Food secure,,84.1
2019,Atlantic provinces,,Non-Indigenous population aged 15 years and over,Food insecure,,15.9
2019,Atlantic provinces,,Non-Indigenous population aged 15 years and over,"Food insecure, marginal",,5.1
2019,Atlantic provinces,,Non-Indigenous population aged 15 years and over,"Food insecure, moderate or severe",,10.8
2019,Atlantic provinces,,Non-Indigenous population aged 15 years and over,"Food insecure, moderate",,7.0
2019,Atlantic provinces,,Non-Indigenous population aged 15 years and over,"Food insecure, severe",,3.8
2019,Atlantic provinces,,Immigrants aged 15 years and over,Food secure,,78.6
2019,Atlantic provinces,,Immigrants aged 15 years and over,Food insecure,,21.4
2019,Atlantic provinces,,Immigrants aged 15 years and over,"Food insecure, marginal",,9.7
2019,Atlantic provinces,,Immigrants aged 15 years and over,"Food insecure, moderate or severe",,11.7
2019,Atlantic provinces,,Immigrants aged 15 years and over,"Food insecure, moderate",,9.7
2019,Atlantic provinces,,Immigrants aged 15 years and over,"Food insecure, severe",,
2019,Atlantic provinces,,Recent immigrants (10 years or less) aged 15 years and over,Food secure,,70.5
2019,Atlantic provinces,,Recent immigrants (10 years or less) aged 15 years and over,Food insecure,,29.5
2019,Atlantic provinces,,Recent immigrants (10 years or less) aged 15 years and over,"Food insecure, marginal",,17.6
2019,Atlantic provinces,,Recent immigrants (10 years or less) aged 15 years and over,"Food insecure, moderate or severe",,11.9
2019,Atlantic provinces,,Recent immigrants (10 years or less) aged 15 years and over,"Food insecure, moderate",,
2019,Atlantic provinces,,Recent immigrants (10 years or less) aged 15 years and over,"Food insecure, severe",,
2019,Atlantic provinces,,Very recent immigrants (5 years or less) aged 15 years and over,Food secure,,66.2
2019,Atlantic provinces,,Very recent immigrants (5 years or less) aged 15 years and over,Food insecure,,33.8
2019,Atlantic provinces,,Very recent immigrants (5 years or less) aged 15 years and over,"Food insecure, marginal",,
2019,Atlantic provinces,,Very recent immigrants (5 years or less) aged 15 years and over,"Food insecure, moderate or severe",,
2019,Atlantic provinces,,Very recent immigrants (5 years or less) aged 15 years and over,"Food insecure, moderate",,
2019,Atlantic provinces,,Very recent immigrants (5 years or less) aged 15 years and over,"Food insecure, severe",,
2019,Atlantic provinces,,Persons aged 15 years and over born in Canada,Food secure,,84.5
2019,Atlantic provinces,,Persons aged 15 years and over born in Canada,Food insecure,,15.5
2019,Atlantic provinces,,Persons aged 15 years and over born in Canada,"Food insecure, marginal",,4.7
2019,Atlantic provinces,,Persons aged 15 years and over born in Canada,"Food insecure, moderate or severe",,10.9
2019,Atlantic provinces,,Persons aged 15 years and over born in Canada,"Food insecure, moderate",,6.9
2019,Atlantic provinces,,Persons aged 15 years and over born in Canada,"Food insecure, severe",,3.9
2019,Newfoundland and Labrador,,All persons,Food secure,10,82.3
2019,Newfoundland and Labrador,,All persons,Food insecure,10,17.7
2019,Newfoundland and Labrador,,All persons,"Food insecure, marginal",10,5.6
2019,Newfoundland and Labrador,,All persons,"Food insecure, moderate or severe",10,12.0
2019,Newfoundland and Labrador,,All persons,"Food insecure, moderate",10,9.0
2019,Newfoundland and Labrador,,All persons,"Food insecure, severe",10,3.0
2019,Newfoundland and Labrador,,Persons under 18 years,Food secure,10,74.1
2019,Newfoundland and Labrador,,Persons under 18 years,Food insecure,10,25.9
2019,Newfoundland and Labrador,,Persons under 18 years,"Food insecure, marginal",10,7.8
2019,Newfoundland and Labrador,,Persons under 18 years,"Food insecure, moderate or severe",10,18.0
2019,Newfoundland and Labrador,,Persons under 18 years,"Food insecure, moderate",10,13.4
2019,Newfoundland and Labrador,,Persons under 18 years,"Food insecure, severe",10,
2019,Newfoundland and Labrador,,Persons 18 to 64 years,Food secure,10,81.9
2019,Newfoundland and Labrador,,Persons 18 to 64 years,Food insecure,10,18.1
2019,Newfoundland and Labrador,,Persons 18 to 64 years,"Food insecure, marginal",10,5.2
2019,Newfoundland and Labrador,,Persons 18 to 64 years,"Food insecure, moderate or severe",10,12.9
2019,Newfoundland and Labrador,,Persons 18 to 64 years,"Food insecure, moderate",10,9.5
2019,Newfoundland and Labrador,,Persons 18 to 64 years,"Food insecure, severe",10,3.4
2019,Newfoundland and Labrador,,Persons 18 to 24 years,Food secure,10,84.2
2019,Newfoundland and Labrador,,Persons 18 to 24 years,Food insecure,10,15.8
2019,Newfoundland and Labrador,,Persons 18 to 24 years,"Food insecure, marginal",10,
2019,Newfoundland and Labrador,,Persons 18 to 24 years,"Food insecure, moderate or severe",10,
2019,Newfoundland and Labrador,,Persons 18 to 24 years,"Food insecure, moderate",10,
2019,Newfoundland and Labrador,,Persons 18 to 24 years,"Food insecure, severe",10,
2019,Newfoundland and Labrador,,Persons 25 to 34 years,Food secure,10,78.9
2019,Newfoundland and Labrador,,Persons 25 to 34 years,Food insecure,10,21.1
2019,Newfoundland and Labrador,,Persons 25 to 34 years,"Food insecure, marginal",10,6.4
2019,Newfoundland and Labrador,,Persons 25 to 34 years,"Food insecure, moderate or severe",10,14.7
2019,Newfoundland and Labrador,,Persons 25 to 34 years,"Food insecure, moderate",10,9.6
2019,Newfoundland and Labrador,,Persons 25 to 34 years,"Food insecure, severe",10,
2019,Newfoundland and Labrador,,Persons 35 to 44 years,Food secure,10,73.7
2019,Newfoundland and Labrador,,Persons 35 to 44 years,Food insecure,10,26.3
2019,Newfoundland and Labrador,,Persons 35 to 44 years,"Food insecure, marginal",10,6.3
2019,Newfoundland and Labrador,,Persons 35 to 44 years,"Food insecure, moderate or severe",10,19.9
2019,Newfoundland and Labrador,,Persons 35 to 44 years,"Food insecure, moderate",10,15.3
2019,Newfoundland and Labrador,,Persons 35 to 44 years,"Food insecure, severe",10,4.6
2019,Newfoundland and Labrador,,Persons 45 to 54 years,Food secure,10,84.0
2019,Newfoundland and Labrador,,Persons 45 to 54 years,Food insecure,10,16.0
2019,Newfoundland and Labrador,,Persons 45 to 54 years,"Food insecure, marginal",10,
2019,Newfoundland and Labrador,,Persons 45 to 54 years,"Food insecure, moderate or severe",10,11.5
2019,Newfoundland and Labrador,,Persons 45 to 54 years,"Food insecure, moderate",10,9.0
2019,Newfoundland and Labrador,,Persons 45 to 54 years,"Food insecure, severe",10,
2019,Newfoundland and Labrador,,Persons 55 to 64 years,Food secure,10,86.8
2019,Newfoundland and Labrador,,Persons 55 to 64 years,Food insecure,10,13.2
2019,Newfoundland and Labrador,,Persons 55 to 64 years,"Food insecure, marginal",10,4.1
2019,Newfoundland and Labrador,,Persons 55 to 64 years,"Food insecure, moderate or severe",10,9.1
2019,Newfoundland and Labrador,,Persons 55 to 64 years,"Food insecure, moderate",10,6.3
2019,Newfoundland and Labrador,,Persons 55 to 64 years,"Food insecure, severe",10,2.8
2019,Newfoundland and Labrador,,Persons 65 years and over,Food secure,10,89.9
2019,Newfoundland and Labrador,,Persons 65 years and over,Food insecure,10,10.1
2019,Newfoundland and Labrador,,Persons 65 years and over,"Food insecure, marginal",10,5.2
2019,Newfoundland and Labrador,,Persons 65 years and over,"Food insecure, moderate or severe",10,4.9
2019,Newfoundland and Labrador,,Persons 65 years and over,"Food insecure, moderate",10,4.4
2019,Newfoundland and Labrador,,Persons 65 years and over,"Food insecure, severe",10,
2019,Newfoundland and Labrador,,Males,Food secure,10,82.6
2019,Newfoundland and Labrador,,Males,Food insecure,10,17.4
2019,Newfoundland and Labrador,,Males,"Food insecure, marginal",10,5.8
2019,Newfoundland and Labrador,,Males,"Food insecure, moderate or severe",10,11.5
2019,Newfoundland and Labrador,,Males,"Food insecure, moderate",10,8.9
2019,Newfoundland and Labrador,,Males,"Food insecure, severe",10,2.6
2019,Newfoundland and Labrador,,"Males, under 18 years",Food secure,10,70.9
2019,Newfoundland and Labrador,,"Males, under 18 years",Food insecure,10,29.1
2019,Newfoundland and Labrador,,"Males, under 18 years","Food insecure, marginal",10,8.0
2019,Newfoundland and Labrador,,"Males, under 18 years","Food insecure, moderate or severe",10,21.1
2019,Newfoundland and Labrador,,"Males, under 18 years","Food insecure, moderate",10,16.7
2019,Newfoundland and Labrador,,"Males, under 18 years","Food insecure, severe",10,
2019,Newfoundland and Labrador,,"Males, 18 to 64 years",Food secure,10,82.7
2019,Newfoundland and Labrador,,"Males, 18 to 64 years",Food insecure,10,17.3
2019,Newfoundland and Labrador,,"Males, 18 to 64 years","Food insecure, marginal",10,5.5
2019,Newfoundland and Labrador,,"Males, 18 to 64 years","Food insecure, moderate or severe",10,11.7
2019,Newfoundland and Labrador,,"Males, 18 to 64 years","Food insecure, moderate",10,8.9
2019,Newfoundland and Labrador,,"Males, 18 to 64 years","Food insecure, severe",10,2.8
2019,Newfoundland and Labrador,,"Males, 65 years and over",Food secure,10,92.0
2019,Newfoundland and Labrador,,"Males, 65 years and over",Food insecure,10,8.0
2019,Newfoundland and Labrador,,"Males, 65 years and over","Food insecure, marginal",10,4.8
2019,Newfoundland and Labrador,,"Males, 65 years and over","Food insecure, moderate or severe",10,3.2
2019,Newfoundland and Labrador,,"Males, 65 years and over","Food insecure, moderate",10,
2019,Newfoundland and Labrador,,"Males, 65 years and over","Food insecure, severe",10,
2019,Newfoundland and Labrador,,Females,Food secure,10,82.0
2019,Newfoundland and Labrador,,Females,Food insecure,10,18.0
2019,Newfoundland and Labrador,,Females,"Food insecure, marginal",10,5.5
2019,Newfoundland and Labrador,,Females,"Food insecure, moderate or severe",10,12.5
2019,Newfoundland and Labrador,,Females,"Food insecure, moderate",10,9.1
2019,Newfoundland and Labrador,,Females,"Food insecure, severe",10,3.4
2019,Newfoundland and Labrador,,"Females, under 18 years",Food secure,10,77.4
2019,Newfoundland and Labrador,,"Females, under 18 years",Food insecure,10,22.6
2019,Newfoundland and Labrador,,"Females, under 18 years","Food insecure, marginal",10,7.6
2019,Newfoundland and Labrador,,"Females, under 18 years","Food insecure, moderate or severe",10,14.9
2019,Newfoundland and Labrador,,"Females, under 18 years","Food insecure, moderate",10,9.9
2019,Newfoundland and Labrador,,"Females, under 18 years","Food insecure, severe",10,
2019,Newfoundland and Labrador,,"Females, 18 to 64 years",Food secure,10,81.0
2019,Newfoundland and Labrador,,"Females, 18 to 64 years",Food insecure,10,19.0
2019,Newfoundland and Labrador,,"Females, 18 to 64 years","Food insecure, marginal",10,4.9
2019,Newfoundland and Labrador,,"Females, 18 to 64 years","Food insecure, moderate or severe",10,14.1
2019,Newfoundland and Labrador,,"Females, 18 to 64 years","Food insecure, moderate",10,10.0
2019,Newfoundland and Labrador,,"Females, 18 to 64 years","Food insecure, severe",10,4.0
2019,Newfoundland and Labrador,,"Females, 65 years and over",Food secure,10,87.9
2019,Newfoundland and Labrador,,"Females, 65 years and over",Food insecure,10,12.1
2019,Newfoundland and Labrador,,"Females, 65 years and over","Food insecure, marginal",10,5.6
2019,Newfoundland and Labrador,,"Females, 65 years and over","Food insecure, moderate or severe",10,6.5
2019,Newfoundland and Labrador,,"Females, 65 years and over","Food insecure, moderate",10,6.0
2019,Newfoundland and Labrador,,"Females, 65 years and over","Food insecure, severe",10,
2019,Newfoundland and Labrador,,Visible minority population,Food secure,10,
2019,Newfoundland and Labrador,,Visible minority population,Food insecure,10,
2019,Newfoundland and Labrador,,Visible minority population,"Food insecure, marginal",10,
2019,Newfoundland and Labrador,,Visible minority population,"Food insecure, moderate or severe",10,
2019,Newfoundland and Labrador,,Visible minority population,"Food insecure, moderate",10,
2019,Newfoundland and Labrador,,Visible minority population,"Food insecure, severe",10,
2019,Newfoundland and Labrador,,South Asian,Food secure,10,
2019,Newfoundland and Labrador,,South Asian,Food insecure,10,
2019,Newfoundland and Labrador,,South Asian,"Food insecure, marginal",10,
2019,Newfoundland and Labrador,,South Asian,"Food insecure, moderate or severe",10,
2019,Newfoundland and Labrador,,South Asian,"Food insecure, moderate",10,
2019,Newfoundland and Labrador,,South Asian,"Food insecure, severe",10,
2019,Newfoundland and Labrador,,Chinese,Food secure,10,
2019,Newfoundland and Labrador,,Chinese,Food insecure,10,
2019,Newfoundland and Labrador,,Chinese,"Food insecure, marginal",10,
2019,Newfoundland and Labrador,,Chinese,"Food insecure, moderate or severe",10,
2019,Newfoundland and Labrador,,Chinese,"Food insecure, moderate",10,
2019,Newfoundland and Labrador,,Chinese,"Food insecure, severe",10,
2019,Newfoundland and Labrador,,Black,Food secure,10,
2019,Newfoundland and Labrador,,Black,Food insecure,10,
2019,Newfoundland and Labrador,,Black,"Food insecure, marginal",10,
2019,Newfoundland and Labrador,,Black,"Food insecure, moderate or severe",10,
2019,Newfoundland and Labrador,,Black,"Food insecure, moderate",10,
2019,Newfoundland and Labrador,,Black,"Food insecure, severe",10,
2019,Newfoundland and Labrador,,Filipino,Food secure,10,
2019,Newfoundland and Labrador,,Filipino,Food insecure,10,
2019,Newfoundland and Labrador,,Filipino,"Food insecure, marginal",10,
2019,Newfoundland and Labrador,,Filipino,"Food insecure, moderate or severe",10,
2019,Newfoundland and Labrador,,Filipino,"Food insecure, moderate",10,
2019,Newfoundland and Labrador,,Filipino,"Food insecure, severe",10,
2019,Newfoundland and Labrador,,Arab,Food secure,10,
2019,Newfoundland and Labrador,,Arab,Food insecure,10,
2019,Newfoundland and Labrador,,Arab,"Food insecure, marginal",10,
2019,Newfoundland and Labrador,,Arab,"Food insecure, moderate or severe",10,
2019,Newfoundland and Labrador,,Arab,"Food insecure, moderate",10,
2019,Newfoundland and Labrador,,Arab,"Food insecure, severe",10,
2019,Newfoundland and Labrador,,Latin American,Food secure,10,
2019,Newfoundland and Labrador,,Latin American,Food insecure,10,
2019,Newfoundland and Labrador,,Latin American,"Food insecure, marginal",10,
2019,Newfoundland and Labrador,,Latin American,"Food insecure, moderate or severe",10,
2019,Newfoundland and Labrador,,Latin American,"Food insecure, moderate",10,
2019,Newfoundland and Labrador,,Latin American,"Food insecure, severe",10,
2019,Newfoundland and Labrador,,Southeast Asian,Food secure,10,
2019,Newfoundland and Labrador,,Southeast Asian,Food insecure,10,
2019,Newfoundland and Labrador,,Southeast Asian,"Food insecure, marginal",10,
2019,Newfoundland and Labrador,,Southeast Asian,"Food insecure, moderate or severe",10,
2019,Newfoundland and Labrador,,Southeast Asian,"Food insecure, moderate",10,
2019,Newfoundland and Labrador,,Southeast Asian,"Food insecure, severe",10,
2019,Newfoundland and Labrador,,Other visible minority,Food secure,10,
2019,Newfoundland and Labrador,,Other visible minority,Food insecure,10,
2019,Newfoundland and Labrador,,Other visible minority,"Food insecure, marginal",10,
2019,Newfoundland and Labrador,,Other visible minority,"Food insecure, moderate or severe",10,
2019,Newfoundland and Labrador,,Other visible minority,"Food insecure, moderate",10,
2019,Newfoundland and Labrador,,Other visible minority,"Food insecure, severe",10,
2019,Newfoundland and Labrador,,Not a visible minority,Food secure,10,
2019,Newfoundland and Labrador,,Not a visible minority,Food insecure,10,
2019,Newfoundland and Labrador,,Not a visible minority,"Food insecure, marginal",10,
2019,Newfoundland and Labrador,,Not a visible minority,"Food insecure, moderate or severe",10,
2019,Newfoundland and Labrador,,Not a visible minority,"Food insecure, moderate",10,
2019,Newfoundland and Labrador,,Not a visible minority,"Food insecure, severe",10,
2019,Newfoundland and Labrador,,Indigenous population,Food secure,10,
2019,Newfoundland and Labrador,,Indigenous population,Food insecure,10,
2019,Newfoundland and Labrador,,Indigenous population,"Food insecure, marginal",10,
2019,Newfoundland and Labrador,,Indigenous population,"Food insecure, moderate or severe",10,
2019,Newfoundland and Labrador,,Indigenous population,"Food insecure, moderate",10,
2019,Newfoundland and Labrador,,Indigenous population,"Food insecure, severe",10,
2019,Newfoundland and Labrador,,Non-Indigenous population,Food secure,10,
2019,Newfoundland and Labrador,,Non-Indigenous population,Food insecure,10,
2019,Newfoundland and Labrador,,Non-Indigenous population,"Food insecure, marginal",10,
2019,Newfoundland and Labrador,,Non-Indigenous population,"Food insecure, moderate or severe",10,
2019,Newfoundland and Labrador,,Non-Indigenous population,"Food insecure, moderate",10,
2019,Newfoundland and Labrador,,Non-Indigenous population,"Food insecure, severe",10,
2019,Newfoundland and Labrador,,Not a visible minority nor Indigenous,Food secure,10,
2019,Newfoundland and Labrador,,Not a visible minority nor Indigenous,Food insecure,10,
2019,Newfoundland and Labrador,,Not a visible minority nor Indigenous,"Food insecure, marginal",10,
2019,Newfoundland and Labrador,,Not a visible minority nor Indigenous,"Food insecure, moderate or severe",10,
2019,Newfoundland and Labrador,,Not a visible minority nor Indigenous,"Food insecure, moderate",10,
2019,Newfoundland and Labrador,,Not a visible minority nor Indigenous,"Food insecure, severe",10,
2019,Newfoundland and Labrador,,All persons aged 15 years and over,Food secure,10,83.7
2019,Newfoundland and Labrador,,All persons aged 15 years and over,Food insecure,10,16.3
2019,Newfoundland and Labrador,,All persons aged 15 years and over,"Food insecure, marginal",10,5.3
2019,Newfoundland and Labrador,,All persons aged 15 years and over,"Food insecure, moderate or severe",10,10.9
2019,Newfoundland and Labrador,,All persons aged 15 years and over,"Food insecure, moderate",10,8.3
2019,Newfoundland and Labrador,,All persons aged 15 years and over,"Food insecure, severe",10,2.7
2019,Newfoundland and Labrador,,Indigenous population aged 15 years and over,Food secure,10,80.2
2019,Newfoundland and Labrador,,Indigenous population aged 15 years and over,Food insecure,10,19.8
2019,Newfoundland and Labrador,,Indigenous population aged 15 years and over,"Food insecure, marginal",10,5.3
2019,Newfoundland and Labrador,,Indigenous population aged 15 years and over,"Food insecure, moderate or severe",10,14.4
2019,Newfoundland and Labrador,,Indigenous population aged 15 years and over,"Food insecure, moderate",10,
2019,Newfoundland and Labrador,,Indigenous population aged 15 years and over,"Food insecure, severe",10,
2019,Newfoundland and Labrador,,First Nations aged 15 years and over,Food secure,10,83.3
2019,Newfoundland and Labrador,,First Nations aged 15 years and over,Food insecure,10,16.7
2019,Newfoundland and Labrador,,First Nations aged 15 years and over,"Food insecure, marginal",10,
2019,Newfoundland and Labrador,,First Nations aged 15 years and over,"Food insecure, moderate or severe",10,
2019,Newfoundland and Labrador,,First Nations aged 15 years and over,"Food insecure, moderate",10,
2019,Newfoundland and Labrador,,First Nations aged 15 years and over,"Food insecure, severe",10,
2019,Newfoundland and Labrador,,Métis aged 15 years and over,Food secure,10,
2019,Newfoundland and Labrador,,Métis aged 15 years and over,Food insecure,10,
2019,Newfoundland and Labrador,,Métis aged 15 years and over,"Food insecure, marginal",10,
2019,Newfoundland and Labrador,,Métis aged 15 years and over,"Food insecure, moderate or severe",10,
2019,Newfoundland and Labrador,,Métis aged 15 years and over,"Food insecure, moderate",10,
2019,Newfoundland and Labrador,,Métis aged 15 years and over,"Food insecure, severe",10,
2019,Newfoundland and Labrador,,Non-Indigenous population aged 15 years and over,Food secure,10,84.0
2019,Newfoundland and Labrador,,Non-Indigenous population aged 15 years and over,Food insecure,10,16.0
2019,Newfoundland and Labrador,,Non-Indigenous population aged 15 years and over,"Food insecure, marginal",10,5.3
2019,Newfoundland and Labrador,,Non-Indigenous population aged 15 years and over,"Food insecure, moderate or severe",10,10.7
2019,Newfoundland and Labrador,,Non-Indigenous population aged 15 years and over,"Food insecure, moderate",10,8.2
2019,Newfoundland and Labrador,,Non-Indigenous population aged 15 years and over,"Food insecure, severe",10,2.4
2019,Newfoundland and Labrador,,Immigrants aged 15 years and over,Food secure,10,73.5
2019,Newfoundland and Labrador,,Immigrants aged 15 years and over,Food insecure,10,
2019,Newfoundland and Labrador,,Immigrants aged 15 years and over,"Food insecure, marginal",10,
2019,Newfoundland and Labrador,,Immigrants aged 15 years and over,"Food insecure, moderate or severe",10,
2019,Newfoundland and Labrador,,Immigrants aged 15 years and over,"Food insecure, moderate",10,
2019,Newfoundland and Labrador,,Immigrants aged 15 years and over,"Food insecure, severe",10,
2019,Newfoundland and Labrador,,Recent immigrants (10 years or less) aged 15 years and over,Food secure,10,
2019,Newfoundland and Labrador,,Recent immigrants (10 years or less) aged 15 years and over,Food insecure,10,
2019,Newfoundland and Labrador,,Recent immigrants (10 years or less) aged 15 years and over,"Food insecure, marginal",10,
2019,Newfoundland and Labrador,,Recent immigrants (10 years or less) aged 15 years and over,"Food insecure, moderate or severe",10,
2019,Newfoundland and Labrador,,Recent immigrants (10 years or less) aged 15 years and over,"Food insecure, moderate",10,
2019,Newfoundland and Labrador,,Recent immigrants (10 years or less) aged 15 years and over,"Food insecure, severe",10,
2019,Newfoundland and Labrador,,Very recent immigrants (5 years or less) aged 15 years and over,Food secure,10,
2019,Newfoundland and Labrador,,Very recent immigrants (5 years or less) aged 15 years and over,Food insecure,10,
2019,Newfoundland and Labrador,,Very recent immigrants (5 years or less) aged 15 years and over,"Food insecure, marginal",10,
2019,Newfoundland and Labrador,,Very recent immigrants (5 years or less) aged 15 years and over,"Food insecure, moderate or severe",10,
2019,Newfoundland and Labrador,,Very recent immigrants (5 years or less) aged 15 years and over,"Food insecure, moderate",10,
2019,Newfoundland and Labrador,,Very recent immigrants (5 years or less) aged 15 years and over,"Food insecure, severe",10,
2019,Newfoundland and Labrador,,Persons aged 15 years and over born in Canada,Food secure,10,84.2
2019,Newfoundland and Labrador,,Persons aged 15 years and over born in Canada,Food insecure,10,15.8
2019,Newfoundland and Labrador,,Persons aged 15 years and over born in Canada,"Food insecure, marginal",10,5.0
2019,Newfoundland and Labrador,,Persons aged 15 years and over born in Canada,"Food insecure, moderate or severe",10,10.8
2019,Newfoundland and Labrador,,Persons aged 15 years and over born in Canada,"Food insecure, moderate",10,8.0
2019,Newfoundland and Labrador,,Persons aged 15 years and over born in Canada,"Food insecure, severe",10,2.8
2019,Prince Edward Island,,All persons,Food secure,11,81.4
2019,Prince Edward Island,,All persons,Food insecure,11,18.6
2019,Prince Edward Island,,All persons,"Food insecure, marginal",11,5.4
2019,Prince Edward Island,,All persons,"Food insecure, moderate or severe",11,13.2
2019,Prince Edward Island,,All persons,"Food insecure, moderate",11,8.7
2019,Prince Edward Island,,All persons,"Food insecure, severe",11,4.5
2019,Prince Edward Island,,Persons under 18 years,Food secure,11,74.2
2019,Prince Edward Island,,Persons under 18 years,Food insecure,11,25.8
2019,Prince Edward Island,,Persons under 18 years,"Food insecure, marginal",11,7.3
2019,Prince Edward Island,,Persons under 18 years,"Food insecure, moderate or severe",11,18.6
2019,Prince Edward Island,,Persons under 18 years,"Food insecure, moderate",11,12.4
2019,Prince Edward Island,,Persons under 18 years,"Food insecure, severe",11,6.2
2019,Prince Edward Island,,Persons 18 to 64 years,Food secure,11,80.9
2019,Prince Edward Island,,Persons 18 to 64 years,Food insecure,11,19.1
2019,Prince Edward Island,,Persons 18 to 64 years,"Food insecure, marginal",11,5.9
2019,Prince Edward Island,,Persons 18 to 64 years,"Food insecure, moderate or severe",11,13.3
2019,Prince Edward Island,,Persons 18 to 64 years,"Food insecure, moderate",11,8.3
2019,Prince Edward Island,,Persons 18 to 64 years,"Food insecure, severe",11,5.0
2019,Prince Edward Island,,Persons 18 to 24 years,Food secure,11,81.7
2019,Prince Edward Island,,Persons 18 to 24 years,Food insecure,11,18.3
2019,Prince Edward Island,,Persons 18 to 24 years,"Food insecure, marginal",11,9.5
2019,Prince Edward Island,,Persons 18 to 24 years,"Food insecure, moderate or severe",11,
2019,Prince Edward Island,,Persons 18 to 24 years,"Food insecure, moderate",11,
2019,Prince Edward Island,,Persons 18 to 24 years,"Food insecure, severe",11,
2019,Prince Edward Island,,Persons 25 to 34 years,Food secure,11,76.6
2019,Prince Edward Island,,Persons 25 to 34 years,Food insecure,11,23.4
2019,Prince Edward Island,,Persons 25 to 34 years,"Food insecure, marginal",11,8.0
2019,Prince Edward Island,,Persons 25 to 34 years,"Food insecure, moderate or severe",11,15.4
2019,Prince Edward Island,,Persons 25 to 34 years,"Food insecure, moderate",11,8.5
2019,Prince Edward Island,,Persons 25 to 34 years,"Food insecure, severe",11,6.8
2019,Prince Edward Island,,Persons 35 to 44 years,Food secure,11,75.9
2019,Prince Edward Island,,Persons 35 to 44 years,Food insecure,11,24.1
2019,Prince Edward Island,,Persons 35 to 44 years,"Food insecure, marginal",11,
2019,Prince Edward Island,,Persons 35 to 44 years,"Food insecure, moderate or severe",11,18.3
2019,Prince Edward Island,,Persons 35 to 44 years,"Food insecure, moderate",11,10.6
2019,Prince Edward Island,,Persons 35 to 44 years,"Food insecure, severe",11,7.7
2019,Prince Edward Island,,Persons 45 to 54 years,Food secure,11,81.6
2019,Prince Edward Island,,Persons 45 to 54 years,Food insecure,11,18.4
2019,Prince Edward Island,,Persons 45 to 54 years,"Food insecure, marginal",11,5.2
2019,Prince Edward Island,,Persons 45 to 54 years,"Food insecure, moderate or severe",11,13.1
2019,Prince Edward Island,,Persons 45 to 54 years,"Food insecure, moderate",11,8.2
2019,Prince Edward Island,,Persons 45 to 54 years,"Food insecure, severe",11,
2019,Prince Edward Island,,Persons 55 to 64 years,Food secure,11,87.1
2019,Prince Edward Island,,Persons 55 to 64 years,Food insecure,11,12.9
2019,Prince Edward Island,,Persons 55 to 64 years,"Food insecure, marginal",11,
2019,Prince Edward Island,,Persons 55 to 64 years,"Food insecure, moderate or severe",11,10.4
2019,Prince Edward Island,,Persons 55 to 64 years,"Food insecure, moderate",11,8.2
2019,Prince Edward Island,,Persons 55 to 64 years,"Food insecure, severe",11,
2019,Prince Edward Island,,Persons 65 years and over,Food secure,11,90.0
2019,Prince Edward Island,,Persons 65 years and over,Food insecure,11,10.0
2019,Prince Edward Island,,Persons 65 years and over,"Food insecure, marginal",11,
2019,Prince Edward Island,,Persons 65 years and over,"Food insecure, moderate or severe",11,8.0
2019,Prince Edward Island,,Persons 65 years and over,"Food insecure, moderate",11,6.4
2019,Prince Edward Island,,Persons 65 years and over,"Food insecure, severe",11,
2019,Prince Edward Island,,Males,Food secure,11,82.6
2019,Prince Edward Island,,Males,Food insecure,11,17.4
2019,Prince Edward Island,,Males,"Food insecure, marginal",11,4.7
2019,Prince Edward Island,,Males,"Food insecure, moderate or severe",11,12.7
2019,Prince Edward Island,,Males,"Food insecure, moderate",11,8.4
2019,Prince Edward Island,,Males,"Food insecure, severe",11,4.3
2019,Prince Edward Island,,"Males, under 18 years",Food secure,11,74.7
2019,Prince Edward Island,,"Males, under 18 years",Food insecure,11,25.3
2019,Prince Edward Island,,"Males, under 18 years","Food insecure, marginal",11,7.0
2019,Prince Edward Island,,"Males, under 18 years","Food insecure, moderate or severe",11,18.3
2019,Prince Edward Island,,"Males, under 18 years","Food insecure, moderate",11,10.7
2019,Prince Edward Island,,"Males, under 18 years","Food insecure, severe",11,
2019,Prince Edward Island,,"Males, 18 to 64 years",Food secure,11,82.5
2019,Prince Edward Island,,"Males, 18 to 64 years",Food insecure,11,17.5
2019,Prince Edward Island,,"Males, 18 to 64 years","Food insecure, marginal",11,4.8
2019,Prince Edward Island,,"Males, 18 to 64 years","Food insecure, moderate or severe",11,12.7
2019,Prince Edward Island,,"Males, 18 to 64 years","Food insecure, moderate",11,8.3
2019,Prince Edward Island,,"Males, 18 to 64 years","Food insecure, severe",11,4.4
2019,Prince Edward Island,,"Males, 65 years and over",Food secure,11,91.9
2019,Prince Edward Island,,"Males, 65 years and over",Food insecure,11,8.1
2019,Prince Edward Island,,"Males, 65 years and over","Food insecure, marginal",11,
2019,Prince Edward Island,,"Males, 65 years and over","Food insecure, moderate or severe",11,6.5
2019,Prince Edward Island,,"Males, 65 years and over","Food insecure, moderate",11,6.2
2019,Prince Edward Island,,"Males, 65 years and over","Food insecure, severe",11,
2019,Prince Edward Island,,Females,Food secure,11,80.1
2019,Prince Edward Island,,Females,Food insecure,11,19.9
2019,Prince Edward Island,,Females,"Food insecure, marginal",11,6.1
2019,Prince Edward Island,,Females,"Food insecure, moderate or severe",11,13.8
2019,Prince Edward Island,,Females,"Food insecure, moderate",11,9.0
2019,Prince Edward Island,,Females,"Food insecure, severe",11,4.8
2019,Prince Edward Island,,"Females, under 18 years",Food secure,11,73.6
2019,Prince Edward Island,,"Females, under 18 years",Food insecure,11,26.4
2019,Prince Edward Island,,"Females, under 18 years","Food insecure, marginal",11,
2019,Prince Edward Island,,"Females, under 18 years","Food insecure, moderate or severe",11,18.8
2019,Prince Edward Island,,"Females, under 18 years","Food insecure, moderate",11,14.2
2019,Prince Edward Island,,"Females, under 18 years","Food insecure, severe",11,
2019,Prince Edward Island,,"Females, 18 to 64 years",Food secure,11,79.3
2019,Prince Edward Island,,"Females, 18 to 64 years",Food insecure,11,20.7
2019,Prince Edward Island,,"Females, 18 to 64 years","Food insecure, marginal",11,6.9
2019,Prince Edward Island,,"Females, 18 to 64 years","Food insecure, moderate or severe",11,13.8
2019,Prince Edward Island,,"Females, 18 to 64 years","Food insecure, moderate",11,8.3
2019,Prince Edward Island,,"Females, 18 to 64 years","Food insecure, severe",11,5.5
2019,Prince Edward Island,,"Females, 65 years and over",Food secure,11,88.3
2019,Prince Edward Island,,"Females, 65 years and over",Food insecure,11,11.7
2019,Prince Edward Island,,"Females, 65 years and over","Food insecure, marginal",11,
2019,Prince Edward Island,,"Females, 65 years and over","Food insecure, moderate or severe",11,9.3
2019,Prince Edward Island,,"Females, 65 years and over","Food insecure, moderate",11,6.6
2019,Prince Edward Island,,"Females, 65 years and over","Food insecure, severe",11,
2019,Prince Edward Island,,Visible minority population,Food secure,11,
2019,Prince Edward Island,,Visible minority population,Food insecure,11,
2019,Prince Edward Island,,Visible minority population,"Food insecure, marginal",11,
2019,Prince Edward Island,,Visible minority population,"Food insecure, moderate or severe",11,
2019,Prince Edward Island,,Visible minority population,"Food insecure, moderate",11,
2019,Prince Edward Island,,Visible minority population,"Food insecure, severe",11,
2019,Prince Edward Island,,South Asian,Food secure,11,
2019,Prince Edward Island,,South Asian,Food insecure,11,
2019,Prince Edward Island,,South Asian,"Food insecure, marginal",11,
2019,Prince Edward Island,,South Asian,"Food insecure, moderate or severe",11,
2019,Prince Edward Island,,South Asian,"Food insecure, moderate",11,
2019,Prince Edward Island,,South Asian,"Food insecure, severe",11,
2019,Prince Edward Island,,Chinese,Food secure,11,
2019,Prince Edward Island,,Chinese,Food insecure,11,
2019,Prince Edward Island,,Chinese,"Food insecure, marginal",11,
2019,Prince Edward Island,,Chinese,"Food insecure, moderate or severe",11,
2019,Prince Edward Island,,Chinese,"Food insecure, moderate",11,
2019,Prince Edward Island,,Chinese,"Food insecure, severe",11,
2019,Prince Edward Island,,Black,Food secure,11,
2019,Prince Edward Island,,Black,Food insecure,11,
2019,Prince Edward Island,,Black,"Food insecure, marginal",11,
2019,Prince Edward Island,,Black,"Food insecure, moderate or severe",11,
2019,Prince Edward Island,,Black,"Food insecure, moderate",11,
2019,Prince Edward Island,,Black,"Food insecure, severe",11,
2019,Prince Edward Island,,Filipino,Food secure,11,
2019,Prince Edward Island,,Filipino,Food insecure,11,
2019,Prince Edward Island,,Filipino,"Food insecure, marginal",11,
2019,Prince Edward Island,,Filipino,"Food insecure, moderate or severe",11,
2019,Prince Edward Island,,Filipino,"Food insecure, moderate",11,
2019,Prince Edward Island,,Filipino,"Food insecure, severe",11,
2019,Prince Edward Island,,Arab,Food secure,11,
2019,Prince Edward Island,,Arab,Food insecure,11,
2019,Prince Edward Island,,Arab,"Food insecure, marginal",11,
2019,Prince Edward Island,,Arab,"Food insecure, moderate or severe",11,
2019,Prince Edward Island,,Arab,"Food insecure, moderate",11,
2019,Prince Edward Island,,Arab,"Food insecure, severe",11,
2019,Prince Edward Island,,Latin American,Food secure,11,
2019,Prince Edward Island,,Latin American,Food insecure,11,
2019,Prince Edward Island,,Latin American,"Food insecure, marginal",11,
2019,Prince Edward Island,,Latin American,"Food insecure, moderate or severe",11,
2019,Prince Edward Island,,Latin American,"Food insecure, moderate",11,
2019,Prince Edward Island,,Latin American,"Food insecure, severe",11,
2019,Prince Edward Island,,Southeast Asian,Food secure,11,
2019,Prince Edward Island,,Southeast Asian,Food insecure,11,
2019,Prince Edward Island,,Southeast Asian,"Food insecure, marginal",11,
2019,Prince Edward Island,,Southeast Asian,"Food insecure, moderate or severe",11,
2019,Prince Edward Island,,Southeast Asian,"Food insecure, moderate",11,
2019,Prince Edward Island,,Southeast Asian,"Food insecure, severe",11,
2019,Prince Edward Island,,Other visible minority,Food secure,11,
2019,Prince Edward Island,,Other visible minority,Food insecure,11,
2019,Prince Edward Island,,Other visible minority,"Food insecure, marginal",11,
2019,Prince Edward Island,,Other visible minority,"Food insecure, moderate or severe",11,
2019,Prince Edward Island,,Other visible minority,"Food insecure, moderate",11,
2019,Prince Edward Island,,Other visible minority,"Food insecure, severe",11,
2019,Prince Edward Island,,Not a visible minority,Food secure,11,
2019,Prince Edward Island,,Not a visible minority,Food insecure,11,
2019,Prince Edward Island,,Not a visible minority,"Food insecure, marginal",11,
2019,Prince Edward Island,,Not a visible minority,"Food insecure, moderate or severe",11,
2019,Prince Edward Island,,Not a visible minority,"Food insecure, moderate",11,
2019,Prince Edward Island,,Not a visible minority,"Food insecure, severe",11,
2019,Prince Edward Island,,Indigenous population,Food secure,11,
2019,Prince Edward Island,,Indigenous population,Food insecure,11,
2019,Prince Edward Island,,Indigenous population,"Food insecure, marginal",11,
2019,Prince Edward Island,,Indigenous population,"Food insecure, moderate or severe",11,
2019,Prince Edward Island,,Indigenous population,"Food insecure, moderate",11,
2019,Prince Edward Island,,Indigenous population,"Food insecure, severe",11,
2019,Prince Edward Island,,Non-Indigenous population,Food secure,11,
2019,Prince Edward Island,,Non-Indigenous population,Food insecure,11,
2019,Prince Edward Island,,Non-Indigenous population,"Food insecure, marginal",11,
2019,Prince Edward Island,,Non-Indigenous population,"Food insecure, moderate or severe",11,
2019,Prince Edward Island,,Non-Indigenous population,"Food insecure, moderate",11,
2019,Prince Edward Island,,Non-Indigenous population,"Food insecure, severe",11,
2019,Prince Edward Island,,Not a visible minority nor Indigenous,Food secure,11,
2019,Prince Edward Island,,Not a visible minority nor Indigenous,Food insecure,11,
2019,Prince Edward Island,,Not a visible minority nor Indigenous,"Food insecure, marginal",11,
2019,Prince Edward Island,,Not a visible minority nor Indigenous,"Food insecure, moderate or severe",11,
2019,Prince Edward Island,,Not a visible minority nor Indigenous,"Food insecure, moderate",11,
2019,Prince Edward Island,,Not a visible minority nor Indigenous,"Food insecure, severe",11,
2019,Prince Edward Island,,All persons aged 15 years and over,Food secure,11,83.1
2019,Prince Edward Island,,All persons aged 15 years and over,Food insecure,11,16.9
2019,Prince Edward Island,,All persons aged 15 years and over,"Food insecure, marginal",11,4.9
2019,Prince Edward Island,,All persons aged 15 years and over,"Food insecure, moderate or severe",11,12.0
2019,Prince Edward Island,,All persons aged 15 years and over,"Food insecure, moderate",11,7.8
2019,Prince Edward Island,,All persons aged 15 years and over,"Food insecure, severe",11,4.3
2019,Prince Edward Island,,Indigenous population aged 15 years and over,Food secure,11,
2019,Prince Edward Island,,Indigenous population aged 15 years and over,Food insecure,11,
2019,Prince Edward Island,,Indigenous population aged 15 years and over,"Food insecure, marginal",11,
2019,Prince Edward Island,,Indigenous population aged 15 years and over,"Food insecure, moderate or severe",11,
2019,Prince Edward Island,,Indigenous population aged 15 years and over,"Food insecure, moderate",11,
2019,Prince Edward Island,,Indigenous population aged 15 years and over,"Food insecure, severe",11,
2019,Prince Edward Island,,First Nations aged 15 years and over,Food secure,11,
2019,Prince Edward Island,,First Nations aged 15 years and over,Food insecure,11,
2019,Prince Edward Island,,First Nations aged 15 years and over,"Food insecure, marginal",11,
2019,Prince Edward Island,,First Nations aged 15 years and over,"Food insecure, moderate or severe",11,
2019,Prince Edward Island,,First Nations aged 15 years and over,"Food insecure, moderate",11,
2019,Prince Edward Island,,First Nations aged 15 years and over,"Food insecure, severe",11,
2019,Prince Edward Island,,Métis aged 15 years and over,Food secure,11,
2019,Prince Edward Island,,Métis aged 15 years and over,Food insecure,11,
2019,Prince Edward Island,,Métis aged 15 years and over,"Food insecure, marginal",11,
2019,Prince Edward Island,,Métis aged 15 years and over,"Food insecure, moderate or severe",11,
2019,Prince Edward Island,,Métis aged 15 years and over,"Food insecure, moderate",11,
2019,Prince Edward Island,,Métis aged 15 years and over,"Food insecure, severe",11,
2019,Prince Edward Island,,Non-Indigenous population aged 15 years and over,Food secure,11,83.1
2019,Prince Edward Island,,Non-Indigenous population aged 15 years and over,Food insecure,11,16.9
2019,Prince Edward Island,,Non-Indigenous population aged 15 years and over,"Food insecure, marginal",11,4.9
2019,Prince Edward Island,,Non-Indigenous population aged 15 years and over,"Food insecure, moderate or severe",11,12.0
2019,Prince Edward Island,,Non-Indigenous population aged 15 years and over,"Food insecure, moderate",11,7.8
2019,Prince Edward Island,,Non-Indigenous population aged 15 years and over,"Food insecure, severe",11,4.2
2019,Prince Edward Island,,Immigrants aged 15 years and over,Food secure,11,78.8
2019,Prince Edward Island,,Immigrants aged 15 years and over,Food insecure,11,21.2
2019,Prince Edward Island,,Immigrants aged 15 years and over,"Food insecure, marginal",11,
2019,Prince Edward Island,,Immigrants aged 15 years and over,"Food insecure, moderate or severe",11,14.8
2019,Prince Edward Island,,Immigrants aged 15 years and over,"Food insecure, moderate",11,
2019,Prince Edward Island,,Immigrants aged 15 years and over,"Food insecure, severe",11,
2019,Prince Edward Island,,Recent immigrants (10 years or less) aged 15 years and over,Food secure,11,74.7
2019,Prince Edward Island,,Recent immigrants (10 years or less) aged 15 years and over,Food insecure,11,
2019,Prince Edward Island,,Recent immigrants (10 years or less) aged 15 years and over,"Food insecure, marginal",11,
2019,Prince Edward Island,,Recent immigrants (10 years or less) aged 15 years and over,"Food insecure, moderate or severe",11,
2019,Prince Edward Island,,Recent immigrants (10 years or less) aged 15 years and over,"Food insecure, moderate",11,
2019,Prince Edward Island,,Recent immigrants (10 years or less) aged 15 years and over,"Food insecure, severe",11,
2019,Prince Edward Island,,Very recent immigrants (5 years or less) aged 15 years and over,Food secure,11,72.2
2019,Prince Edward Island,,Very recent immigrants (5 years or less) aged 15 years and over,Food insecure,11,
2019,Prince Edward Island,,Very recent immigrants (5 years or less) aged 15 years and over,"Food insecure, marginal",11,
2019,Prince Edward Island,,Very recent immigrants (5 years or less) aged 15 years and over,"Food insecure, moderate or severe",11,
2019,Prince Edward Island,,Very recent immigrants (5 years or less) aged 15 years and over,"Food insecure, moderate",11,
2019,Prince Edward Island,,Very recent immigrants (5 years or less) aged 15 years and over,"Food insecure, severe",11,
2019,Prince Edward Island,,Persons aged 15 years and over born in Canada,Food secure,11,83.2
2019,Prince Edward Island,,Persons aged 15 years and over born in Canada,Food insecure,11,16.8
2019,Prince Edward Island,,Persons aged 15 years and over born in Canada,"Food insecure, marginal",11,4.8
2019,Prince Edward Island,,Persons aged 15 years and over born in Canada,"Food insecure, moderate or severe",11,12.0
2019,Prince Edward Island,,Persons aged 15 years and over born in Canada,"Food insecure, moderate",11,7.6
2019,Prince Edward Island,,Persons aged 15 years and over born in Canada,"Food insecure, severe",11,4.4
2019,Nova Scotia,,All persons,Food secure,12,82.0
2019,Nova Scotia,,All persons,Food insecure,12,18.0
2019,Nova Scotia,,All persons,"Food insecure, marginal",12,5.7
2019,Nova Scotia,,All persons,"Food insecure, moderate or severe",12,12.3
2019,Nova Scotia,,All persons,"Food insecure, moderate",12,8.0
2019,Nova Scotia,,All persons,"Food insecure, severe",12,4.3
2019,Nova Scotia,,Persons under 18 years,Food secure,12,75.0
2019,Nova Scotia,,Persons under 18 years,Food insecure,12,25.0
2019,Nova Scotia,,Persons under 18 years,"Food insecure, marginal",12,8.4
2019,Nova Scotia,,Persons under 18 years,"Food insecure, moderate or severe",12,16.6
2019,Nova Scotia,,Persons under 18 years,"Food insecure, moderate",12,12.9
2019,Nova Scotia,,Persons under 18 years,"Food insecure, severe",12,
2019,Nova Scotia,,Persons 18 to 64 years,Food secure,12,80.9
2019,Nova Scotia,,Persons 18 to 64 years,Food insecure,12,19.1
2019,Nova Scotia,,Persons 18 to 64 years,"Food insecure, marginal",12,6.2
2019,Nova Scotia,,Persons 18 to 64 years,"Food insecure, moderate or severe",12,12.9
2019,Nova Scotia,,Persons 18 to 64 years,"Food insecure, moderate",12,7.7
2019,Nova Scotia,,Persons 18 to 64 years,"Food insecure, severe",12,5.2
2019,Nova Scotia,,Persons 18 to 24 years,Food secure,12,82.7
2019,Nova Scotia,,Persons 18 to 24 years,Food insecure,12,17.3
2019,Nova Scotia,,Persons 18 to 24 years,"Food insecure, marginal",12,
2019,Nova Scotia,,Persons 18 to 24 years,"Food insecure, moderate or severe",12,12.7
2019,Nova Scotia,,Persons 18 to 24 years,"Food insecure, moderate",12,
2019,Nova Scotia,,Persons 18 to 24 years,"Food insecure, severe",12,
2019,Nova Scotia,,Persons 25 to 34 years,Food secure,12,73.8
2019,Nova Scotia,,Persons 25 to 34 years,Food insecure,12,26.2
2019,Nova Scotia,,Persons 25 to 34 years,"Food insecure, marginal",12,11.7
2019,Nova Scotia,,Persons 25 to 34 years,"Food insecure, moderate or severe",12,14.5
2019,Nova Scotia,,Persons 25 to 34 years,"Food insecure, moderate",12,8.3
2019,Nova Scotia,,Persons 25 to 34 years,"Food insecure, severe",12,6.2
2019,Nova Scotia,,Persons 35 to 44 years,Food secure,12,75.8
2019,Nova Scotia,,Persons 35 to 44 years,Food insecure,12,24.2
2019,Nova Scotia,,Persons 35 to 44 years,"Food insecure, marginal",12,6.9
2019,Nova Scotia,,Persons 35 to 44 years,"Food insecure, moderate or severe",12,17.3
2019,Nova Scotia,,Persons 35 to 44 years,"Food insecure, moderate",12,12.3
2019,Nova Scotia,,Persons 35 to 44 years,"Food insecure, severe",12,5.0
2019,Nova Scotia,,Persons 45 to 54 years,Food secure,12,83.9
2019,Nova Scotia,,Persons 45 to 54 years,Food insecure,12,16.1
2019,Nova Scotia,,Persons 45 to 54 years,"Food insecure, marginal",12,4.8
2019,Nova Scotia,,Persons 45 to 54 years,"Food insecure, moderate or severe",12,11.3
2019,Nova Scotia,,Persons 45 to 54 years,"Food insecure, moderate",12,7.1
2019,Nova Scotia,,Persons 45 to 54 years,"Food insecure, severe",12,4.2
2019,Nova Scotia,,Persons 55 to 64 years,Food secure,12,86.8
2019,Nova Scotia,,Persons 55 to 64 years,Food insecure,12,13.2
2019,Nova Scotia,,Persons 55 to 64 years,"Food insecure, marginal",12,3.4
2019,Nova Scotia,,Persons 55 to 64 years,"Food insecure, moderate or severe",12,9.8
2019,Nova Scotia,,Persons 55 to 64 years,"Food insecure, moderate",12,5.0
2019,Nova Scotia,,Persons 55 to 64 years,"Food insecure, severe",12,4.8
2019,Nova Scotia,,Persons 65 years and over,Food secure,12,91.1
2019,Nova Scotia,,Persons 65 years and over,Food insecure,12,8.9
2019,Nova Scotia,,Persons 65 years and over,"Food insecure, marginal",12,1.9
2019,Nova Scotia,,Persons 65 years and over,"Food insecure, moderate or severe",12,7.0
2019,Nova Scotia,,Persons 65 years and over,"Food insecure, moderate",12,5.1
2019,Nova Scotia,,Persons 65 years and over,"Food insecure, severe",12,
2019,Nova Scotia,,Males,Food secure,12,81.7
2019,Nova Scotia,,Males,Food insecure,12,18.3
2019,Nova Scotia,,Males,"Food insecure, marginal",12,5.6
2019,Nova Scotia,,Males,"Food insecure, moderate or severe",12,12.8
2019,Nova Scotia,,Males,"Food insecure, moderate",12,8.1
2019,Nova Scotia,,Males,"Food insecure, severe",12,4.7
2019,Nova Scotia,,"Males, under 18 years",Food secure,12,75.3
2019,Nova Scotia,,"Males, under 18 years",Food insecure,12,24.7
2019,Nova Scotia,,"Males, under 18 years","Food insecure, marginal",12,
2019,Nova Scotia,,"Males, under 18 years","Food insecure, moderate or severe",12,16.2
2019,Nova Scotia,,"Males, under 18 years","Food insecure, moderate",12,13.0
2019,Nova Scotia,,"Males, under 18 years","Food insecure, severe",12,
2019,Nova Scotia,,"Males, 18 to 64 years",Food secure,12,80.8
2019,Nova Scotia,,"Males, 18 to 64 years",Food insecure,12,19.2
2019,Nova Scotia,,"Males, 18 to 64 years","Food insecure, marginal",12,5.7
2019,Nova Scotia,,"Males, 18 to 64 years","Food insecure, moderate or severe",12,13.5
2019,Nova Scotia,,"Males, 18 to 64 years","Food insecure, moderate",12,7.6
2019,Nova Scotia,,"Males, 18 to 64 years","Food insecure, severe",12,5.9
2019,Nova Scotia,,"Males, 65 years and over",Food secure,12,89.9
2019,Nova Scotia,,"Males, 65 years and over",Food insecure,12,10.1
2019,Nova Scotia,,"Males, 65 years and over","Food insecure, marginal",12,2.5
2019,Nova Scotia,,"Males, 65 years and over","Food insecure, moderate or severe",12,7.6
2019,Nova Scotia,,"Males, 65 years and over","Food insecure, moderate",12,5.3
2019,Nova Scotia,,"Males, 65 years and over","Food insecure, severe",12,
2019,Nova Scotia,,Females,Food secure,12,82.4
2019,Nova Scotia,,Females,Food insecure,12,17.6
2019,Nova Scotia,,Females,"Food insecure, marginal",12,5.8
2019,Nova Scotia,,Females,"Food insecure, moderate or severe",12,11.8
2019,Nova Scotia,,Females,"Food insecure, moderate",12,8.0
2019,Nova Scotia,,Females,"Food insecure, severe",12,3.8
2019,Nova Scotia,,"Females, under 18 years",Food secure,12,74.7
2019,Nova Scotia,,"Females, under 18 years",Food insecure,12,25.3
2019,Nova Scotia,,"Females, under 18 years","Food insecure, marginal",12,8.3
2019,Nova Scotia,,"Females, under 18 years","Food insecure, moderate or severe",12,16.9
2019,Nova Scotia,,"Females, under 18 years","Food insecure, moderate",12,12.7
2019,Nova Scotia,,"Females, under 18 years","Food insecure, severe",12,
2019,Nova Scotia,,"Females, 18 to 64 years",Food secure,12,81.0
2019,Nova Scotia,,"Females, 18 to 64 years",Food insecure,12,19.0
2019,Nova Scotia,,"Females, 18 to 64 years","Food insecure, marginal",12,6.6
2019,Nova Scotia,,"Females, 18 to 64 years","Food insecure, moderate or severe",12,12.4
2019,Nova Scotia,,"Females, 18 to 64 years","Food insecure, moderate",12,7.8
2019,Nova Scotia,,"Females, 18 to 64 years","Food insecure, severe",12,4.5
2019,Nova Scotia,,"Females, 65 years and over",Food secure,12,92.1
2019,Nova Scotia,,"Females, 65 years and over",Food insecure,12,7.9
2019,Nova Scotia,,"Females, 65 years and over","Food insecure, marginal",12,
2019,Nova Scotia,,"Females, 65 years and over","Food insecure, moderate or severe",12,6.4
2019,Nova Scotia,,"Females, 65 years and over","Food insecure, moderate",12,4.9
2019,Nova Scotia,,"Females, 65 years and over","Food insecure, severe",12,
2019,Nova Scotia,,Visible minority population,Food secure,12,
2019,Nova Scotia,,Visible minority population,Food insecure,12,
2019,Nova Scotia,,Visible minority population,"Food insecure, marginal",12,
2019,Nova Scotia,,Visible minority population,"Food insecure, moderate or severe",12,
2019,Nova Scotia,,Visible minority population,"Food insecure, moderate",12,
2019,Nova Scotia,,Visible minority population,"Food insecure, severe",12,
2019,Nova Scotia,,South Asian,Food secure,12,
2019,Nova Scotia,,South Asian,Food insecure,12,
2019,Nova Scotia,,South Asian,"Food insecure, marginal",12,
2019,Nova Scotia,,South Asian,"Food insecure, moderate or severe",12,
2019,Nova Scotia,,South Asian,"Food insecure, moderate",12,
2019,Nova Scotia,,South Asian,"Food insecure, severe",12,
2019,Nova Scotia,,Chinese,Food secure,12,
2019,Nova Scotia,,Chinese,Food insecure,12,
2019,Nova Scotia,,Chinese,"Food insecure, marginal",12,
2019,Nova Scotia,,Chinese,"Food insecure, moderate or severe",12,
2019,Nova Scotia,,Chinese,"Food insecure, moderate",12,
2019,Nova Scotia,,Chinese,"Food insecure, severe",12,
2019,Nova Scotia,,Black,Food secure,12,
2019,Nova Scotia,,Black,Food insecure,12,
2019,Nova Scotia,,Black,"Food insecure, marginal",12,
2019,Nova Scotia,,Black,"Food insecure, moderate or severe",12,
2019,Nova Scotia,,Black,"Food insecure, moderate",12,
2019,Nova Scotia,,Black,"Food insecure, severe",12,
2019,Nova Scotia,,Filipino,Food secure,12,
2019,Nova Scotia,,Filipino,Food insecure,12,
2019,Nova Scotia,,Filipino,"Food insecure, marginal",12,
2019,Nova Scotia,,Filipino,"Food insecure, moderate or severe",12,
2019,Nova Scotia,,Filipino,"Food insecure, moderate",12,
2019,Nova Scotia,,Filipino,"Food insecure, severe",12,
2019,Nova Scotia,,Arab,Food secure,12,
2019,Nova Scotia,,Arab,Food insecure,12,
2019,Nova Scotia,,Arab,"Food insecure, marginal",12,
2019,Nova Scotia,,Arab,"Food insecure, moderate or severe",12,
2019,Nova Scotia,,Arab,"Food insecure, moderate",12,
2019,Nova Scotia,,Arab,"Food insecure, severe",12,
2019,Nova Scotia,,Latin American,Food secure,12,
2019,Nova Scotia,,Latin American,Food insecure,12,
2019,Nova Scotia,,Latin American,"Food insecure, marginal",12,
2019,Nova Scotia,,Latin American,"Food insecure, moderate or severe",12,
2019,Nova Scotia,,Latin American,"Food insecure, moderate",12,
2019,Nova Scotia,,Latin American,"Food insecure, severe",12,
2019,Nova Scotia,,Southeast Asian,Food secure,12,
2019,Nova Scotia,,Southeast Asian,Food insecure,12,
2019,Nova Scotia,,Southeast Asian,"Food insecure, marginal",12,
2019,Nova Scotia,,Southeast Asian,"Food insecure, moderate or severe",12,
2019,Nova Scotia,,Southeast Asian,"Food insecure, moderate",12,
2019,Nova Scotia,,Southeast Asian,"Food insecure, severe",12,
2019,Nova Scotia,,Other visible minority,Food secure,12,
2019,Nova Scotia,,Other visible minority,Food insecure,12,
2019,Nova Scotia,,Other visible minority,"Food insecure, marginal",12,
2019,Nova Scotia,,Other visible minority,"Food insecure, moderate or severe",12,
2019,Nova Scotia,,Other visible minority,"Food insecure, moderate",12,
2019,Nova Scotia,,Other visible minority,"Food insecure, severe",12,
2019,Nova Scotia,,Not a visible minority,Food secure,12,
2019,Nova Scotia,,Not a visible minority,Food insecure,12,
2019,Nova Scotia,,Not a visible minority,"Food insecure, marginal",12,
2019,Nova Scotia,,Not a visible minority,"Food insecure, moderate or severe",12,
2019,Nova Scotia,,Not a visible minority,"Food insecure, moderate",12,
2019,Nova Scotia,,Not a visible minority,"Food insecure, severe",12,
2019,Nova Scotia,,Indigenous population,Food secure,12,
2019,Nova Scotia,,Indigenous population,Food insecure,12,
2019,Nova Scotia,,Indigenous population,"Food insecure, marginal",12,
2019,Nova Scotia,,Indigenous population,"Food insecure, moderate or severe",12,
2019,Nova Scotia,,Indigenous population,"Food insecure, moderate",12,
2019,Nova Scotia,,Indigenous population,"Food insecure, severe",12,
2019,Nova Scotia,,Non-Indigenous population,Food secure,12,
2019,Nova Scotia,,Non-Indigenous population,Food insecure,12,
2019,Nova Scotia,,Non-Indigenous population,"Food insecure, marginal",12,
2019,Nova Scotia,,Non-Indigenous population,"Food insecure, moderate or severe",12,
2019,Nova Scotia,,Non-Indigenous population,"Food insecure, moderate",12,
2019,Nova Scotia,,Non-Indigenous population,"Food insecure, severe",12,
2019,Nova Scotia,,Not a visible minority nor Indigenous,Food secure,12,
2019,Nova Scotia,,Not a visible minority nor Indigenous,Food insecure,12,
2019,Nova Scotia,,Not a visible minority nor Indigenous,"Food insecure, marginal",12,
2019,Nova Scotia,,Not a visible minority nor Indigenous,"Food insecure, moderate or severe",12,
2019,Nova Scotia,,Not a visible minority nor Indigenous,"Food insecure, moderate",12,
2019,Nova Scotia,,Not a visible minority nor Indigenous,"Food insecure, severe",12,
2019,Nova Scotia,,All persons aged 15 years and over,Food secure,12,83.4
2019,Nova Scotia,,All persons aged 15 years and over,Food insecure,12,16.6
2019,Nova Scotia,,All persons aged 15 years and over,"Food insecure, marginal",12,5.2
2019,Nova Scotia,,All persons aged 15 years and over,"Food insecure, moderate or severe",12,11.4
2019,Nova Scotia,,All persons aged 15 years and over,"Food insecure, moderate",12,7.1
2019,Nova Scotia,,All persons aged 15 years and over,"Food insecure, severe",12,4.3
2019,Nova Scotia,,Indigenous population aged 15 years and over,Food secure,12,74.9
2019,Nova Scotia,,Indigenous population aged 15 years and over,Food insecure,12,25.1
2019,Nova Scotia,,Indigenous population aged 15 years and over,"Food insecure, marginal",12,
2019,Nova Scotia,,Indigenous population aged 15 years and over,"Food insecure, moderate or severe",12,25.1
2019,Nova Scotia,,Indigenous population aged 15 years and over,"Food insecure, moderate",12,
2019,Nova Scotia,,Indigenous population aged 15 years and over,"Food insecure, severe",12,
2019,Nova Scotia,,First Nations aged 15 years and over,Food secure,12,71.4
2019,Nova Scotia,,First Nations aged 15 years and over,Food insecure,12,
2019,Nova Scotia,,First Nations aged 15 years and over,"Food insecure, marginal",12,
2019,Nova Scotia,,First Nations aged 15 years and over,"Food insecure, moderate or severe",12,
2019,Nova Scotia,,First Nations aged 15 years and over,"Food insecure, moderate",12,
2019,Nova Scotia,,First Nations aged 15 years and over,"Food insecure, severe",12,
2019,Nova Scotia,,Métis aged 15 years and over,Food secure,12,80.1
2019,Nova Scotia,,Métis aged 15 years and over,Food insecure,12,
2019,Nova Scotia,,Métis aged 15 years and over,"Food insecure, marginal",12,
2019,Nova Scotia,,Métis aged 15 years and over,"Food insecure, moderate or severe",12,
2019,Nova Scotia,,Métis aged 15 years and over,"Food insecure, moderate",12,
2019,Nova Scotia,,Métis aged 15 years and over,"Food insecure, severe",12,
2019,Nova Scotia,,Non-Indigenous population aged 15 years and over,Food secure,12,83.6
2019,Nova Scotia,,Non-Indigenous population aged 15 years and over,Food insecure,12,16.4
2019,Nova Scotia,,Non-Indigenous population aged 15 years and over,"Food insecure, marginal",12,5.3
2019,Nova Scotia,,Non-Indigenous population aged 15 years and over,"Food insecure, moderate or severe",12,11.1
2019,Nova Scotia,,Non-Indigenous population aged 15 years and over,"Food insecure, moderate",12,6.8
2019,Nova Scotia,,Non-Indigenous population aged 15 years and over,"Food insecure, severe",12,4.3
2019,Nova Scotia,,Immigrants aged 15 years and over,Food secure,12,78.2
2019,Nova Scotia,,Immigrants aged 15 years and over,Food insecure,12,21.8
2019,Nova Scotia,,Immigrants aged 15 years and over,"Food insecure, marginal",12,
2019,Nova Scotia,,Immigrants aged 15 years and over,"Food insecure, moderate or severe",12,
2019,Nova Scotia,,Immigrants aged 15 years and over,"Food insecure, moderate",12,
2019,Nova Scotia,,Immigrants aged 15 years and over,"Food insecure, severe",12,
2019,Nova Scotia,,Recent immigrants (10 years or less) aged 15 years and over,Food secure,12,65.4
2019,Nova Scotia,,Recent immigrants (10 years or less) aged 15 years and over,Food insecure,12,34.6
2019,Nova Scotia,,Recent immigrants (10 years or less) aged 15 years and over,"Food insecure, marginal",12,
2019,Nova Scotia,,Recent immigrants (10 years or less) aged 15 years and over,"Food insecure, moderate or severe",12,
2019,Nova Scotia,,Recent immigrants (10 years or less) aged 15 years and over,"Food insecure, moderate",12,
2019,Nova Scotia,,Recent immigrants (10 years or less) aged 15 years and over,"Food insecure, severe",12,
2019,Nova Scotia,,Very recent immigrants (5 years or less) aged 15 years and over,Food secure,12,63.4
2019,Nova Scotia,,Very recent immigrants (5 years or less) aged 15 years and over,Food insecure,12,
2019,Nova Scotia,,Very recent immigrants (5 years or less) aged 15 years and over,"Food insecure, marginal",12,
2019,Nova Scotia,,Very recent immigrants (5 years or less) aged 15 years and over,"Food insecure, moderate or severe",12,
2019,Nova Scotia,,Very recent immigrants (5 years or less) aged 15 years and over,"Food insecure, moderate",12,
2019,Nova Scotia,,Very recent immigrants (5 years or less) aged 15 years and over,"Food insecure, severe",12,
2019,Nova Scotia,,Persons aged 15 years and over born in Canada,Food secure,12,84.1
2019,Nova Scotia,,Persons aged 15 years and over born in Canada,Food insecure,12,15.9
2019,Nova Scotia,,Persons aged 15 years and over born in Canada,"Food insecure, marginal",12,4.7
2019,Nova Scotia,,Persons aged 15 years and over born in Canada,"Food insecure, moderate or severe",12,11.2
2019,Nova Scotia,,Persons aged 15 years and over born in Canada,"Food insecure, moderate",12,6.8
2019,Nova Scotia,,Persons aged 15 years and over born in Canada,"Food insecure, severe",12,4.4
2019,New Brunswick,,All persons,Food secure,13,84.3
2019,New Brunswick,,All persons,Food insecure,13,15.7
2019,New Brunswick,,All persons,"Food insecure, marginal",13,4.7
2019,New Brunswick,,All persons,"Food insecure, moderate or severe",13,11.0
2019,New Brunswick,,All persons,"Food insecure, moderate",13,7.3
2019,New Brunswick,,All persons,"Food insecure, severe",13,3.7
2019,New Brunswick,,Persons under 18 years,Food secure,13,79.1
2019,New Brunswick,,Persons under 18 years,Food insecure,13,20.9
2019,New Brunswick,,Persons under 18 years,"Food insecure, marginal",13,5.3
2019,New Brunswick,,Persons under 18 years,"Food insecure, moderate or severe",13,15.7
2019,New Brunswick,,Persons under 18 years,"Food insecure, moderate",13,12.3
2019,New Brunswick,,Persons under 18 years,"Food insecure, severe",13,3.3
2019,New Brunswick,,Persons 18 to 64 years,Food secure,13,83.8
2019,New Brunswick,,Persons 18 to 64 years,Food insecure,13,16.2
2019,New Brunswick,,Persons 18 to 64 years,"Food insecure, marginal",13,4.8
2019,New Brunswick,,Persons 18 to 64 years,"Food insecure, moderate or severe",13,11.4
2019,New Brunswick,,Persons 18 to 64 years,"Food insecure, moderate",13,6.7
2019,New Brunswick,,Persons 18 to 64 years,"Food insecure, severe",13,4.8
2019,New Brunswick,,Persons 18 to 24 years,Food secure,13,82.3
2019,New Brunswick,,Persons 18 to 24 years,Food insecure,13,17.7
2019,New Brunswick,,Persons 18 to 24 years,"Food insecure, marginal",13,
2019,New Brunswick,,Persons 18 to 24 years,"Food insecure, moderate or severe",13,13.3
2019,New Brunswick,,Persons 18 to 24 years,"Food insecure, moderate",13,
2019,New Brunswick,,Persons 18 to 24 years,"Food insecure, severe",13,
2019,New Brunswick,,Persons 25 to 34 years,Food secure,13,82.1
2019,New Brunswick,,Persons 25 to 34 years,Food insecure,13,17.9
2019,New Brunswick,,Persons 25 to 34 years,"Food insecure, marginal",13,4.7
2019,New Brunswick,,Persons 25 to 34 years,"Food insecure, moderate or severe",13,13.2
2019,New Brunswick,,Persons 25 to 34 years,"Food insecure, moderate",13,7.6
2019,New Brunswick,,Persons 25 to 34 years,"Food insecure, severe",13,
2019,New Brunswick,,Persons 35 to 44 years,Food secure,13,81.1
2019,New Brunswick,,Persons 35 to 44 years,Food insecure,13,18.9
2019,New Brunswick,,Persons 35 to 44 years,"Food insecure, marginal",13,4.7
2019,New Brunswick,,Persons 35 to 44 years,"Food insecure, moderate or severe",13,14.2
2019,New Brunswick,,Persons 35 to 44 years,"Food insecure, moderate",13,11.0
2019,New Brunswick,,Persons 35 to 44 years,"Food insecure, severe",13,3.2
2019,New Brunswick,,Persons 45 to 54 years,Food secure,13,85.5
2019,New Brunswick,,Persons 45 to 54 years,Food insecure,13,14.5
2019,New Brunswick,,Persons 45 to 54 years,"Food insecure, marginal",13,4.2
2019,New Brunswick,,Persons 45 to 54 years,"Food insecure, moderate or severe",13,10.3
2019,New Brunswick,,Persons 45 to 54 years,"Food insecure, moderate",13,5.3
2019,New Brunswick,,Persons 45 to 54 years,"Food insecure, severe",13,5.0
2019,New Brunswick,,Persons 55 to 64 years,Food secure,13,86.2
2019,New Brunswick,,Persons 55 to 64 years,Food insecure,13,13.8
2019,New Brunswick,,Persons 55 to 64 years,"Food insecure, marginal",13,5.5
2019,New Brunswick,,Persons 55 to 64 years,"Food insecure, moderate or severe",13,8.3
2019,New Brunswick,,Persons 55 to 64 years,"Food insecure, moderate",13,3.8
2019,New Brunswick,,Persons 55 to 64 years,"Food insecure, severe",13,4.5
2019,New Brunswick,,Persons 65 years and over,Food secure,13,90.0
2019,New Brunswick,,Persons 65 years and over,Food insecure,13,10.0
2019,New Brunswick,,Persons 65 years and over,"Food insecure, marginal",13,4.1
2019,New Brunswick,,Persons 65 years and over,"Food insecure, moderate or severe",13,5.8
2019,New Brunswick,,Persons 65 years and over,"Food insecure, moderate",13,4.7
2019,New Brunswick,,Persons 65 years and over,"Food insecure, severe",13,
2019,New Brunswick,,Males,Food secure,13,83.9
2019,New Brunswick,,Males,Food insecure,13,16.1
2019,New Brunswick,,Males,"Food insecure, marginal",13,4.7
2019,New Brunswick,,Males,"Food insecure, moderate or severe",13,11.4
2019,New Brunswick,,Males,"Food insecure, moderate",13,7.2
2019,New Brunswick,,Males,"Food insecure, severe",13,4.2
2019,New Brunswick,,"Males, under 18 years",Food secure,13,79.4
2019,New Brunswick,,"Males, under 18 years",Food insecure,13,20.6
2019,New Brunswick,,"Males, under 18 years","Food insecure, marginal",13,
2019,New Brunswick,,"Males, under 18 years","Food insecure, moderate or severe",13,16.0
2019,New Brunswick,,"Males, under 18 years","Food insecure, moderate",13,12.1
2019,New Brunswick,,"Males, under 18 years","Food insecure, severe",13,
2019,New Brunswick,,"Males, 18 to 64 years",Food secure,13,82.7
2019,New Brunswick,,"Males, 18 to 64 years",Food insecure,13,17.3
2019,New Brunswick,,"Males, 18 to 64 years","Food insecure, marginal",13,5.2
2019,New Brunswick,,"Males, 18 to 64 years","Food insecure, moderate or severe",13,12.0
2019,New Brunswick,,"Males, 18 to 64 years","Food insecure, moderate",13,6.7
2019,New Brunswick,,"Males, 18 to 64 years","Food insecure, severe",13,5.3
2019,New Brunswick,,"Males, 65 years and over",Food secure,13,91.2
2019,New Brunswick,,"Males, 65 years and over",Food insecure,13,8.8
2019,New Brunswick,,"Males, 65 years and over","Food insecure, marginal",13,3.4
2019,New Brunswick,,"Males, 65 years and over","Food insecure, moderate or severe",13,5.4
2019,New Brunswick,,"Males, 65 years and over","Food insecure, moderate",13,4.5
2019,New Brunswick,,"Males, 65 years and over","Food insecure, severe",13,
2019,New Brunswick,,Females,Food secure,13,84.7
2019,New Brunswick,,Females,Food insecure,13,15.3
2019,New Brunswick,,Females,"Food insecure, marginal",13,4.7
2019,New Brunswick,,Females,"Food insecure, moderate or severe",13,10.6
2019,New Brunswick,,Females,"Food insecure, moderate",13,7.3
2019,New Brunswick,,Females,"Food insecure, severe",13,3.3
2019,New Brunswick,,"Females, under 18 years",Food secure,13,78.7
2019,New Brunswick,,"Females, under 18 years",Food insecure,13,21.3
2019,New Brunswick,,"Females, under 18 years","Food insecure, marginal",13,6.0
2019,New Brunswick,,"Females, under 18 years","Food insecure, moderate or severe",13,15.3
2019,New Brunswick,,"Females, under 18 years","Food insecure, moderate",13,12.6
2019,New Brunswick,,"Females, under 18 years","Food insecure, severe",13,
2019,New Brunswick,,"Females, 18 to 64 years",Food secure,13,84.8
2019,New Brunswick,,"Females, 18 to 64 years",Food insecure,13,15.2
2019,New Brunswick,,"Females, 18 to 64 years","Food insecure, marginal",13,4.3
2019,New Brunswick,,"Females, 18 to 64 years","Food insecure, moderate or severe",13,10.9
2019,New Brunswick,,"Females, 18 to 64 years","Food insecure, moderate",13,6.7
2019,New Brunswick,,"Females, 18 to 64 years","Food insecure, severe",13,4.2
2019,New Brunswick,,"Females, 65 years and over",Food secure,13,88.9
2019,New Brunswick,,"Females, 65 years and over",Food insecure,13,11.1
2019,New Brunswick,,"Females, 65 years and over","Food insecure, marginal",13,4.8
2019,New Brunswick,,"Females, 65 years and over","Food insecure, moderate or severe",13,6.2
2019,New Brunswick,,"Females, 65 years and over","Food insecure, moderate",13,4.9
2019,New Brunswick,,"Females, 65 years and over","Food insecure, severe",13,
2019,New Brunswick,,Visible minority population,Food secure,13,
2019,New Brunswick,,Visible minority population,Food insecure,13,
2019,New Brunswick,,Visible minority population,"Food insecure, marginal",13,
2019,New Brunswick,,Visible minority population,"Food insecure, moderate or severe",13,
2019,New Brunswick,,Visible minority population,"Food insecure, moderate",13,
2019,New Brunswick,,Visible minority population,"Food insecure, severe",13,
2019,New Brunswick,,South Asian,Food secure,13,
2019,New Brunswick,,South Asian,Food insecure,13,
2019,New Brunswick,,South Asian,"Food insecure, marginal",13,
2019,New Brunswick,,South Asian,"Food insecure, moderate or severe",13,
2019,New Brunswick,,South Asian,"Food insecure, moderate",13,
2019,New Brunswick,,South Asian,"Food insecure, severe",13,
2019,New Brunswick,,Chinese,Food secure,13,
2019,New Brunswick,,Chinese,Food insecure,13,
2019,New Brunswick,,Chinese,"Food insecure, marginal",13,
2019,New Brunswick,,Chinese,"Food insecure, moderate or severe",13,
2019,New Brunswick,,Chinese,"Food insecure, moderate",13,
2019,New Brunswick,,Chinese,"Food insecure, severe",13,
2019,New Brunswick,,Black,Food secure,13,
2019,New Brunswick,,Black,Food insecure,13,
2019,New Brunswick,,Black,"Food insecure, marginal",13,
2019,New Brunswick,,Black,"Food insecure, moderate or severe",13,
2019,New Brunswick,,Black,"Food insecure, moderate",13,
2019,New Brunswick,,Black,"Food insecure, severe",13,
2019,New Brunswick,,Filipino,Food secure,13,
2019,New Brunswick,,Filipino,Food insecure,13,
2019,New Brunswick,,Filipino,"Food insecure, marginal",13,
2019,New Brunswick,,Filipino,"Food insecure, moderate or severe",13,
2019,New Brunswick,,Filipino,"Food insecure, moderate",13,
2019,New Brunswick,,Filipino,"Food insecure, severe",13,
2019,New Brunswick,,Arab,Food secure,13,
2019,New Brunswick,,Arab,Food insecure,13,
2019,New Brunswick,,Arab,"Food insecure, marginal",13,
2019,New Brunswick,,Arab,"Food insecure, moderate or severe",13,
2019,New Brunswick,,Arab,"Food insecure, moderate",13,
2019,New Brunswick,,Arab,"Food insecure, severe",13,
2019,New Brunswick,,Latin American,Food secure,13,
2019,New Brunswick,,Latin American,Food insecure,13,
2019,New Brunswick,,Latin American,"Food insecure, marginal",13,
2019,New Brunswick,,Latin American,"Food insecure, moderate or severe",13,
2019,New Brunswick,,Latin American,"Food insecure, moderate",13,
2019,New Brunswick,,Latin American,"Food insecure, severe",13,
2019,New Brunswick,,Southeast Asian,Food secure,13,
2019,New Brunswick,,Southeast Asian,Food insecure,13,
2019,New Brunswick,,Southeast Asian,"Food insecure, marginal",13,
2019,New Brunswick,,Southeast Asian,"Food insecure, moderate or severe",13,
2019,New Brunswick,,Southeast Asian,"Food insecure, moderate",13,
2019,New Brunswick,,Southeast Asian,"Food insecure, severe",13,
2019,New Brunswick,,Other visible minority,Food secure,13,
2019,New Brunswick,,Other visible minority,Food insecure,13,
2019,New Brunswick,,Other visible minority,"Food insecure, marginal",13,
2019,New Brunswick,,Other visible minority,"Food insecure, moderate or severe",13,
2019,New Brunswick,,Other visible minority,"Food insecure, moderate",13,
2019,New Brunswick,,Other visible minority,"Food insecure, severe",13,
2019,New Brunswick,,Not a visible minority,Food secure,13,
2019,New Brunswick,,Not a visible minority,Food insecure,13,
2019,New Brunswick,,Not a visible minority,"Food insecure, marginal",13,
2019,New Brunswick,,Not a visible minority,"Food insecure, moderate or severe",13,
2019,New Brunswick,,Not a visible minority,"Food insecure, moderate",13,
2019,New Brunswick,,Not a visible minority,"Food insecure, severe",13,
2019,New Brunswick,,Indigenous population,Food secure,13,
2019,New Brunswick,,Indigenous population,Food insecure,13,
2019,New Brunswick,,Indigenous population,"Food insecure, marginal",13,
2019,New Brunswick,,Indigenous population,"Food insecure, moderate or severe",13,
2019,New Brunswick,,Indigenous population,"Food insecure, moderate",13,
2019,New Brunswick,,Indigenous population,"Food insecure, severe",13,
2019,New Brunswick,,Non-Indigenous population,Food secure,13,
2019,New Brunswick,,Non-Indigenous population,Food insecure,13,
2019,New Brunswick,,Non-Indigenous population,"Food insecure, marginal",13,
2019,New Brunswick,,Non-Indigenous population,"Food insecure, moderate or severe",13,
2019,New Brunswick,,Non-Indigenous population,"Food insecure, moderate",13,
2019,New Brunswick,,Non-Indigenous population,"Food insecure, severe",13,
2019,New Brunswick,,Not a visible minority nor Indigenous,Food secure,13,
2019,New Brunswick,,Not a visible minority nor Indigenous,Food insecure,13,
2019,New Brunswick,,Not a visible minority nor Indigenous,"Food insecure, marginal",13,
2019,New Brunswick,,Not a visible minority nor Indigenous,"Food insecure, moderate or severe",13,
2019,New Brunswick,,Not a visible minority nor Indigenous,"Food insecure, moderate",13,
2019,New Brunswick,,Not a visible minority nor Indigenous,"Food insecure, severe",13,
2019,New Brunswick,,All persons aged 15 years and over,Food secure,13,85.2
2019,New Brunswick,,All persons aged 15 years and over,Food insecure,13,14.8
2019,New Brunswick,,All persons aged 15 years and over,"Food insecure, marginal",13,4.6
2019,New Brunswick,,All persons aged 15 years and over,"Food insecure, moderate or severe",13,10.2
2019,New Brunswick,,All persons aged 15 years and over,"Food insecure, moderate",13,6.3
2019,New Brunswick,,All persons aged 15 years and over,"Food insecure, severe",13,4.0
2019,New Brunswick,,Indigenous population aged 15 years and over,Food secure,13,87.8
2019,New Brunswick,,Indigenous population aged 15 years and over,Food insecure,13,
2019,New Brunswick,,Indigenous population aged 15 years and over,"Food insecure, marginal",13,
2019,New Brunswick,,Indigenous population aged 15 years and over,"Food insecure, moderate or severe",13,
2019,New Brunswick,,Indigenous population aged 15 years and over,"Food insecure, moderate",13,
2019,New Brunswick,,Indigenous population aged 15 years and over,"Food insecure, severe",13,
2019,New Brunswick,,First Nations aged 15 years and over,Food secure,13,86.1
2019,New Brunswick,,First Nations aged 15 years and over,Food insecure,13,
2019,New Brunswick,,First Nations aged 15 years and over,"Food insecure, marginal",13,
2019,New Brunswick,,First Nations aged 15 years and over,"Food insecure, moderate or severe",13,
2019,New Brunswick,,First Nations aged 15 years and over,"Food insecure, moderate",13,
2019,New Brunswick,,First Nations aged 15 years and over,"Food insecure, severe",13,
2019,New Brunswick,,Métis aged 15 years and over,Food secure,13,
2019,New Brunswick,,Métis aged 15 years and over,Food insecure,13,
2019,New Brunswick,,Métis aged 15 years and over,"Food insecure, marginal",13,
2019,New Brunswick,,Métis aged 15 years and over,"Food insecure, moderate or severe",13,
2019,New Brunswick,,Métis aged 15 years and over,"Food insecure, moderate",13,
2019,New Brunswick,,Métis aged 15 years and over,"Food insecure, severe",13,
2019,New Brunswick,,Non-Indigenous population aged 15 years and over,Food secure,13,85.1
2019,New Brunswick,,Non-Indigenous population aged 15 years and over,Food insecure,13,14.9
2019,New Brunswick,,Non-Indigenous population aged 15 years and over,"Food insecure, marginal",13,4.6
2019,New Brunswick,,Non-Indigenous population aged 15 years and over,"Food insecure, moderate or severe",13,10.2
2019,New Brunswick,,Non-Indigenous population aged 15 years and over,"Food insecure, moderate",13,6.3
2019,New Brunswick,,Non-Indigenous population aged 15 years and over,"Food insecure, severe",13,4.0
2019,New Brunswick,,Immigrants aged 15 years and over,Food secure,13,81.8
2019,New Brunswick,,Immigrants aged 15 years and over,Food insecure,13,18.2
2019,New Brunswick,,Immigrants aged 15 years and over,"Food insecure, marginal",13,
2019,New Brunswick,,Immigrants aged 15 years and over,"Food insecure, moderate or severe",13,
2019,New Brunswick,,Immigrants aged 15 years and over,"Food insecure, moderate",13,
2019,New Brunswick,,Immigrants aged 15 years and over,"Food insecure, severe",13,
2019,New Brunswick,,Recent immigrants (10 years or less) aged 15 years and over,Food secure,13,82.1
2019,New Brunswick,,Recent immigrants (10 years or less) aged 15 years and over,Food insecure,13,
2019,New Brunswick,,Recent immigrants (10 years or less) aged 15 years and over,"Food insecure, marginal",13,
2019,New Brunswick,,Recent immigrants (10 years or less) aged 15 years and over,"Food insecure, moderate or severe",13,
2019,New Brunswick,,Recent immigrants (10 years or less) aged 15 years and over,"Food insecure, moderate",13,
2019,New Brunswick,,Recent immigrants (10 years or less) aged 15 years and over,"Food insecure, severe",13,
2019,New Brunswick,,Very recent immigrants (5 years or less) aged 15 years and over,Food secure,13,74.2
2019,New Brunswick,,Very recent immigrants (5 years or less) aged 15 years and over,Food insecure,13,
2019,New Brunswick,,Very recent immigrants (5 years or less) aged 15 years and over,"Food insecure, marginal",13,
2019,New Brunswick,,Very recent immigrants (5 years or less) aged 15 years and over,"Food insecure, moderate or severe",13,
2019,New Brunswick,,Very recent immigrants (5 years or less) aged 15 years and over,"Food insecure, moderate",13,
2019,New Brunswick,,Very recent immigrants (5 years or less) aged 15 years and over,"Food insecure, severe",13,
2019,New Brunswick,,Persons aged 15 years and over born in Canada,Food secure,13,85.4
2019,New Brunswick,,Persons aged 15 years and over born in Canada,Food insecure,13,14.6
2019,New Brunswick,,Persons aged 15 years and over born in Canada,"Food insecure, marginal",13,4.3
2019,New Brunswick,,Persons aged 15 years and over born in Canada,"Food insecure, moderate or severe",13,10.3
2019,New Brunswick,,Persons aged 15 years and over born in Canada,"Food insecure, moderate",13,6.3
2019,New Brunswick,,Persons aged 15 years and over born in Canada,"Food insecure, severe",13,4.0
2019,Quebec,,All persons,Food secure,24,89.1
2019,Quebec,,All persons,Food insecure,24,10.9
2019,Quebec,,All persons,"Food insecure, marginal",24,3.8
2019,Quebec,,All persons,"Food insecure, moderate or severe",24,7.1
2019,Quebec,,All persons,"Food insecure, moderate",24,5.2
2019,Quebec,,All persons,"Food insecure, severe",24,2.0
2019,Quebec,,Persons under 18 years,Food secure,24,87.2
2019,Quebec,,Persons under 18 years,Food insecure,24,12.8
2019,Quebec,,Persons under 18 years,"Food insecure, marginal",24,4.3
2019,Quebec,,Persons under 18 years,"Food insecure, moderate or severe",24,8.5
2019,Quebec,,Persons under 18 years,"Food insecure, moderate",24,6.7
2019,Quebec,,Persons under 18 years,"Food insecure, severe",24,
2019,Quebec,,Persons 18 to 64 years,Food secure,24,87.9
2019,Quebec,,Persons 18 to 64 years,Food insecure,24,12.1
2019,Quebec,,Persons 18 to 64 years,"Food insecure, marginal",24,4.0
2019,Quebec,,Persons 18 to 64 years,"Food insecure, moderate or severe",24,8.1
2019,Quebec,,Persons 18 to 64 years,"Food insecure, moderate",24,5.7
2019,Quebec,,Persons 18 to 64 years,"Food insecure, severe",24,2.4
2019,Quebec,,Persons 18 to 24 years,Food secure,24,88.3
2019,Quebec,,Persons 18 to 24 years,Food insecure,24,11.7
2019,Quebec,,Persons 18 to 24 years,"Food insecure, marginal",24,4.3
2019,Quebec,,Persons 18 to 24 years,"Food insecure, moderate or severe",24,7.4
2019,Quebec,,Persons 18 to 24 years,"Food insecure, moderate",24,5.5
2019,Quebec,,Persons 18 to 24 years,"Food insecure, severe",24,
2019,Quebec,,Persons 25 to 34 years,Food secure,24,87.1
2019,Quebec,,Persons 25 to 34 years,Food insecure,24,12.9
2019,Quebec,,Persons 25 to 34 years,"Food insecure, marginal",24,4.0
2019,Quebec,,Persons 25 to 34 years,"Food insecure, moderate or severe",24,8.9
2019,Quebec,,Persons 25 to 34 years,"Food insecure, moderate",24,6.5
2019,Quebec,,Persons 25 to 34 years,"Food insecure, severe",24,2.4
2019,Quebec,,Persons 35 to 44 years,Food secure,24,85.5
2019,Quebec,,Persons 35 to 44 years,Food insecure,24,14.5
2019,Quebec,,Persons 35 to 44 years,"Food insecure, marginal",24,5.1
2019,Quebec,,Persons 35 to 44 years,"Food insecure, moderate or severe",24,9.4
2019,Quebec,,Persons 35 to 44 years,"Food insecure, moderate",24,7.2
2019,Quebec,,Persons 35 to 44 years,"Food insecure, severe",24,2.2
2019,Quebec,,Persons 45 to 54 years,Food secure,24,88.7
2019,Quebec,,Persons 45 to 54 years,Food insecure,24,11.3
2019,Quebec,,Persons 45 to 54 years,"Food insecure, marginal",24,3.4
2019,Quebec,,Persons 45 to 54 years,"Food insecure, moderate or severe",24,7.9
2019,Quebec,,Persons 45 to 54 years,"Food insecure, moderate",24,5.5
2019,Quebec,,Persons 45 to 54 years,"Food insecure, severe",24,2.3
2019,Quebec,,Persons 55 to 64 years,Food secure,24,89.9
2019,Quebec,,Persons 55 to 64 years,Food insecure,24,10.1
2019,Quebec,,Persons 55 to 64 years,"Food insecure, marginal",24,3.4
2019,Quebec,,Persons 55 to 64 years,"Food insecure, moderate or severe",24,6.8
2019,Quebec,,Persons 55 to 64 years,"Food insecure, moderate",24,3.9
2019,Quebec,,Persons 55 to 64 years,"Food insecure, severe",24,2.9
2019,Quebec,,Persons 65 years and over,Food secure,24,95.0
2019,Quebec,,Persons 65 years and over,Food insecure,24,5.0
2019,Quebec,,Persons 65 years and over,"Food insecure, marginal",24,2.5
2019,Quebec,,Persons 65 years and over,"Food insecure, moderate or severe",24,2.5
2019,Quebec,,Persons 65 years and over,"Food insecure, moderate",24,1.8
2019,Quebec,,Persons 65 years and over,"Food insecure, severe",24,0.7
2019,Quebec,,Males,Food secure,24,89.3
2019,Quebec,,Males,Food insecure,24,10.7
2019,Quebec,,Males,"Food insecure, marginal",24,3.6
2019,Quebec,,Males,"Food insecure, moderate or severe",24,7.1
2019,Quebec,,Males,"Food insecure, moderate",24,5.4
2019,Quebec,,Males,"Food insecure, severe",24,1.7
2019,Quebec,,"Males, under 18 years",Food secure,24,87.1
2019,Quebec,,"Males, under 18 years",Food insecure,24,12.9
2019,Quebec,,"Males, under 18 years","Food insecure, marginal",24,4.8
2019,Quebec,,"Males, under 18 years","Food insecure, moderate or severe",24,8.2
2019,Quebec,,"Males, under 18 years","Food insecure, moderate",24,6.7
2019,Quebec,,"Males, under 18 years","Food insecure, severe",24,
2019,Quebec,,"Males, 18 to 64 years",Food secure,24,88.3
2019,Quebec,,"Males, 18 to 64 years",Food insecure,24,11.7
2019,Quebec,,"Males, 18 to 64 years","Food insecure, marginal",24,3.7
2019,Quebec,,"Males, 18 to 64 years","Food insecure, moderate or severe",24,8.1
2019,Quebec,,"Males, 18 to 64 years","Food insecure, moderate",24,6.0
2019,Quebec,,"Males, 18 to 64 years","Food insecure, severe",24,2.1
2019,Quebec,,"Males, 65 years and over",Food secure,24,95.3
2019,Quebec,,"Males, 65 years and over",Food insecure,24,4.7
2019,Quebec,,"Males, 65 years and over","Food insecure, marginal",24,2.2
2019,Quebec,,"Males, 65 years and over","Food insecure, moderate or severe",24,2.5
2019,Quebec,,"Males, 65 years and over","Food insecure, moderate",24,1.8
2019,Quebec,,"Males, 65 years and over","Food insecure, severe",24,
2019,Quebec,,Females,Food secure,24,88.9
2019,Quebec,,Females,Food insecure,24,11.1
2019,Quebec,,Females,"Food insecure, marginal",24,3.9
2019,Quebec,,Females,"Food insecure, moderate or severe",24,7.1
2019,Quebec,,Females,"Food insecure, moderate",24,4.9
2019,Quebec,,Females,"Food insecure, severe",24,2.2
2019,Quebec,,"Females, under 18 years",Food secure,24,87.3
2019,Quebec,,"Females, under 18 years",Food insecure,24,12.7
2019,Quebec,,"Females, under 18 years","Food insecure, marginal",24,3.8
2019,Quebec,,"Females, under 18 years","Food insecure, moderate or severe",24,8.9
2019,Quebec,,"Females, under 18 years","Food insecure, moderate",24,6.7
2019,Quebec,,"Females, under 18 years","Food insecure, severe",24,
2019,Quebec,,"Females, 18 to 64 years",Food secure,24,87.5
2019,Quebec,,"Females, 18 to 64 years",Food insecure,24,12.5
2019,Quebec,,"Females, 18 to 64 years","Food insecure, marginal",24,4.4
2019,Quebec,,"Females, 18 to 64 years","Food insecure, moderate or severe",24,8.1
2019,Quebec,,"Females, 18 to 64 years","Food insecure, moderate",24,5.4
2019,Quebec,,"Females, 18 to 64 years","Food insecure, severe",24,2.7
2019,Quebec,,"Females, 65 years and over",Food secure,24,94.7
2019,Quebec,,"Females, 65 years and over",Food insecure,24,5.3
2019,Quebec,,"Females, 65 years and over","Food insecure, marginal",24,2.8
2019,Quebec,,"Females, 65 years and over","Food insecure, moderate or severe",24,2.5
2019,Quebec,,"Females, 65 years and over","Food insecure, moderate",24,1.8
2019,Quebec,,"Females, 65 years and over","Food insecure, severe",24,
2019,Quebec,,Visible minority population,Food secure,24,
2019,Quebec,,Visible minority population,Food insecure,24,
2019,Quebec,,Visible minority population,"Food insecure, marginal",24,
2019,Quebec,,Visible minority population,"Food insecure, moderate or severe",24,
2019,Quebec,,Visible minority population,"Food insecure, moderate",24,
2019,Quebec,,Visible minority population,"Food insecure, severe",24,
2019,Quebec,,South Asian,Food secure,24,
2019,Quebec,,South Asian,Food insecure,24,
2019,Quebec,,South Asian,"Food insecure, marginal",24,
2019,Quebec,,South Asian,"Food insecure, moderate or severe",24,
2019,Quebec,,South Asian,"Food insecure, moderate",24,
2019,Quebec,,South Asian,"Food insecure, severe",24,
2019,Quebec,,Chinese,Food secure,24,
2019,Quebec,,Chinese,Food insecure,24,
2019,Quebec,,Chinese,"Food insecure, marginal",24,
2019,Quebec,,Chinese,"Food insecure, moderate or severe",24,
2019,Quebec,,Chinese,"Food insecure, moderate",24,
2019,Quebec,,Chinese,"Food insecure, severe",24,
2019,Quebec,,Black,Food secure,24,
2019,Quebec,,Black,Food insecure,24,
2019,Quebec,,Black,"Food insecure, marginal",24,
2019,Quebec,,Black,"Food insecure, moderate or severe",24,
2019,Quebec,,Black,"Food insecure, moderate",24,
2019,Quebec,,Black,"Food insecure, severe",24,
2019,Quebec,,Filipino,Food secure,24,
2019,Quebec,,Filipino,Food insecure,24,
2019,Quebec,,Filipino,"Food insecure, marginal",24,
2019,Quebec,,Filipino,"Food insecure, moderate or severe",24,
2019,Quebec,,Filipino,"Food insecure, moderate",24,
2019,Quebec,,Filipino,"Food insecure, severe",24,
2019,Quebec,,Arab,Food secure,24,
2019,Quebec,,Arab,Food insecure,24,
2019,Quebec,,Arab,"Food insecure, marginal",24,
2019,Quebec,,Arab,"Food insecure, moderate or severe",24,
2019,Quebec,,Arab,"Food insecure, moderate",24,
2019,Quebec,,Arab,"Food insecure, severe",24,
2019,Quebec,,Latin American,Food secure,24,
2019,Quebec,,Latin American,Food insecure,24,
2019,Quebec,,Latin American,"Food insecure, marginal",24,
2019,Quebec,,Latin American,"Food insecure, moderate or severe",24,
2019,Quebec,,Latin American,"Food insecure, moderate",24,
2019,Quebec,,Latin American,"Food insecure, severe",24,
2019,Quebec,,Southeast Asian,Food secure,24,
2019,Quebec,,Southeast Asian,Food insecure,24,
2019,Quebec,,Southeast Asian,"Food insecure, marginal",24,
2019,Quebec,,Southeast Asian,"Food insecure, moderate or severe",24,
2019,Quebec,,Southeast Asian,"Food insecure, moderate",24,
2019,Quebec,,Southeast Asian,"Food insecure, severe",24,
2019,Quebec,,Other visible minority,Food secure,24,
2019,Quebec,,Other visible minority,Food insecure,24,
2019,Quebec,,Other visible minority,"Food insecure, marginal",24,
2019,Quebec,,Other visible minority,"Food insecure, moderate or severe",24,
2019,Quebec,,Other visible minority,"Food insecure, moderate",24,
2019,Quebec,,Other visible minority,"Food insecure, severe",24,
2019,Quebec,,Not a visible minority,Food secure,24,
2019,Quebec,,Not a visible minority,Food insecure,24,
2019,Quebec,,Not a visible minority,"Food insecure, marginal",24,
2019,Quebec,,Not a visible minority,"Food insecure, moderate or severe",24,
2019,Quebec,,Not a visible minority,"Food insecure, moderate",24,
2019,Quebec,,Not a visible minority,"Food insecure, severe",24,
2019,Quebec,,Indigenous population,Food secure,24,
2019,Quebec,,Indigenous population,Food insecure,24,
2019,Quebec,,Indigenous population,"Food insecure, marginal",24,
2019,Quebec,,Indigenous population,"Food insecure, moderate or severe",24,
2019,Quebec,,Indigenous population,"Food insecure, moderate",24,
2019,Quebec,,Indigenous population,"Food insecure, severe",24,
2019,Quebec,,Non-Indigenous population,Food secure,24,
2019,Quebec,,Non-Indigenous population,Food insecure,24,
2019,Quebec,,Non-Indigenous population,"Food insecure, marginal",24,
2019,Quebec,,Non-Indigenous population,"Food insecure, moderate or severe",24,
2019,Quebec,,Non-Indigenous population,"Food insecure, moderate",24,
2019,Quebec,,Non-Indigenous population,"Food insecure, severe",24,
2019,Quebec,,Not a visible minority nor Indigenous,Food secure,24,
2019,Quebec,,Not a visible minority nor Indigenous,Food insecure,24,
2019,Quebec,,Not a visible minority nor Indigenous,"Food insecure, marginal",24,
2019,Quebec,,Not a visible minority nor Indigenous,"Food insecure, moderate or severe",24,
2019,Quebec,,Not a visible minority nor Indigenous,"Food insecure, moderate",24,
2019,Quebec,,Not a visible minority nor Indigenous,"Food insecure, severe",24,
2019,Quebec,,All persons aged 15 years and over,Food secure,24,89.5
2019,Quebec,,All persons aged 15 years and over,Food insecure,24,10.5
2019,Quebec,,All persons aged 15 years and over,"Food insecure, marginal",24,3.6
2019,Quebec,,All persons aged 15 years and over,"Food insecure, moderate or severe",24,6.8
2019,Quebec,,All persons aged 15 years and over,"Food insecure, moderate",24,4.8
2019,Quebec,,All persons aged 15 years and over,"Food insecure, severe",24,2.0
2019,Quebec,,Indigenous population aged 15 years and over,Food secure,24,75.2
2019,Quebec,,Indigenous population aged 15 years and over,Food insecure,24,24.8
2019,Quebec,,Indigenous population aged 15 years and over,"Food insecure, marginal",24,
2019,Quebec,,Indigenous population aged 15 years and over,"Food insecure, moderate or severe",24,
2019,Quebec,,Indigenous population aged 15 years and over,"Food insecure, moderate",24,
2019,Quebec,,Indigenous population aged 15 years and over,"Food insecure, severe",24,
2019,Quebec,,First Nations aged 15 years and over,Food secure,24,63.6
2019,Quebec,,First Nations aged 15 years and over,Food insecure,24,
2019,Quebec,,First Nations aged 15 years and over,"Food insecure, marginal",24,
2019,Quebec,,First Nations aged 15 years and over,"Food insecure, moderate or severe",24,
2019,Quebec,,First Nations aged 15 years and over,"Food insecure, moderate",24,
2019,Quebec,,First Nations aged 15 years and over,"Food insecure, severe",24,
2019,Quebec,,Métis aged 15 years and over,Food secure,24,84.1
2019,Quebec,,Métis aged 15 years and over,Food insecure,24,
2019,Quebec,,Métis aged 15 years and over,"Food insecure, marginal",24,
2019,Quebec,,Métis aged 15 years and over,"Food insecure, moderate or severe",24,
2019,Quebec,,Métis aged 15 years and over,"Food insecure, moderate",24,
2019,Quebec,,Métis aged 15 years and over,"Food insecure, severe",24,
2019,Quebec,,Non-Indigenous population aged 15 years and over,Food secure,24,89.6
2019,Quebec,,Non-Indigenous population aged 15 years and over,Food insecure,24,10.4
2019,Quebec,,Non-Indigenous population aged 15 years and over,"Food insecure, marginal",24,3.6
2019,Quebec,,Non-Indigenous population aged 15 years and over,"Food insecure, moderate or severe",24,6.7
2019,Quebec,,Non-Indigenous population aged 15 years and over,"Food insecure, moderate",24,4.8
2019,Quebec,,Non-Indigenous population aged 15 years and over,"Food insecure, severe",24,2.0
2019,Quebec,,Immigrants aged 15 years and over,Food secure,24,85.2
2019,Quebec,,Immigrants aged 15 years and over,Food insecure,24,14.8
2019,Quebec,,Immigrants aged 15 years and over,"Food insecure, marginal",24,3.5
2019,Quebec,,Immigrants aged 15 years and over,"Food insecure, moderate or severe",24,11.3
2019,Quebec,,Immigrants aged 15 years and over,"Food insecure, moderate",24,8.9
2019,Quebec,,Immigrants aged 15 years and over,"Food insecure, severe",24,
2019,Quebec,,Recent immigrants (10 years or less) aged 15 years and over,Food secure,24,77.5
2019,Quebec,,Recent immigrants (10 years or less) aged 15 years and over,Food insecure,24,22.5
2019,Quebec,,Recent immigrants (10 years or less) aged 15 years and over,"Food insecure, marginal",24,
2019,Quebec,,Recent immigrants (10 years or less) aged 15 years and over,"Food insecure, moderate or severe",24,15.5
2019,Quebec,,Recent immigrants (10 years or less) aged 15 years and over,"Food insecure, moderate",24,13.9
2019,Quebec,,Recent immigrants (10 years or less) aged 15 years and over,"Food insecure, severe",24,
2019,Quebec,,Very recent immigrants (5 years or less) aged 15 years and over,Food secure,24,81.6
2019,Quebec,,Very recent immigrants (5 years or less) aged 15 years and over,Food insecure,24,18.4
2019,Quebec,,Very recent immigrants (5 years or less) aged 15 years and over,"Food insecure, marginal",24,
2019,Quebec,,Very recent immigrants (5 years or less) aged 15 years and over,"Food insecure, moderate or severe",24,
2019,Quebec,,Very recent immigrants (5 years or less) aged 15 years and over,"Food insecure, moderate",24,
2019,Quebec,,Very recent immigrants (5 years or less) aged 15 years and over,"Food insecure, severe",24,
2019,Quebec,,Persons aged 15 years and over born in Canada,Food secure,24,90.7
2019,Quebec,,Persons aged 15 years and over born in Canada,Food insecure,24,9.3
2019,Quebec,,Persons aged 15 years and over born in Canada,"Food insecure, marginal",24,3.5
2019,Quebec,,Persons aged 15 years and over born in Canada,"Food insecure, moderate or severe",24,5.8
2019,Quebec,,Persons aged 15 years and over born in Canada,"Food insecure, moderate",24,3.8
2019,Quebec,,Persons aged 15 years and over born in Canada,"Food insecure, severe",24,1.9
2019,Ontario,,All persons,Food secure,35,82.7
2019,Ontario,,All persons,Food insecure,35,17.3
2019,Ontario,,All persons,"Food insecure, marginal",35,5.8
2019,Ontario,,All persons,"Food insecure, moderate or severe",35,11.5
2019,Ontario,,All persons,"Food insecure, moderate",35,8.0
2019,Ontario,,All persons,"Food insecure, severe",35,3.5
2019,Ontario,,Persons under 18 years,Food secure,35,77.2
2019,Ontario,,Persons under 18 years,Food insecure,35,22.8
2019,Ontario,,Persons under 18 years,"Food insecure, marginal",35,7.8
2019,Ontario,,Persons under 18 years,"Food insecure, moderate or severe",35,15.0
2019,Ontario,,Persons under 18 years,"Food insecure, moderate",35,11.2
2019,Ontario,,Persons under 18 years,"Food insecure, severe",35,3.8
2019,Ontario,,Persons 18 to 64 years,Food secure,35,82.3
2019,Ontario,,Persons 18 to 64 years,Food insecure,35,17.7
2019,Ontario,,Persons 18 to 64 years,"Food insecure, marginal",35,5.8
2019,Ontario,,Persons 18 to 64 years,"Food insecure, moderate or severe",35,11.9
2019,Ontario,,Persons 18 to 64 years,"Food insecure, moderate",35,7.9
2019,Ontario,,Persons 18 to 64 years,"Food insecure, severe",35,4.0
2019,Ontario,,Persons 18 to 24 years,Food secure,35,83.2
2019,Ontario,,Persons 18 to 24 years,Food insecure,35,16.8
2019,Ontario,,Persons 18 to 24 years,"Food insecure, marginal",35,6.1
2019,Ontario,,Persons 18 to 24 years,"Food insecure, moderate or severe",35,10.7
2019,Ontario,,Persons 18 to 24 years,"Food insecure, moderate",35,7.0
2019,Ontario,,Persons 18 to 24 years,"Food insecure, severe",35,3.7
2019,Ontario,,Persons 25 to 34 years,Food secure,35,80.9
2019,Ontario,,Persons 25 to 34 years,Food insecure,35,19.1
2019,Ontario,,Persons 25 to 34 years,"Food insecure, marginal",35,6.2
2019,Ontario,,Persons 25 to 34 years,"Food insecure, moderate or severe",35,12.9
2019,Ontario,,Persons 25 to 34 years,"Food insecure, moderate",35,8.4
2019,Ontario,,Persons 25 to 34 years,"Food insecure, severe",35,4.5
2019,Ontario,,Persons 35 to 44 years,Food secure,35,77.6
2019,Ontario,,Persons 35 to 44 years,Food insecure,35,22.4
2019,Ontario,,Persons 35 to 44 years,"Food insecure, marginal",35,8.0
2019,Ontario,,Persons 35 to 44 years,"Food insecure, moderate or severe",35,14.4
2019,Ontario,,Persons 35 to 44 years,"Food insecure, moderate",35,10.0
2019,Ontario,,Persons 35 to 44 years,"Food insecure, severe",35,4.4
2019,Ontario,,Persons 45 to 54 years,Food secure,35,84.8
2019,Ontario,,Persons 45 to 54 years,Food insecure,35,15.2
2019,Ontario,,Persons 45 to 54 years,"Food insecure, marginal",35,5.3
2019,Ontario,,Persons 45 to 54 years,"Food insecure, moderate or severe",35,9.9
2019,Ontario,,Persons 45 to 54 years,"Food insecure, moderate",35,6.6
2019,Ontario,,Persons 45 to 54 years,"Food insecure, severe",35,3.3
2019,Ontario,,Persons 55 to 64 years,Food secure,35,85.0
2019,Ontario,,Persons 55 to 64 years,Food insecure,35,15.0
2019,Ontario,,Persons 55 to 64 years,"Food insecure, marginal",35,3.7
2019,Ontario,,Persons 55 to 64 years,"Food insecure, moderate or severe",35,11.3
2019,Ontario,,Persons 55 to 64 years,"Food insecure, moderate",35,7.2
2019,Ontario,,Persons 55 to 64 years,"Food insecure, severe",35,4.1
2019,Ontario,,Persons 65 years and over,Food secure,35,90.6
2019,Ontario,,Persons 65 years and over,Food insecure,35,9.4
2019,Ontario,,Persons 65 years and over,"Food insecure, marginal",35,3.5
2019,Ontario,,Persons 65 years and over,"Food insecure, moderate or severe",35,5.9
2019,Ontario,,Persons 65 years and over,"Food insecure, moderate",35,4.7
2019,Ontario,,Persons 65 years and over,"Food insecure, severe",35,1.1
2019,Ontario,,Males,Food secure,35,83.3
2019,Ontario,,Males,Food insecure,35,16.7
2019,Ontario,,Males,"Food insecure, marginal",35,5.8
2019,Ontario,,Males,"Food insecure, moderate or severe",35,10.9
2019,Ontario,,Males,"Food insecure, moderate",35,7.5
2019,Ontario,,Males,"Food insecure, severe",35,3.3
2019,Ontario,,"Males, under 18 years",Food secure,35,76.8
2019,Ontario,,"Males, under 18 years",Food insecure,35,23.2
2019,Ontario,,"Males, under 18 years","Food insecure, marginal",35,8.8
2019,Ontario,,"Males, under 18 years","Food insecure, moderate or severe",35,14.4
2019,Ontario,,"Males, under 18 years","Food insecure, moderate",35,11.1
2019,Ontario,,"Males, under 18 years","Food insecure, severe",35,3.3
2019,Ontario,,"Males, 18 to 64 years",Food secure,35,83.5
2019,Ontario,,"Males, 18 to 64 years",Food insecure,35,16.5
2019,Ontario,,"Males, 18 to 64 years","Food insecure, marginal",35,5.5
2019,Ontario,,"Males, 18 to 64 years","Food insecure, moderate or severe",35,11.0
2019,Ontario,,"Males, 18 to 64 years","Food insecure, moderate",35,7.1
2019,Ontario,,"Males, 18 to 64 years","Food insecure, severe",35,3.9
2019,Ontario,,"Males, 65 years and over",Food secure,35,90.8
2019,Ontario,,"Males, 65 years and over",Food insecure,35,9.2
2019,Ontario,,"Males, 65 years and over","Food insecure, marginal",35,3.3
2019,Ontario,,"Males, 65 years and over","Food insecure, moderate or severe",35,5.9
2019,Ontario,,"Males, 65 years and over","Food insecure, moderate",35,4.8
2019,Ontario,,"Males, 65 years and over","Food insecure, severe",35,1.2
2019,Ontario,,Females,Food secure,35,82.1
2019,Ontario,,Females,Food insecure,35,17.9
2019,Ontario,,Females,"Food insecure, marginal",35,5.8
2019,Ontario,,Females,"Food insecure, moderate or severe",35,12.1
2019,Ontario,,Females,"Food insecure, moderate",35,8.4
2019,Ontario,,Females,"Food insecure, severe",35,3.6
2019,Ontario,,"Females, under 18 years",Food secure,35,77.5
2019,Ontario,,"Females, under 18 years",Food insecure,35,22.5
2019,Ontario,,"Females, under 18 years","Food insecure, marginal",35,6.8
2019,Ontario,,"Females, under 18 years","Food insecure, moderate or severe",35,15.6
2019,Ontario,,"Females, under 18 years","Food insecure, moderate",35,11.3
2019,Ontario,,"Females, under 18 years","Food insecure, severe",35,4.4
2019,Ontario,,"Females, 18 to 64 years",Food secure,35,81.1
2019,Ontario,,"Females, 18 to 64 years",Food insecure,35,18.9
2019,Ontario,,"Females, 18 to 64 years","Food insecure, marginal",35,6.1
2019,Ontario,,"Females, 18 to 64 years","Food insecure, moderate or severe",35,12.8
2019,Ontario,,"Females, 18 to 64 years","Food insecure, moderate",35,8.6
2019,Ontario,,"Females, 18 to 64 years","Food insecure, severe",35,4.2
2019,Ontario,,"Females, 65 years and over",Food secure,35,90.4
2019,Ontario,,"Females, 65 years and over",Food insecure,35,9.6
2019,Ontario,,"Females, 65 years and over","Food insecure, marginal",35,3.8
2019,Ontario,,"Females, 65 years and over","Food insecure, moderate or severe",35,5.8
2019,Ontario,,"Females, 65 years and over","Food insecure, moderate",35,4.7
2019,Ontario,,"Females, 65 years and over","Food insecure, severe",35,1.1
2019,Ontario,,Visible minority population,Food secure,35,
2019,Ontario,,Visible minority population,Food insecure,35,
2019,Ontario,,Visible minority population,"Food insecure, marginal",35,
2019,Ontario,,Visible minority population,"Food insecure, moderate or severe",35,
2019,Ontario,,Visible minority population,"Food insecure, moderate",35,
2019,Ontario,,Visible minority population,"Food insecure, severe",35,
2019,Ontario,,South Asian,Food secure,35,
2019,Ontario,,South Asian,Food insecure,35,
2019,Ontario,,South Asian,"Food insecure, marginal",35,
2019,Ontario,,South Asian,"Food insecure, moderate or severe",35,
2019,Ontario,,South Asian,"Food insecure, moderate",35,
2019,Ontario,,South Asian,"Food insecure, severe",35,
2019,Ontario,,Chinese,Food secure,35,
2019,Ontario,,Chinese,Food insecure,35,
2019,Ontario,,Chinese,"Food insecure, marginal",35,
2019,Ontario,,Chinese,"Food insecure, moderate or severe",35,
2019,Ontario,,Chinese,"Food insecure, moderate",35,
2019,Ontario,,Chinese,"Food insecure, severe",35,
2019,Ontario,,Black,Food secure,35,
2019,Ontario,,Black,Food insecure,35,
2019,Ontario,,Black,"Food insecure, marginal",35,
2019,Ontario,,Black,"Food insecure, moderate or severe",35,
2019,Ontario,,Black,"Food insecure, moderate",35,
2019,Ontario,,Black,"Food insecure, severe",35,
2019,Ontario,,Filipino,Food secure,35,
2019,Ontario,,Filipino,Food insecure,35,
2019,Ontario,,Filipino,"Food insecure, marginal",35,
2019,Ontario,,Filipino,"Food insecure, moderate or severe",35,
2019,Ontario,,Filipino,"Food insecure, moderate",35,
2019,Ontario,,Filipino,"Food insecure, severe",35,
2019,Ontario,,Arab,Food secure,35,
2019,Ontario,,Arab,Food insecure,35,
2019,Ontario,,Arab,"Food insecure, marginal",35,
2019,Ontario,,Arab,"Food insecure, moderate or severe",35,
2019,Ontario,,Arab,"Food insecure, moderate",35,
2019,Ontario,,Arab,"Food insecure, severe",35,
2019,Ontario,,Latin American,Food secure,35,
2019,Ontario,,Latin American,Food insecure,35,
2019,Ontario,,Latin American,"Food insecure, marginal",35,
2019,Ontario,,Latin American,"Food insecure, moderate or severe",35,
2019,Ontario,,Latin American,"Food insecure, moderate",35,
2019,Ontario,,Latin American,"Food insecure, severe",35,
2019,Ontario,,Southeast Asian,Food secure,35,
2019,Ontario,,Southeast Asian,Food insecure,35,
2019,Ontario,,Southeast Asian,"Food insecure, marginal",35,
2019,Ontario,,Southeast Asian,"Food insecure, moderate or severe",35,
2019,Ontario,,Southeast Asian,"Food insecure, moderate",35,
2019,Ontario,,Southeast Asian,"Food insecure, severe",35,
2019,Ontario,,Other visible minority,Food secure,35,
2019,Ontario,,Other visible minority,Food insecure,35,
2019,Ontario,,Other visible minority,"Food insecure, marginal",35,
2019,Ontario,,Other visible minority,"Food insecure, moderate or severe",35,
2019,Ontario,,Other visible minority,"Food insecure, moderate",35,
2019,Ontario,,Other visible minority,"Food insecure, severe",35,
2019,Ontario,,Not a visible minority,Food secure,35,
2019,Ontario,,Not a visible minority,Food insecure,35,
2019,Ontario,,Not a visible minority,"Food insecure, marginal",35,
2019,Ontario,,Not a visible minority,"Food insecure, moderate or severe",35,
2019,Ontario,,Not a visible minority,"Food insecure, moderate",35,
2019,Ontario,,Not a visible minority,"Food insecure, severe",35,
2019,Ontario,,Indigenous population,Food secure,35,
2019,Ontario,,Indigenous population,Food insecure,35,
2019,Ontario,,Indigenous population,"Food insecure, marginal",35,
2019,Ontario,,Indigenous population,"Food insecure, moderate or severe",35,
2019,Ontario,,Indigenous population,"Food insecure, moderate",35,
2019,Ontario,,Indigenous population,"Food insecure, severe",35,
2019,Ontario,,Non-Indigenous population,Food secure,35,
2019,Ontario,,Non-Indigenous population,Food insecure,35,
2019,Ontario,,Non-Indigenous population,"Food insecure, marginal",35,
2019,Ontario,,Non-Indigenous population,"Food insecure, moderate or severe",35,
2019,Ontario,,Non-Indigenous population,"Food insecure, moderate",35,
2019,Ontario,,Non-Indigenous population,"Food insecure, severe",35,
2019,Ontario,,Not a visible minority nor Indigenous,Food secure,35,
2019,Ontario,,Not a visible minority nor Indigenous,Food insecure,35,
2019,Ontario,,Not a visible minority nor Indigenous,"Food insecure, marginal",35,
2019,Ontario,,Not a visible minority nor Indigenous,"Food insecure, moderate or severe",35,
2019,Ontario,,Not a visible minority nor Indigenous,"Food insecure, moderate",35,
2019,Ontario,,Not a visible minority nor Indigenous,"Food insecure, severe",35,
2019,Ontario,,All persons aged 15 years and over,Food secure,35,83.9
2019,Ontario,,All persons aged 15 years and over,Food insecure,35,16.1
2019,Ontario,,All persons aged 15 years and over,"Food insecure, marginal",35,5.5
2019,Ontario,,All persons aged 15 years and over,"Food insecure, moderate or severe",35,10.7
2019,Ontario,,All persons aged 15 years and over,"Food insecure, moderate",35,7.3
2019,Ontario,,All persons aged 15 years and over,"Food insecure, severe",35,3.4
2019,Ontario,,Indigenous population aged 15 years and over,Food secure,35,70.8
2019,Ontario,,Indigenous population aged 15 years and over,Food insecure,35,29.2
2019,Ontario,,Indigenous population aged 15 years and over,"Food insecure, marginal",35,
2019,Ontario,,Indigenous population aged 15 years and over,"Food insecure, moderate or severe",35,21.2
2019,Ontario,,Indigenous population aged 15 years and over,"Food insecure, moderate",35,14.3
2019,Ontario,,Indigenous population aged 15 years and over,"Food insecure, severe",35,6.9
2019,Ontario,,First Nations aged 15 years and over,Food secure,35,66.8
2019,Ontario,,First Nations aged 15 years and over,Food insecure,35,33.2
2019,Ontario,,First Nations aged 15 years and over,"Food insecure, marginal",35,
2019,Ontario,,First Nations aged 15 years and over,"Food insecure, moderate or severe",35,22.7
2019,Ontario,,First Nations aged 15 years and over,"Food insecure, moderate",35,16.5
2019,Ontario,,First Nations aged 15 years and over,"Food insecure, severe",35,6.3
2019,Ontario,,Métis aged 15 years and over,Food secure,35,78.8
2019,Ontario,,Métis aged 15 years and over,Food insecure,35,21.2
2019,Ontario,,Métis aged 15 years and over,"Food insecure, marginal",35,
2019,Ontario,,Métis aged 15 years and over,"Food insecure, moderate or severe",35,16.6
2019,Ontario,,Métis aged 15 years and over,"Food insecure, moderate",35,
2019,Ontario,,Métis aged 15 years and over,"Food insecure, severe",35,
2019,Ontario,,Non-Indigenous population aged 15 years and over,Food secure,35,84.1
2019,Ontario,,Non-Indigenous population aged 15 years and over,Food insecure,35,15.9
2019,Ontario,,Non-Indigenous population aged 15 years and over,"Food insecure, marginal",35,5.4
2019,Ontario,,Non-Indigenous population aged 15 years and over,"Food insecure, moderate or severe",35,10.5
2019,Ontario,,Non-Indigenous population aged 15 years and over,"Food insecure, moderate",35,7.2
2019,Ontario,,Non-Indigenous population aged 15 years and over,"Food insecure, severe",35,3.3
2019,Ontario,,Immigrants aged 15 years and over,Food secure,35,81.2
2019,Ontario,,Immigrants aged 15 years and over,Food insecure,35,18.8
2019,Ontario,,Immigrants aged 15 years and over,"Food insecure, marginal",35,6.9
2019,Ontario,,Immigrants aged 15 years and over,"Food insecure, moderate or severe",35,11.9
2019,Ontario,,Immigrants aged 15 years and over,"Food insecure, moderate",35,8.9
2019,Ontario,,Immigrants aged 15 years and over,"Food insecure, severe",35,3.0
2019,Ontario,,Recent immigrants (10 years or less) aged 15 years and over,Food secure,35,74.3
2019,Ontario,,Recent immigrants (10 years or less) aged 15 years and over,Food insecure,35,25.7
2019,Ontario,,Recent immigrants (10 years or less) aged 15 years and over,"Food insecure, marginal",35,10.7
2019,Ontario,,Recent immigrants (10 years or less) aged 15 years and over,"Food insecure, moderate or severe",35,15.0
2019,Ontario,,Recent immigrants (10 years or less) aged 15 years and over,"Food insecure, moderate",35,12.5
2019,Ontario,,Recent immigrants (10 years or less) aged 15 years and over,"Food insecure, severe",35,
2019,Ontario,,Very recent immigrants (5 years or less) aged 15 years and over,Food secure,35,77.6
2019,Ontario,,Very recent immigrants (5 years or less) aged 15 years and over,Food insecure,35,22.4
2019,Ontario,,Very recent immigrants (5 years or less) aged 15 years and over,"Food insecure, marginal",35,9.7
2019,Ontario,,Very recent immigrants (5 years or less) aged 15 years and over,"Food insecure, moderate or severe",35,12.7
2019,Ontario,,Very recent immigrants (5 years or less) aged 15 years and over,"Food insecure, moderate",35,9.9
2019,Ontario,,Very recent immigrants (5 years or less) aged 15 years and over,"Food insecure, severe",35,
2019,Ontario,,Persons aged 15 years and over born in Canada,Food secure,35,85.5
2019,Ontario,,Persons aged 15 years and over born in Canada,Food insecure,35,14.5
2019,Ontario,,Persons aged 15 years and over born in Canada,"Food insecure, marginal",35,4.6
2019,Ontario,,Persons aged 15 years and over born in Canada,"Food insecure, moderate or severe",35,9.9
2019,Ontario,,Persons aged 15 years and over born in Canada,"Food insecure, moderate",35,6.4
2019,Ontario,,Persons aged 15 years and over born in Canada,"Food insecure, severe",35,3.6
2019,Prairie provinces,,All persons,Food secure,,81.7
2019,Prairie provinces,,All persons,Food insecure,,18.3
2019,Prairie provinces,,All persons,"Food insecure, marginal",,5.5
2019,Prairie provinces,,All persons,"Food insecure, moderate or severe",,12.8
2019,Prairie provinces,,All persons,"Food insecure, moderate",,9.1
2019,Prairie provinces,,All persons,"Food insecure, severe",,3.8
2019,Prairie provinces,,Persons under 18 years,Food secure,,78.4
2019,Prairie provinces,,Persons under 18 years,Food insecure,,21.6
2019,Prairie provinces,,Persons under 18 years,"Food insecure, marginal",,7.5
2019,Prairie provinces,,Persons under 18 years,"Food insecure, moderate or severe",,14.1
2019,Prairie provinces,,Persons under 18 years,"Food insecure, moderate",,11.1
2019,Prairie provinces,,Persons under 18 years,"Food insecure, severe",,3.0
2019,Prairie provinces,,Persons 18 to 64 years,Food secure,,80.8
2019,Prairie provinces,,Persons 18 to 64 years,Food insecure,,19.2
2019,Prairie provinces,,Persons 18 to 64 years,"Food insecure, marginal",,5.5
2019,Prairie provinces,,Persons 18 to 64 years,"Food insecure, moderate or severe",,13.7
2019,Prairie provinces,,Persons 18 to 64 years,"Food insecure, moderate",,9.3
2019,Prairie provinces,,Persons 18 to 64 years,"Food insecure, severe",,4.4
2019,Prairie provinces,,Persons 18 to 24 years,Food secure,,77.6
2019,Prairie provinces,,Persons 18 to 24 years,Food insecure,,22.4
2019,Prairie provinces,,Persons 18 to 24 years,"Food insecure, marginal",,7.9
2019,Prairie provinces,,Persons 18 to 24 years,"Food insecure, moderate or severe",,14.4
2019,Prairie provinces,,Persons 18 to 24 years,"Food insecure, moderate",,9.0
2019,Prairie provinces,,Persons 18 to 24 years,"Food insecure, severe",,5.4
2019,Prairie provinces,,Persons 25 to 34 years,Food secure,,80.4
2019,Prairie provinces,,Persons 25 to 34 years,Food insecure,,19.6
2019,Prairie provinces,,Persons 25 to 34 years,"Food insecure, marginal",,5.8
2019,Prairie provinces,,Persons 25 to 34 years,"Food insecure, moderate or severe",,13.8
2019,Prairie provinces,,Persons 25 to 34 years,"Food insecure, moderate",,9.2
2019,Prairie provinces,,Persons 25 to 34 years,"Food insecure, severe",,4.6
2019,Prairie provinces,,Persons 35 to 44 years,Food secure,,78.4
2019,Prairie provinces,,Persons 35 to 44 years,Food insecure,,21.6
2019,Prairie provinces,,Persons 35 to 44 years,"Food insecure, marginal",,5.7
2019,Prairie provinces,,Persons 35 to 44 years,"Food insecure, moderate or severe",,15.9
2019,Prairie provinces,,Persons 35 to 44 years,"Food insecure, moderate",,11.8
2019,Prairie provinces,,Persons 35 to 44 years,"Food insecure, severe",,4.1
2019,Prairie provinces,,Persons 45 to 54 years,Food secure,,81.1
2019,Prairie provinces,,Persons 45 to 54 years,Food insecure,,18.9
2019,Prairie provinces,,Persons 45 to 54 years,"Food insecure, marginal",,5.0
2019,Prairie provinces,,Persons 45 to 54 years,"Food insecure, moderate or severe",,14.0
2019,Prairie provinces,,Persons 45 to 54 years,"Food insecure, moderate",,8.9
2019,Prairie provinces,,Persons 45 to 54 years,"Food insecure, severe",,5.0
2019,Prairie provinces,,Persons 55 to 64 years,Food secure,,85.9
2019,Prairie provinces,,Persons 55 to 64 years,Food insecure,,14.1
2019,Prairie provinces,,Persons 55 to 64 years,"Food insecure, marginal",,3.9
2019,Prairie provinces,,Persons 55 to 64 years,"Food insecure, moderate or severe",,10.3
2019,Prairie provinces,,Persons 55 to 64 years,"Food insecure, moderate",,7.0
2019,Prairie provinces,,Persons 55 to 64 years,"Food insecure, severe",,3.3
2019,Prairie provinces,,Persons 65 years and over,Food secure,,90.9
2019,Prairie provinces,,Persons 65 years and over,Food insecure,,9.1
2019,Prairie provinces,,Persons 65 years and over,"Food insecure, marginal",,2.1
2019,Prairie provinces,,Persons 65 years and over,"Food insecure, moderate or severe",,7.0
2019,Prairie provinces,,Persons 65 years and over,"Food insecure, moderate",,4.9
2019,Prairie provinces,,Persons 65 years and over,"Food insecure, severe",,2.1
2019,Prairie provinces,,Males,Food secure,,81.6
2019,Prairie provinces,,Males,Food insecure,,18.4
2019,Prairie provinces,,Males,"Food insecure, marginal",,5.5
2019,Prairie provinces,,Males,"Food insecure, moderate or severe",,12.9
2019,Prairie provinces,,Males,"Food insecure, moderate",,9.0
2019,Prairie provinces,,Males,"Food insecure, severe",,3.9
2019,Prairie provinces,,"Males, under 18 years",Food secure,,78.3
2019,Prairie provinces,,"Males, under 18 years",Food insecure,,21.7
2019,Prairie provinces,,"Males, under 18 years","Food insecure, marginal",,7.3
2019,Prairie provinces,,"Males, under 18 years","Food insecure, moderate or severe",,14.3
2019,Prairie provinces,,"Males, under 18 years","Food insecure, moderate",,11.5
2019,Prairie provinces,,"Males, under 18 years","Food insecure, severe",,2.9
2019,Prairie provinces,,"Males, 18 to 64 years",Food secure,,80.7
2019,Prairie provinces,,"Males, 18 to 64 years",Food insecure,,19.3
2019,Prairie provinces,,"Males, 18 to 64 years","Food insecure, marginal",,5.5
2019,Prairie provinces,,"Males, 18 to 64 years","Food insecure, moderate or severe",,13.8
2019,Prairie provinces,,"Males, 18 to 64 years","Food insecure, moderate",,9.0
2019,Prairie provinces,,"Males, 18 to 64 years","Food insecure, severe",,4.7
2019,Prairie provinces,,"Males, 65 years and over",Food secure,,91.5
2019,Prairie provinces,,"Males, 65 years and over",Food insecure,,8.5
2019,Prairie provinces,,"Males, 65 years and over","Food insecure, marginal",,2.1
2019,Prairie provinces,,"Males, 65 years and over","Food insecure, moderate or severe",,6.4
2019,Prairie provinces,,"Males, 65 years and over","Food insecure, moderate",,4.5
2019,Prairie provinces,,"Males, 65 years and over","Food insecure, severe",,1.8
2019,Prairie provinces,,Females,Food secure,,81.7
2019,Prairie provinces,,Females,Food insecure,,18.3
2019,Prairie provinces,,Females,"Food insecure, marginal",,5.5
2019,Prairie provinces,,Females,"Food insecure, moderate or severe",,12.8
2019,Prairie provinces,,Females,"Food insecure, moderate",,9.2
2019,Prairie provinces,,Females,"Food insecure, severe",,3.6
2019,Prairie provinces,,"Females, under 18 years",Food secure,,78.4
2019,Prairie provinces,,"Females, under 18 years",Food insecure,,21.6
2019,Prairie provinces,,"Females, under 18 years","Food insecure, marginal",,7.6
2019,Prairie provinces,,"Females, under 18 years","Food insecure, moderate or severe",,13.9
2019,Prairie provinces,,"Females, under 18 years","Food insecure, moderate",,10.8
2019,Prairie provinces,,"Females, under 18 years","Food insecure, severe",,3.1
2019,Prairie provinces,,"Females, 18 to 64 years",Food secure,,80.8
2019,Prairie provinces,,"Females, 18 to 64 years",Food insecure,,19.2
2019,Prairie provinces,,"Females, 18 to 64 years","Food insecure, marginal",,5.6
2019,Prairie provinces,,"Females, 18 to 64 years","Food insecure, moderate or severe",,13.6
2019,Prairie provinces,,"Females, 18 to 64 years","Food insecure, moderate",,9.5
2019,Prairie provinces,,"Females, 18 to 64 years","Food insecure, severe",,4.1
2019,Prairie provinces,,"Females, 65 years and over",Food secure,,90.3
2019,Prairie provinces,,"Females, 65 years and over",Food insecure,,9.7
2019,Prairie provinces,,"Females, 65 years and over","Food insecure, marginal",,2.1
2019,Prairie provinces,,"Females, 65 years and over","Food insecure, moderate or severe",,7.6
2019,Prairie provinces,,"Females, 65 years and over","Food insecure, moderate",,5.3
2019,Prairie provinces,,"Females, 65 years and over","Food insecure, severe",,2.3
2019,Prairie provinces,,Visible minority population,Food secure,,
2019,Prairie provinces,,Visible minority population,Food insecure,,
2019,Prairie provinces,,Visible minority population,"Food insecure, marginal",,
2019,Prairie provinces,,Visible minority population,"Food insecure, moderate or severe",,
2019,Prairie provinces,,Visible minority population,"Food insecure, moderate",,
2019,Prairie provinces,,Visible minority population,"Food insecure, severe",,
2019,Prairie provinces,,South Asian,Food secure,,
2019,Prairie provinces,,South Asian,Food insecure,,
2019,Prairie provinces,,South Asian,"Food insecure, marginal",,
2019,Prairie provinces,,South Asian,"Food insecure, moderate or severe",,
2019,Prairie provinces,,South Asian,"Food insecure, moderate",,
2019,Prairie provinces,,South Asian,"Food insecure, severe",,
2019,Prairie provinces,,Chinese,Food secure,,
2019,Prairie provinces,,Chinese,Food insecure,,
2019,Prairie provinces,,Chinese,"Food insecure, marginal",,
2019,Prairie provinces,,Chinese,"Food insecure, moderate or severe",,
2019,Prairie provinces,,Chinese,"Food insecure, moderate",,
2019,Prairie provinces,,Chinese,"Food insecure, severe",,
2019,Prairie provinces,,Black,Food secure,,
2019,Prairie provinces,,Black,Food insecure,,
2019,Prairie provinces,,Black,"Food insecure, marginal",,
2019,Prairie provinces,,Black,"Food insecure, moderate or severe",,
2019,Prairie provinces,,Black,"Food insecure, moderate",,
2019,Prairie provinces,,Black,"Food insecure, severe",,
2019,Prairie provinces,,Filipino,Food secure,,
2019,Prairie provinces,,Filipino,Food insecure,,
2019,Prairie provinces,,Filipino,"Food insecure, marginal",,
2019,Prairie provinces,,Filipino,"Food insecure, moderate or severe",,
2019,Prairie provinces,,Filipino,"Food insecure, moderate",,
2019,Prairie provinces,,Filipino,"Food insecure, severe",,
2019,Prairie provinces,,Arab,Food secure,,
2019,Prairie provinces,,Arab,Food insecure,,
2019,Prairie provinces,,Arab,"Food insecure, marginal",,
2019,Prairie provinces,,Arab,"Food insecure, moderate or severe",,
2019,Prairie provinces,,Arab,"Food insecure, moderate",,
2019,Prairie provinces,,Arab,"Food insecure, severe",,
2019,Prairie provinces,,Latin American,Food secure,,
2019,Prairie provinces,,Latin American,Food insecure,,
2019,Prairie provinces,,Latin American,"Food insecure, marginal",,
2019,Prairie provinces,,Latin American,"Food insecure, moderate or severe",,
2019,Prairie provinces,,Latin American,"Food insecure, moderate",,
2019,Prairie provinces,,Latin American,"Food insecure, severe",,
2019,Prairie provinces,,Southeast Asian,Food secure,,
2019,Prairie provinces,,Southeast Asian,Food insecure,,
2019,Prairie provinces,,Southeast Asian,"Food insecure, marginal",,
2019,Prairie provinces,,Southeast Asian,"Food insecure, moderate or severe",,
2019,Prairie provinces,,Southeast Asian,"Food insecure, moderate",,
2019,Prairie provinces,,Southeast Asian,"Food insecure, severe",,
2019,Prairie provinces,,Other visible minority,Food secure,,
2019,Prairie provinces,,Other visible minority,Food insecure,,
2019,Prairie provinces,,Other visible minority,"Food insecure, marginal",,
2019,Prairie provinces,,Other visible minority,"Food insecure, moderate or severe",,
2019,Prairie provinces,,Other visible minority,"Food insecure, moderate",,
2019,Prairie provinces,,Other visible minority,"Food insecure, severe",,
2019,Prairie provinces,,Not a visible minority,Food secure,,
2019,Prairie provinces,,Not a visible minority,Food insecure,,
2019,Prairie provinces,,Not a visible minority,"Food insecure, marginal",,
2019,Prairie provinces,,Not a visible minority,"Food insecure, moderate or severe",,
2019,Prairie provinces,,Not a visible minority,"Food insecure, moderate",,
2019,Prairie provinces,,Not a visible minority,"Food insecure, severe",,
2019,Prairie provinces,,Indigenous population,Food secure,,
2019,Prairie provinces,,Indigenous population,Food insecure,,
2019,Prairie provinces,,Indigenous population,"Food insecure, marginal",,
2019,Prairie provinces,,Indigenous population,"Food insecure, moderate or severe",,
2019,Prairie provinces,,Indigenous population,"Food insecure, moderate",,
2019,Prairie provinces,,Indigenous population,"Food insecure, severe",,
2019,Prairie provinces,,Non-Indigenous population,Food secure,,
2019,Prairie provinces,,Non-Indigenous population,Food insecure,,
2019,Prairie provinces,,Non-Indigenous population,"Food insecure, marginal",,
2019,Prairie provinces,,Non-Indigenous population,"Food insecure, moderate or severe",,
2019,Prairie provinces,,Non-Indigenous population,"Food insecure, moderate",,
2019,Prairie provinces,,Non-Indigenous population,"Food insecure, severe",,
2019,Prairie provinces,,Not a visible minority nor Indigenous,Food secure,,
2019,Prairie provinces,,Not a visible minority nor Indigenous,Food insecure,,
2019,Prairie provinces,,Not a visible minority nor Indigenous,"Food insecure, marginal",,
2019,Prairie provinces,,Not a visible minority nor Indigenous,"Food insecure, moderate or severe",,
2019,Prairie provinces,,Not a visible minority nor Indigenous,"Food insecure, moderate",,
2019,Prairie provinces,,Not a visible minority nor Indigenous,"Food insecure, severe",,
2019,Prairie provinces,,All persons aged 15 years and over,Food secure,,82.6
2019,Prairie provinces,,All persons aged 15 years and over,Food insecure,,17.4
2019,Prairie provinces,,All persons aged 15 years and over,"Food insecure, marginal",,4.9
2019,Prairie provinces,,All persons aged 15 years and over,"Food insecure, moderate or severe",,12.5
2019,Prairie provinces,,All persons aged 15 years and over,"Food insecure, moderate",,8.5
2019,Prairie provinces,,All persons aged 15 years and over,"Food insecure, severe",,4.0
2019,Prairie provinces,,Indigenous population aged 15 years and over,Food secure,,68.2
2019,Prairie provinces,,Indigenous population aged 15 years and over,Food insecure,,31.8
2019,Prairie provinces,,Indigenous population aged 15 years and over,"Food insecure, marginal",,5.3
2019,Prairie provinces,,Indigenous population aged 15 years and over,"Food insecure, moderate or severe",,26.5
2019,Prairie provinces,,Indigenous population aged 15 years and over,"Food insecure, moderate",,15.8
2019,Prairie provinces,,Indigenous population aged 15 years and over,"Food insecure, severe",,10.7
2019,Prairie provinces,,First Nations aged 15 years and over,Food secure,,62.5
2019,Prairie provinces,,First Nations aged 15 years and over,Food insecure,,37.5
2019,Prairie provinces,,First Nations aged 15 years and over,"Food insecure, marginal",,
2019,Prairie provinces,,First Nations aged 15 years and over,"Food insecure, moderate or severe",,32.1
2019,Prairie provinces,,First Nations aged 15 years and over,"Food insecure, moderate",,21.3
2019,Prairie provinces,,First Nations aged 15 years and over,"Food insecure, severe",,10.7
2019,Prairie provinces,,Métis aged 15 years and over,Food secure,,71.5
2019,Prairie provinces,,Métis aged 15 years and over,Food insecure,,28.5
2019,Prairie provinces,,Métis aged 15 years and over,"Food insecure, marginal",,5.3
2019,Prairie provinces,,Métis aged 15 years and over,"Food insecure, moderate or severe",,23.1
2019,Prairie provinces,,Métis aged 15 years and over,"Food insecure, moderate",,12.8
2019,Prairie provinces,,Métis aged 15 years and over,"Food insecure, severe",,10.4
2019,Prairie provinces,,Non-Indigenous population aged 15 years and over,Food secure,,83.4
2019,Prairie provinces,,Non-Indigenous population aged 15 years and over,Food insecure,,16.6
2019,Prairie provinces,,Non-Indigenous population aged 15 years and over,"Food insecure, marginal",,4.9
2019,Prairie provinces,,Non-Indigenous population aged 15 years and over,"Food insecure, moderate or severe",,11.7
2019,Prairie provinces,,Non-Indigenous population aged 15 years and over,"Food insecure, moderate",,8.1
2019,Prairie provinces,,Non-Indigenous population aged 15 years and over,"Food insecure, severe",,3.6
2019,Prairie provinces,,Immigrants aged 15 years and over,Food secure,,80.4
2019,Prairie provinces,,Immigrants aged 15 years and over,Food insecure,,19.6
2019,Prairie provinces,,Immigrants aged 15 years and over,"Food insecure, marginal",,6.1
2019,Prairie provinces,,Immigrants aged 15 years and over,"Food insecure, moderate or severe",,13.5
2019,Prairie provinces,,Immigrants aged 15 years and over,"Food insecure, moderate",,11.2
2019,Prairie provinces,,Immigrants aged 15 years and over,"Food insecure, severe",,2.3
2019,Prairie provinces,,Recent immigrants (10 years or less) aged 15 years and over,Food secure,,77.3
2019,Prairie provinces,,Recent immigrants (10 years or less) aged 15 years and over,Food insecure,,22.7
2019,Prairie provinces,,Recent immigrants (10 years or less) aged 15 years and over,"Food insecure, marginal",,7.8
2019,Prairie provinces,,Recent immigrants (10 years or less) aged 15 years and over,"Food insecure, moderate or severe",,14.9
2019,Prairie provinces,,Recent immigrants (10 years or less) aged 15 years and over,"Food insecure, moderate",,13.8
2019,Prairie provinces,,Recent immigrants (10 years or less) aged 15 years and over,"Food insecure, severe",,1.1
2019,Prairie provinces,,Very recent immigrants (5 years or less) aged 15 years and over,Food secure,,78.7
2019,Prairie provinces,,Very recent immigrants (5 years or less) aged 15 years and over,Food insecure,,21.3
2019,Prairie provinces,,Very recent immigrants (5 years or less) aged 15 years and over,"Food insecure, marginal",,
2019,Prairie provinces,,Very recent immigrants (5 years or less) aged 15 years and over,"Food insecure, moderate or severe",,12.0
2019,Prairie provinces,,Very recent immigrants (5 years or less) aged 15 years and over,"Food insecure, moderate",,10.7
2019,Prairie provinces,,Very recent immigrants (5 years or less) aged 15 years and over,"Food insecure, severe",,
2019,Prairie provinces,,Persons aged 15 years and over born in Canada,Food secure,,83.5
2019,Prairie provinces,,Persons aged 15 years and over born in Canada,Food insecure,,16.5
2019,Prairie provinces,,Persons aged 15 years and over born in Canada,"Food insecure, marginal",,4.3
2019,Prairie provinces,,Persons aged 15 years and over born in Canada,"Food insecure, moderate or severe",,12.2
2019,Prairie provinces,,Persons aged 15 years and over born in Canada,"Food insecure, moderate",,7.5
2019,Prairie provinces,,Persons aged 15 years and over born in Canada,"Food insecure, severe",,4.6
2019,Manitoba,,All persons,Food secure,46,81.8
2019,Manitoba,,All persons,Food insecure,46,18.2
2019,Manitoba,,All persons,"Food insecure, marginal",46,5.7
2019,Manitoba,,All persons,"Food insecure, moderate or severe",46,12.5
2019,Manitoba,,All persons,"Food insecure, moderate",46,9.1
2019,Manitoba,,All persons,"Food insecure, severe",46,3.4
2019,Manitoba,,Persons under 18 years,Food secure,46,75.4
2019,Manitoba,,Persons under 18 years,Food insecure,46,24.6
2019,Manitoba,,Persons under 18 years,"Food insecure, marginal",46,8.4
2019,Manitoba,,Persons under 18 years,"Food insecure, moderate or severe",46,16.2
2019,Manitoba,,Persons under 18 years,"Food insecure, moderate",46,12.5
2019,Manitoba,,Persons under 18 years,"Food insecure, severe",46,3.7
2019,Manitoba,,Persons 18 to 64 years,Food secure,46,81.8
2019,Manitoba,,Persons 18 to 64 years,Food insecure,46,18.2
2019,Manitoba,,Persons 18 to 64 years,"Food insecure, marginal",46,5.7
2019,Manitoba,,Persons 18 to 64 years,"Food insecure, moderate or severe",46,12.6
2019,Manitoba,,Persons 18 to 64 years,"Food insecure, moderate",46,8.9
2019,Manitoba,,Persons 18 to 64 years,"Food insecure, severe",46,3.6
2019,Manitoba,,Persons 18 to 24 years,Food secure,46,80.9
2019,Manitoba,,Persons 18 to 24 years,Food insecure,46,19.1
2019,Manitoba,,Persons 18 to 24 years,"Food insecure, marginal",46,9.2
2019,Manitoba,,Persons 18 to 24 years,"Food insecure, moderate or severe",46,9.9
2019,Manitoba,,Persons 18 to 24 years,"Food insecure, moderate",46,7.2
2019,Manitoba,,Persons 18 to 24 years,"Food insecure, severe",46,2.7
2019,Manitoba,,Persons 25 to 34 years,Food secure,46,81.2
2019,Manitoba,,Persons 25 to 34 years,Food insecure,46,18.8
2019,Manitoba,,Persons 25 to 34 years,"Food insecure, marginal",46,5.2
2019,Manitoba,,Persons 25 to 34 years,"Food insecure, moderate or severe",46,13.6
2019,Manitoba,,Persons 25 to 34 years,"Food insecure, moderate",46,9.5
2019,Manitoba,,Persons 25 to 34 years,"Food insecure, severe",46,4.1
2019,Manitoba,,Persons 35 to 44 years,Food secure,46,75.8
2019,Manitoba,,Persons 35 to 44 years,Food insecure,46,24.2
2019,Manitoba,,Persons 35 to 44 years,"Food insecure, marginal",46,7.5
2019,Manitoba,,Persons 35 to 44 years,"Food insecure, moderate or severe",46,16.7
2019,Manitoba,,Persons 35 to 44 years,"Food insecure, moderate",46,11.5
2019,Manitoba,,Persons 35 to 44 years,"Food insecure, severe",46,5.2
2019,Manitoba,,Persons 45 to 54 years,Food secure,46,84.4
2019,Manitoba,,Persons 45 to 54 years,Food insecure,46,15.6
2019,Manitoba,,Persons 45 to 54 years,"Food insecure, marginal",46,4.8
2019,Manitoba,,Persons 45 to 54 years,"Food insecure, moderate or severe",46,10.8
2019,Manitoba,,Persons 45 to 54 years,"Food insecure, moderate",46,8.0
2019,Manitoba,,Persons 45 to 54 years,"Food insecure, severe",46,2.7
2019,Manitoba,,Persons 55 to 64 years,Food secure,46,86.6
2019,Manitoba,,Persons 55 to 64 years,Food insecure,46,13.4
2019,Manitoba,,Persons 55 to 64 years,"Food insecure, marginal",46,2.6
2019,Manitoba,,Persons 55 to 64 years,"Food insecure, moderate or severe",46,10.8
2019,Manitoba,,Persons 55 to 64 years,"Food insecure, moderate",46,7.7
2019,Manitoba,,Persons 55 to 64 years,"Food insecure, severe",46,3.1
2019,Manitoba,,Persons 65 years and over,Food secure,46,90.7
2019,Manitoba,,Persons 65 years and over,Food insecure,46,9.3
2019,Manitoba,,Persons 65 years and over,"Food insecure, marginal",46,2.2
2019,Manitoba,,Persons 65 years and over,"Food insecure, moderate or severe",46,7.1
2019,Manitoba,,Persons 65 years and over,"Food insecure, moderate",46,4.9
2019,Manitoba,,Persons 65 years and over,"Food insecure, severe",46,2.2
2019,Manitoba,,Males,Food secure,46,82.1
2019,Manitoba,,Males,Food insecure,46,17.9
2019,Manitoba,,Males,"Food insecure, marginal",46,5.5
2019,Manitoba,,Males,"Food insecure, moderate or severe",46,12.5
2019,Manitoba,,Males,"Food insecure, moderate",46,9.0
2019,Manitoba,,Males,"Food insecure, severe",46,3.5
2019,Manitoba,,"Males, under 18 years",Food secure,46,75.8
2019,Manitoba,,"Males, under 18 years",Food insecure,46,24.2
2019,Manitoba,,"Males, under 18 years","Food insecure, marginal",46,7.5
2019,Manitoba,,"Males, under 18 years","Food insecure, moderate or severe",46,16.7
2019,Manitoba,,"Males, under 18 years","Food insecure, moderate",46,12.7
2019,Manitoba,,"Males, under 18 years","Food insecure, severe",46,4.0
2019,Manitoba,,"Males, 18 to 64 years",Food secure,46,82.3
2019,Manitoba,,"Males, 18 to 64 years",Food insecure,46,17.7
2019,Manitoba,,"Males, 18 to 64 years","Food insecure, marginal",46,5.4
2019,Manitoba,,"Males, 18 to 64 years","Food insecure, moderate or severe",46,12.3
2019,Manitoba,,"Males, 18 to 64 years","Food insecure, moderate",46,8.7
2019,Manitoba,,"Males, 18 to 64 years","Food insecure, severe",46,3.6
2019,Manitoba,,"Males, 65 years and over",Food secure,46,91.1
2019,Manitoba,,"Males, 65 years and over",Food insecure,46,8.9
2019,Manitoba,,"Males, 65 years and over","Food insecure, marginal",46,2.6
2019,Manitoba,,"Males, 65 years and over","Food insecure, moderate or severe",46,6.3
2019,Manitoba,,"Males, 65 years and over","Food insecure, moderate",46,4.3
2019,Manitoba,,"Males, 65 years and over","Food insecure, severe",46,2.0
2019,Manitoba,,Females,Food secure,46,81.4
2019,Manitoba,,Females,Food insecure,46,18.6
2019,Manitoba,,Females,"Food insecure, marginal",46,6.0
2019,Manitoba,,Females,"Food insecure, moderate or severe",46,12.6
2019,Manitoba,,Females,"Food insecure, moderate",46,9.2
2019,Manitoba,,Females,"Food insecure, severe",46,3.4
2019,Manitoba,,"Females, under 18 years",Food secure,46,74.9
2019,Manitoba,,"Females, under 18 years",Food insecure,46,25.1
2019,Manitoba,,"Females, under 18 years","Food insecure, marginal",46,9.5
2019,Manitoba,,"Females, under 18 years","Food insecure, moderate or severe",46,15.6
2019,Manitoba,,"Females, under 18 years","Food insecure, moderate",46,12.3
2019,Manitoba,,"Females, under 18 years","Food insecure, severe",46,
2019,Manitoba,,"Females, 18 to 64 years",Food secure,46,81.2
2019,Manitoba,,"Females, 18 to 64 years",Food insecure,46,18.8
2019,Manitoba,,"Females, 18 to 64 years","Food insecure, marginal",46,6.0
2019,Manitoba,,"Females, 18 to 64 years","Food insecure, moderate or severe",46,12.8
2019,Manitoba,,"Females, 18 to 64 years","Food insecure, moderate",46,9.1
2019,Manitoba,,"Females, 18 to 64 years","Food insecure, severe",46,3.7
2019,Manitoba,,"Females, 65 years and over",Food secure,46,90.4
2019,Manitoba,,"Females, 65 years and over",Food insecure,46,9.6
2019,Manitoba,,"Females, 65 years and over","Food insecure, marginal",46,1.9
2019,Manitoba,,"Females, 65 years and over","Food insecure, moderate or severe",46,7.7
2019,Manitoba,,"Females, 65 years and over","Food insecure, moderate",46,5.4
2019,Manitoba,,"Females, 65 years and over","Food insecure, severe",46,2.3
2019,Manitoba,,Visible minority population,Food secure,46,
2019,Manitoba,,Visible minority population,Food insecure,46,
2019,Manitoba,,Visible minority population,"Food insecure, marginal",46,
2019,Manitoba,,Visible minority population,"Food insecure, moderate or severe",46,
2019,Manitoba,,Visible minority population,"Food insecure, moderate",46,
2019,Manitoba,,Visible minority population,"Food insecure, severe",46,
2019,Manitoba,,South Asian,Food secure,46,
2019,Manitoba,,South Asian,Food insecure,46,
2019,Manitoba,,South Asian,"Food insecure, marginal",46,
2019,Manitoba,,South Asian,"Food insecure, moderate or severe",46,
2019,Manitoba,,South Asian,"Food insecure, moderate",46,
2019,Manitoba,,South Asian,"Food insecure, severe",46,
2019,Manitoba,,Chinese,Food secure,46,
2019,Manitoba,,Chinese,Food insecure,46,
2019,Manitoba,,Chinese,"Food insecure, marginal",46,
2019,Manitoba,,Chinese,"Food insecure, moderate or severe",46,
2019,Manitoba,,Chinese,"Food insecure, moderate",46,
2019,Manitoba,,Chinese,"Food insecure, severe",46,
2019,Manitoba,,Black,Food secure,46,
2019,Manitoba,,Black,Food insecure,46,
2019,Manitoba,,Black,"Food insecure, marginal",46,
2019,Manitoba,,Black,"Food insecure, moderate or severe",46,
2019,Manitoba,,Black,"Food insecure, moderate",46,
2019,Manitoba,,Black,"Food insecure, severe",46,
2019,Manitoba,,Filipino,Food secure,46,
2019,Manitoba,,Filipino,Food insecure,46,
2019,Manitoba,,Filipino,"Food insecure, marginal",46,
2019,Manitoba,,Filipino,"Food insecure, moderate or severe",46,
2019,Manitoba,,Filipino,"Food insecure, moderate",46,
2019,Manitoba,,Filipino,"Food insecure, severe",46,
2019,Manitoba,,Arab,Food secure,46,
2019,Manitoba,,Arab,Food insecure,46,
2019,Manitoba,,Arab,"Food insecure, marginal",46,
2019,Manitoba,,Arab,"Food insecure, moderate or severe",46,
2019,Manitoba,,Arab,"Food insecure, moderate",46,
2019,Manitoba,,Arab,"Food insecure, severe",46,
2019,Manitoba,,Latin American,Food secure,46,
2019,Manitoba,,Latin American,Food insecure,46,
2019,Manitoba,,Latin American,"Food insecure, marginal",46,
2019,Manitoba,,Latin American,"Food insecure, moderate or severe",46,
2019,Manitoba,,Latin American,"Food insecure, moderate",46,
2019,Manitoba,,Latin American,"Food insecure, severe",46,
2019,Manitoba,,Southeast Asian,Food secure,46,
2019,Manitoba,,Southeast Asian,Food insecure,46,
2019,Manitoba,,Southeast Asian,"Food insecure, marginal",46,
2019,Manitoba,,Southeast Asian,"Food insecure, moderate or severe",46,
2019,Manitoba,,Southeast Asian,"Food insecure, moderate",46,
2019,Manitoba,,Southeast Asian,"Food insecure, severe",46,
2019,Manitoba,,Other visible minority,Food secure,46,
2019,Manitoba,,Other visible minority,Food insecure,46,
2019,Manitoba,,Other visible minority,"Food insecure, marginal",46,
2019,Manitoba,,Other visible minority,"Food insecure, moderate or severe",46,
2019,Manitoba,,Other visible minority,"Food insecure, moderate",46,
2019,Manitoba,,Other visible minority,"Food insecure, severe",46,
2019,Manitoba,,Not a visible minority,Food secure,46,
2019,Manitoba,,Not a visible minority,Food insecure,46,
2019,Manitoba,,Not a visible minority,"Food insecure, marginal",46,
2019,Manitoba,,Not a visible minority,"Food insecure, moderate or severe",46,
2019,Manitoba,,Not a visible minority,"Food insecure, moderate",46,
2019,Manitoba,,Not a visible minority,"Food insecure, severe",46,
2019,Manitoba,,Indigenous population,Food secure,46,
2019,Manitoba,,Indigenous population,Food insecure,46,
2019,Manitoba,,Indigenous population,"Food insecure, marginal",46,
2019,Manitoba,,Indigenous population,"Food insecure, moderate or severe",46,
2019,Manitoba,,Indigenous population,"Food insecure, moderate",46,
2019,Manitoba,,Indigenous population,"Food insecure, severe",46,
2019,Manitoba,,Non-Indigenous population,Food secure,46,
2019,Manitoba,,Non-Indigenous population,Food insecure,46,
2019,Manitoba,,Non-Indigenous population,"Food insecure, marginal",46,
2019,Manitoba,,Non-Indigenous population,"Food insecure, moderate or severe",46,
2019,Manitoba,,Non-Indigenous population,"Food insecure, moderate",46,
2019,Manitoba,,Non-Indigenous population,"Food insecure, severe",46,
2019,Manitoba,,Not a visible minority nor Indigenous,Food secure,46,
2019,Manitoba,,Not a visible minority nor Indigenous,Food insecure,46,
2019,Manitoba,,Not a visible minority nor Indigenous,"Food insecure, marginal",46,
2019,Manitoba,,Not a visible minority nor Indigenous,"Food insecure, moderate or severe",46,
2019,Manitoba,,Not a visible minority nor Indigenous,"Food insecure, moderate",46,
2019,Manitoba,,Not a visible minority nor Indigenous,"Food insecure, severe",46,
2019,Manitoba,,All persons aged 15 years and over,Food secure,46,83.4
2019,Manitoba,,All persons aged 15 years and over,Food insecure,46,16.6
2019,Manitoba,,All persons aged 15 years and over,"Food insecure, marginal",46,5.0
2019,Manitoba,,All persons aged 15 years and over,"Food insecure, moderate or severe",46,11.6
2019,Manitoba,,All persons aged 15 years and over,"Food insecure, moderate",46,8.2
2019,Manitoba,,All persons aged 15 years and over,"Food insecure, severe",46,3.4
2019,Manitoba,,Indigenous population aged 15 years and over,Food secure,46,64.8
2019,Manitoba,,Indigenous population aged 15 years and over,Food insecure,46,35.2
2019,Manitoba,,Indigenous population aged 15 years and over,"Food insecure, marginal",46,6.0
2019,Manitoba,,Indigenous population aged 15 years and over,"Food insecure, moderate or severe",46,29.2
2019,Manitoba,,Indigenous population aged 15 years and over,"Food insecure, moderate",46,16.6
2019,Manitoba,,Indigenous population aged 15 years and over,"Food insecure, severe",46,12.6
2019,Manitoba,,First Nations aged 15 years and over,Food secure,46,57.6
2019,Manitoba,,First Nations aged 15 years and over,Food insecure,46,42.4
2019,Manitoba,,First Nations aged 15 years and over,"Food insecure, marginal",46,
2019,Manitoba,,First Nations aged 15 years and over,"Food insecure, moderate or severe",46,35.4
2019,Manitoba,,First Nations aged 15 years and over,"Food insecure, moderate",46,19.5
2019,Manitoba,,First Nations aged 15 years and over,"Food insecure, severe",46,15.9
2019,Manitoba,,Métis aged 15 years and over,Food secure,46,68.1
2019,Manitoba,,Métis aged 15 years and over,Food insecure,46,31.9
2019,Manitoba,,Métis aged 15 years and over,"Food insecure, marginal",46,5.6
2019,Manitoba,,Métis aged 15 years and over,"Food insecure, moderate or severe",46,26.3
2019,Manitoba,,Métis aged 15 years and over,"Food insecure, moderate",46,15.1
2019,Manitoba,,Métis aged 15 years and over,"Food insecure, severe",46,11.2
2019,Manitoba,,Non-Indigenous population aged 15 years and over,Food secure,46,85.3
2019,Manitoba,,Non-Indigenous population aged 15 years and over,Food insecure,46,14.7
2019,Manitoba,,Non-Indigenous population aged 15 years and over,"Food insecure, marginal",46,4.8
2019,Manitoba,,Non-Indigenous population aged 15 years and over,"Food insecure, moderate or severe",46,9.8
2019,Manitoba,,Non-Indigenous population aged 15 years and over,"Food insecure, moderate",46,7.3
2019,Manitoba,,Non-Indigenous population aged 15 years and over,"Food insecure, severe",46,2.5
2019,Manitoba,,Immigrants aged 15 years and over,Food secure,46,79.4
2019,Manitoba,,Immigrants aged 15 years and over,Food insecure,46,20.6
2019,Manitoba,,Immigrants aged 15 years and over,"Food insecure, marginal",46,7.4
2019,Manitoba,,Immigrants aged 15 years and over,"Food insecure, moderate or severe",46,13.2
2019,Manitoba,,Immigrants aged 15 years and over,"Food insecure, moderate",46,11.7
2019,Manitoba,,Immigrants aged 15 years and over,"Food insecure, severe",46,
2019,Manitoba,,Recent immigrants (10 years or less) aged 15 years and over,Food secure,46,71.9
2019,Manitoba,,Recent immigrants (10 years or less) aged 15 years and over,Food insecure,46,28.1
2019,Manitoba,,Recent immigrants (10 years or less) aged 15 years and over,"Food insecure, marginal",46,
2019,Manitoba,,Recent immigrants (10 years or less) aged 15 years and over,"Food insecure, moderate or severe",46,17.9
2019,Manitoba,,Recent immigrants (10 years or less) aged 15 years and over,"Food insecure, moderate",46,17.2
2019,Manitoba,,Recent immigrants (10 years or less) aged 15 years and over,"Food insecure, severe",46,
2019,Manitoba,,Very recent immigrants (5 years or less) aged 15 years and over,Food secure,46,77.3
2019,Manitoba,,Very recent immigrants (5 years or less) aged 15 years and over,Food insecure,46,22.7
2019,Manitoba,,Very recent immigrants (5 years or less) aged 15 years and over,"Food insecure, marginal",46,
2019,Manitoba,,Very recent immigrants (5 years or less) aged 15 years and over,"Food insecure, moderate or severe",46,13.9
2019,Manitoba,,Very recent immigrants (5 years or less) aged 15 years and over,"Food insecure, moderate",46,13.4
2019,Manitoba,,Very recent immigrants (5 years or less) aged 15 years and over,"Food insecure, severe",46,
2019,Manitoba,,Persons aged 15 years and over born in Canada,Food secure,46,84.7
2019,Manitoba,,Persons aged 15 years and over born in Canada,Food insecure,46,15.3
2019,Manitoba,,Persons aged 15 years and over born in Canada,"Food insecure, marginal",46,4.0
2019,Manitoba,,Persons aged 15 years and over born in Canada,"Food insecure, moderate or severe",46,11.3
2019,Manitoba,,Persons aged 15 years and over born in Canada,"Food insecure, moderate",46,7.2
2019,Manitoba,,Persons aged 15 years and over born in Canada,"Food insecure, severe",46,4.1
2019,Saskatchewan,,All persons,Food secure,47,82.3
2019,Saskatchewan,,All persons,Food insecure,47,17.7
2019,Saskatchewan,,All persons,"Food insecure, marginal",47,5.6
2019,Saskatchewan,,All persons,"Food insecure, moderate or severe",47,12.1
2019,Saskatchewan,,All persons,"Food insecure, moderate",47,8.6
2019,Saskatchewan,,All persons,"Food insecure, severe",47,3.5
2019,Saskatchewan,,Persons under 18 years,Food secure,47,79.4
2019,Saskatchewan,,Persons under 18 years,Food insecure,47,20.6
2019,Saskatchewan,,Persons under 18 years,"Food insecure, marginal",47,6.5
2019,Saskatchewan,,Persons under 18 years,"Food insecure, moderate or severe",47,14.2
2019,Saskatchewan,,Persons under 18 years,"Food insecure, moderate",47,11.4
2019,Saskatchewan,,Persons under 18 years,"Food insecure, severe",47,2.8
2019,Saskatchewan,,Persons 18 to 64 years,Food secure,47,80.4
2019,Saskatchewan,,Persons 18 to 64 years,Food insecure,47,19.6
2019,Saskatchewan,,Persons 18 to 64 years,"Food insecure, marginal",47,6.3
2019,Saskatchewan,,Persons 18 to 64 years,"Food insecure, moderate or severe",47,13.3
2019,Saskatchewan,,Persons 18 to 64 years,"Food insecure, moderate",47,9.0
2019,Saskatchewan,,Persons 18 to 64 years,"Food insecure, severe",47,4.3
2019,Saskatchewan,,Persons 18 to 24 years,Food secure,47,76.2
2019,Saskatchewan,,Persons 18 to 24 years,Food insecure,47,23.8
2019,Saskatchewan,,Persons 18 to 24 years,"Food insecure, marginal",47,
2019,Saskatchewan,,Persons 18 to 24 years,"Food insecure, moderate or severe",47,13.3
2019,Saskatchewan,,Persons 18 to 24 years,"Food insecure, moderate",47,7.9
2019,Saskatchewan,,Persons 18 to 24 years,"Food insecure, severe",47,5.3
2019,Saskatchewan,,Persons 25 to 34 years,Food secure,47,77.9
2019,Saskatchewan,,Persons 25 to 34 years,Food insecure,47,22.1
2019,Saskatchewan,,Persons 25 to 34 years,"Food insecure, marginal",47,6.1
2019,Saskatchewan,,Persons 25 to 34 years,"Food insecure, moderate or severe",47,16.0
2019,Saskatchewan,,Persons 25 to 34 years,"Food insecure, moderate",47,10.7
2019,Saskatchewan,,Persons 25 to 34 years,"Food insecure, severe",47,5.4
2019,Saskatchewan,,Persons 35 to 44 years,Food secure,47,77.5
2019,Saskatchewan,,Persons 35 to 44 years,Food insecure,47,22.5
2019,Saskatchewan,,Persons 35 to 44 years,"Food insecure, marginal",47,7.5
2019,Saskatchewan,,Persons 35 to 44 years,"Food insecure, moderate or severe",47,15.0
2019,Saskatchewan,,Persons 35 to 44 years,"Food insecure, moderate",47,10.4
2019,Saskatchewan,,Persons 35 to 44 years,"Food insecure, severe",47,
2019,Saskatchewan,,Persons 45 to 54 years,Food secure,47,80.7
2019,Saskatchewan,,Persons 45 to 54 years,Food insecure,47,19.3
2019,Saskatchewan,,Persons 45 to 54 years,"Food insecure, marginal",47,6.5
2019,Saskatchewan,,Persons 45 to 54 years,"Food insecure, moderate or severe",47,12.8
2019,Saskatchewan,,Persons 45 to 54 years,"Food insecure, moderate",47,8.9
2019,Saskatchewan,,Persons 45 to 54 years,"Food insecure, severe",47,3.9
2019,Saskatchewan,,Persons 55 to 64 years,Food secure,47,88.7
2019,Saskatchewan,,Persons 55 to 64 years,Food insecure,47,11.3
2019,Saskatchewan,,Persons 55 to 64 years,"Food insecure, marginal",47,
2019,Saskatchewan,,Persons 55 to 64 years,"Food insecure, moderate or severe",47,9.2
2019,Saskatchewan,,Persons 55 to 64 years,"Food insecure, moderate",47,6.6
2019,Saskatchewan,,Persons 55 to 64 years,"Food insecure, severe",47,2.6
2019,Saskatchewan,,Persons 65 years and over,Food secure,47,93.6
2019,Saskatchewan,,Persons 65 years and over,Food insecure,47,6.4
2019,Saskatchewan,,Persons 65 years and over,"Food insecure, marginal",47,
2019,Saskatchewan,,Persons 65 years and over,"Food insecure, moderate or severe",47,4.6
2019,Saskatchewan,,Persons 65 years and over,"Food insecure, moderate",47,3.0
2019,Saskatchewan,,Persons 65 years and over,"Food insecure, severe",47,1.6
2019,Saskatchewan,,Males,Food secure,47,81.4
2019,Saskatchewan,,Males,Food insecure,47,18.6
2019,Saskatchewan,,Males,"Food insecure, marginal",47,5.8
2019,Saskatchewan,,Males,"Food insecure, moderate or severe",47,12.8
2019,Saskatchewan,,Males,"Food insecure, moderate",47,9.2
2019,Saskatchewan,,Males,"Food insecure, severe",47,3.6
2019,Saskatchewan,,"Males, under 18 years",Food secure,47,78.0
2019,Saskatchewan,,"Males, under 18 years",Food insecure,47,22.0
2019,Saskatchewan,,"Males, under 18 years","Food insecure, marginal",47,6.3
2019,Saskatchewan,,"Males, under 18 years","Food insecure, moderate or severe",47,15.6
2019,Saskatchewan,,"Males, under 18 years","Food insecure, moderate",47,13.3
2019,Saskatchewan,,"Males, under 18 years","Food insecure, severe",47,
2019,Saskatchewan,,"Males, 18 to 64 years",Food secure,47,79.4
2019,Saskatchewan,,"Males, 18 to 64 years",Food insecure,47,20.6
2019,Saskatchewan,,"Males, 18 to 64 years","Food insecure, marginal",47,6.8
2019,Saskatchewan,,"Males, 18 to 64 years","Food insecure, moderate or severe",47,13.8
2019,Saskatchewan,,"Males, 18 to 64 years","Food insecure, moderate",47,9.2
2019,Saskatchewan,,"Males, 18 to 64 years","Food insecure, severe",47,4.6
2019,Saskatchewan,,"Males, 65 years and over",Food secure,47,94.8
2019,Saskatchewan,,"Males, 65 years and over",Food insecure,47,5.2
2019,Saskatchewan,,"Males, 65 years and over","Food insecure, marginal",47,
2019,Saskatchewan,,"Males, 65 years and over","Food insecure, moderate or severe",47,4.3
2019,Saskatchewan,,"Males, 65 years and over","Food insecure, moderate",47,
2019,Saskatchewan,,"Males, 65 years and over","Food insecure, severe",47,
2019,Saskatchewan,,Females,Food secure,47,83.2
2019,Saskatchewan,,Females,Food insecure,47,16.8
2019,Saskatchewan,,Females,"Food insecure, marginal",47,5.4
2019,Saskatchewan,,Females,"Food insecure, moderate or severe",47,11.5
2019,Saskatchewan,,Females,"Food insecure, moderate",47,8.0
2019,Saskatchewan,,Females,"Food insecure, severe",47,3.5
2019,Saskatchewan,,"Females, under 18 years",Food secure,47,80.8
2019,Saskatchewan,,"Females, under 18 years",Food insecure,47,19.2
2019,Saskatchewan,,"Females, under 18 years","Food insecure, marginal",47,6.6
2019,Saskatchewan,,"Females, under 18 years","Food insecure, moderate or severe",47,12.7
2019,Saskatchewan,,"Females, under 18 years","Food insecure, moderate",47,9.4
2019,Saskatchewan,,"Females, under 18 years","Food insecure, severe",47,
2019,Saskatchewan,,"Females, 18 to 64 years",Food secure,47,81.5
2019,Saskatchewan,,"Females, 18 to 64 years",Food insecure,47,18.5
2019,Saskatchewan,,"Females, 18 to 64 years","Food insecure, marginal",47,5.7
2019,Saskatchewan,,"Females, 18 to 64 years","Food insecure, moderate or severe",47,12.9
2019,Saskatchewan,,"Females, 18 to 64 years","Food insecure, moderate",47,8.8
2019,Saskatchewan,,"Females, 18 to 64 years","Food insecure, severe",47,4.0
2019,Saskatchewan,,"Females, 65 years and over",Food secure,47,92.6
2019,Saskatchewan,,"Females, 65 years and over",Food insecure,47,7.4
2019,Saskatchewan,,"Females, 65 years and over","Food insecure, marginal",47,2.5
2019,Saskatchewan,,"Females, 65 years and over","Food insecure, moderate or severe",47,4.9
2019,Saskatchewan,,"Females, 65 years and over","Food insecure, moderate",47,2.9
2019,Saskatchewan,,"Females, 65 years and over","Food insecure, severe",47,
2019,Saskatchewan,,Visible minority population,Food secure,47,
2019,Saskatchewan,,Visible minority population,Food insecure,47,
2019,Saskatchewan,,Visible minority population,"Food insecure, marginal",47,
2019,Saskatchewan,,Visible minority population,"Food insecure, moderate or severe",47,
2019,Saskatchewan,,Visible minority population,"Food insecure, moderate",47,
2019,Saskatchewan,,Visible minority population,"Food insecure, severe",47,
2019,Saskatchewan,,South Asian,Food secure,47,
2019,Saskatchewan,,South Asian,Food insecure,47,
2019,Saskatchewan,,South Asian,"Food insecure, marginal",47,
2019,Saskatchewan,,South Asian,"Food insecure, moderate or severe",47,
2019,Saskatchewan,,South Asian,"Food insecure, moderate",47,
2019,Saskatchewan,,South Asian,"Food insecure, severe",47,
2019,Saskatchewan,,Chinese,Food secure,47,
2019,Saskatchewan,,Chinese,Food insecure,47,
2019,Saskatchewan,,Chinese,"Food insecure, marginal",47,
2019,Saskatchewan,,Chinese,"Food insecure, moderate or severe",47,
2019,Saskatchewan,,Chinese,"Food insecure, moderate",47,
2019,Saskatchewan,,Chinese,"Food insecure, severe",47,
2019,Saskatchewan,,Black,Food secure,47,
2019,Saskatchewan,,Black,Food insecure,47,
2019,Saskatchewan,,Black,"Food insecure, marginal",47,
2019,Saskatchewan,,Black,"Food insecure, moderate or severe",47,
2019,Saskatchewan,,Black,"Food insecure, moderate",47,
2019,Saskatchewan,,Black,"Food insecure, severe",47,
2019,Saskatchewan,,Filipino,Food secure,47,
2019,Saskatchewan,,Filipino,Food insecure,47,
2019,Saskatchewan,,Filipino,"Food insecure, marginal",47,
2019,Saskatchewan,,Filipino,"Food insecure, moderate or severe",47,
2019,Saskatchewan,,Filipino,"Food insecure, moderate",47,
2019,Saskatchewan,,Filipino,"Food insecure, severe",47,
2019,Saskatchewan,,Arab,Food secure,47,
2019,Saskatchewan,,Arab,Food insecure,47,
2019,Saskatchewan,,Arab,"Food insecure, marginal",47,
2019,Saskatchewan,,Arab,"Food insecure, moderate or severe",47,
2019,Saskatchewan,,Arab,"Food insecure, moderate",47,
2019,Saskatchewan,,Arab,"Food insecure, severe",47,
2019,Saskatchewan,,Latin American,Food secure,47,
2019,Saskatchewan,,Latin American,Food insecure,47,
2019,Saskatchewan,,Latin American,"Food insecure, marginal",47,
2019,Saskatchewan,,Latin American,"Food insecure, moderate or severe",47,
2019,Saskatchewan,,Latin American,"Food insecure, moderate",47,
2019,Saskatchewan,,Latin American,"Food insecure, severe",47,
2019,Saskatchewan,,Southeast Asian,Food secure,47,
2019,Saskatchewan,,Southeast Asian,Food insecure,47,
2019,Saskatchewan,,Southeast Asian,"Food insecure, marginal",47,
2019,Saskatchewan,,Southeast Asian,"Food insecure, moderate or severe",47,
2019,Saskatchewan,,Southeast Asian,"Food insecure, moderate",47,
2019,Saskatchewan,,Southeast Asian,"Food insecure, severe",47,
2019,Saskatchewan,,Other visible minority,Food secure,47,
2019,Saskatchewan,,Other visible minority,Food insecure,47,
2019,Saskatchewan,,Other visible minority,"Food insecure, marginal",47,
2019,Saskatchewan,,Other visible minority,"Food insecure, moderate or severe",47,
2019,Saskatchewan,,Other visible minority,"Food insecure, moderate",47,
2019,Saskatchewan,,Other visible minority,"Food insecure, severe",47,
2019,Saskatchewan,,Not a visible minority,Food secure,47,
2019,Saskatchewan,,Not a visible minority,Food insecure,47,
2019,Saskatchewan,,Not a visible minority,"Food insecure, marginal",47,
2019,Saskatchewan,,Not a visible minority,"Food insecure, moderate or severe",47,
2019,Saskatchewan,,Not a visible minority,"Food insecure, moderate",47,
2019,Saskatchewan,,Not a visible minority,"Food insecure, severe",47,
2019,Saskatchewan,,Indigenous population,Food secure,47,
2019,Saskatchewan,,Indigenous population,Food insecure,47,
2019,Saskatchewan,,Indigenous population,"Food insecure, marginal",47,
2019,Saskatchewan,,Indigenous population,"Food insecure, moderate or severe",47,
2019,Saskatchewan,,Indigenous population,"Food insecure, moderate",47,
2019,Saskatchewan,,Indigenous population,"Food insecure, severe",47,
2019,Saskatchewan,,Non-Indigenous population,Food secure,47,
2019,Saskatchewan,,Non-Indigenous population,Food insecure,47,
2019,Saskatchewan,,Non-Indigenous population,"Food insecure, marginal",47,
2019,Saskatchewan,,Non-Indigenous population,"Food insecure, moderate or severe",47,
2019,Saskatchewan,,Non-Indigenous population,"Food insecure, moderate",47,
2019,Saskatchewan,,Non-Indigenous population,"Food insecure, severe",47,
2019,Saskatchewan,,Not a visible minority nor Indigenous,Food secure,47,
2019,Saskatchewan,,Not a visible minority nor Indigenous,Food insecure,47,
2019,Saskatchewan,,Not a visible minority nor Indigenous,"Food insecure, marginal",47,
2019,Saskatchewan,,Not a visible minority nor Indigenous,"Food insecure, moderate or severe",47,
2019,Saskatchewan,,Not a visible minority nor Indigenous,"Food insecure, moderate",47,
2019,Saskatchewan,,Not a visible minority nor Indigenous,"Food insecure, severe",47,
2019,Saskatchewan,,All persons aged 15 years and over,Food secure,47,82.9
2019,Saskatchewan,,All persons aged 15 years and over,Food insecure,47,17.1
2019,Saskatchewan,,All persons aged 15 years and over,"Food insecure, marginal",47,5.4
2019,Saskatchewan,,All persons aged 15 years and over,"Food insecure, moderate or severe",47,11.7
2019,Saskatchewan,,All persons aged 15 years and over,"Food insecure, moderate",47,8.0
2019,Saskatchewan,,All persons aged 15 years and over,"Food insecure, severe",47,3.8
2019,Saskatchewan,,Indigenous population aged 15 years and over,Food secure,47,73.0
2019,Saskatchewan,,Indigenous population aged 15 years and over,Food insecure,47,27.0
2019,Saskatchewan,,Indigenous population aged 15 years and over,"Food insecure, marginal",47,
2019,Saskatchewan,,Indigenous population aged 15 years and over,"Food insecure, moderate or severe",47,20.6
2019,Saskatchewan,,Indigenous population aged 15 years and over,"Food insecure, moderate",47,11.7
2019,Saskatchewan,,Indigenous population aged 15 years and over,"Food insecure, severe",47,8.9
2019,Saskatchewan,,First Nations aged 15 years and over,Food secure,47,62.6
2019,Saskatchewan,,First Nations aged 15 years and over,Food insecure,47,37.4
2019,Saskatchewan,,First Nations aged 15 years and over,"Food insecure, marginal",47,
2019,Saskatchewan,,First Nations aged 15 years and over,"Food insecure, moderate or severe",47,28.4
2019,Saskatchewan,,First Nations aged 15 years and over,"Food insecure, moderate",47,16.9
2019,Saskatchewan,,First Nations aged 15 years and over,"Food insecure, severe",47,
2019,Saskatchewan,,Métis aged 15 years and over,Food secure,47,82.3
2019,Saskatchewan,,Métis aged 15 years and over,Food insecure,47,17.7
2019,Saskatchewan,,Métis aged 15 years and over,"Food insecure, marginal",47,
2019,Saskatchewan,,Métis aged 15 years and over,"Food insecure, moderate or severe",47,13.6
2019,Saskatchewan,,Métis aged 15 years and over,"Food insecure, moderate",47,
2019,Saskatchewan,,Métis aged 15 years and over,"Food insecure, severe",47,
2019,Saskatchewan,,Non-Indigenous population aged 15 years and over,Food secure,47,83.7
2019,Saskatchewan,,Non-Indigenous population aged 15 years and over,Food insecure,47,16.3
2019,Saskatchewan,,Non-Indigenous population aged 15 years and over,"Food insecure, marginal",47,5.3
2019,Saskatchewan,,Non-Indigenous population aged 15 years and over,"Food insecure, moderate or severe",47,11.0
2019,Saskatchewan,,Non-Indigenous population aged 15 years and over,"Food insecure, moderate",47,7.7
2019,Saskatchewan,,Non-Indigenous population aged 15 years and over,"Food insecure, severe",47,3.4
2019,Saskatchewan,,Immigrants aged 15 years and over,Food secure,47,78.4
2019,Saskatchewan,,Immigrants aged 15 years and over,Food insecure,47,21.6
2019,Saskatchewan,,Immigrants aged 15 years and over,"Food insecure, marginal",47,
2019,Saskatchewan,,Immigrants aged 15 years and over,"Food insecure, moderate or severe",47,12.0
2019,Saskatchewan,,Immigrants aged 15 years and over,"Food insecure, moderate",47,10.3
2019,Saskatchewan,,Immigrants aged 15 years and over,"Food insecure, severe",47,
2019,Saskatchewan,,Recent immigrants (10 years or less) aged 15 years and over,Food secure,47,73.5
2019,Saskatchewan,,Recent immigrants (10 years or less) aged 15 years and over,Food insecure,47,26.5
2019,Saskatchewan,,Recent immigrants (10 years or less) aged 15 years and over,"Food insecure, marginal",47,
2019,Saskatchewan,,Recent immigrants (10 years or less) aged 15 years and over,"Food insecure, moderate or severe",47,14.3
2019,Saskatchewan,,Recent immigrants (10 years or less) aged 15 years and over,"Food insecure, moderate",47,12.2
2019,Saskatchewan,,Recent immigrants (10 years or less) aged 15 years and over,"Food insecure, severe",47,
2019,Saskatchewan,,Very recent immigrants (5 years or less) aged 15 years and over,Food secure,47,79.7
2019,Saskatchewan,,Very recent immigrants (5 years or less) aged 15 years and over,Food insecure,47,20.3
2019,Saskatchewan,,Very recent immigrants (5 years or less) aged 15 years and over,"Food insecure, marginal",47,
2019,Saskatchewan,,Very recent immigrants (5 years or less) aged 15 years and over,"Food insecure, moderate or severe",47,
2019,Saskatchewan,,Very recent immigrants (5 years or less) aged 15 years and over,"Food insecure, moderate",47,
2019,Saskatchewan,,Very recent immigrants (5 years or less) aged 15 years and over,"Food insecure, severe",47,
2019,Saskatchewan,,Persons aged 15 years and over born in Canada,Food secure,47,83.8
2019,Saskatchewan,,Persons aged 15 years and over born in Canada,Food insecure,47,16.2
2019,Saskatchewan,,Persons aged 15 years and over born in Canada,"Food insecure, marginal",47,4.4
2019,Saskatchewan,,Persons aged 15 years and over born in Canada,"Food insecure, moderate or severe",47,11.7
2019,Saskatchewan,,Persons aged 15 years and over born in Canada,"Food insecure, moderate",47,7.6
2019,Saskatchewan,,Persons aged 15 years and over born in Canada,"Food insecure, severe",47,4.1
2019,Alberta,,All persons,Food secure,48,81.5
2019,Alberta,,All persons,Food insecure,48,18.5
2019,Alberta,,All persons,"Food insecure, marginal",48,5.4
2019,Alberta,,All persons,"Food insecure, moderate or severe",48,13.1
2019,Alberta,,All persons,"Food insecure, moderate",48,9.2
2019,Alberta,,All persons,"Food insecure, severe",48,3.9
2019,Alberta,,Persons under 18 years,Food secure,48,79.0
2019,Alberta,,Persons under 18 years,Food insecure,48,21.0
2019,Alberta,,Persons under 18 years,"Food insecure, marginal",48,7.5
2019,Alberta,,Persons under 18 years,"Food insecure, moderate or severe",48,13.5
2019,Alberta,,Persons under 18 years,"Food insecure, moderate",48,10.7
2019,Alberta,,Persons under 18 years,"Food insecure, severe",48,2.8
2019,Alberta,,Persons 18 to 64 years,Food secure,48,80.6
2019,Alberta,,Persons 18 to 64 years,Food insecure,48,19.4
2019,Alberta,,Persons 18 to 64 years,"Food insecure, marginal",48,5.3
2019,Alberta,,Persons 18 to 64 years,"Food insecure, moderate or severe",48,14.1
2019,Alberta,,Persons 18 to 64 years,"Food insecure, moderate",48,9.4
2019,Alberta,,Persons 18 to 64 years,"Food insecure, severe",48,4.7
2019,Alberta,,Persons 18 to 24 years,Food secure,48,76.9
2019,Alberta,,Persons 18 to 24 years,Food insecure,48,23.1
2019,Alberta,,Persons 18 to 24 years,"Food insecure, marginal",48,
2019,Alberta,,Persons 18 to 24 years,"Food insecure, moderate or severe",48,16.3
2019,Alberta,,Persons 18 to 24 years,"Food insecure, moderate",48,9.9
2019,Alberta,,Persons 18 to 24 years,"Food insecure, severe",48,
2019,Alberta,,Persons 25 to 34 years,Food secure,48,80.7
2019,Alberta,,Persons 25 to 34 years,Food insecure,48,19.3
2019,Alberta,,Persons 25 to 34 years,"Food insecure, marginal",48,6.0
2019,Alberta,,Persons 25 to 34 years,"Food insecure, moderate or severe",48,13.3
2019,Alberta,,Persons 25 to 34 years,"Food insecure, moderate",48,8.8
2019,Alberta,,Persons 25 to 34 years,"Food insecure, severe",48,4.5
2019,Alberta,,Persons 35 to 44 years,Food secure,48,79.3
2019,Alberta,,Persons 35 to 44 years,Food insecure,48,20.7
2019,Alberta,,Persons 35 to 44 years,"Food insecure, marginal",48,4.9
2019,Alberta,,Persons 35 to 44 years,"Food insecure, moderate or severe",48,15.9
2019,Alberta,,Persons 35 to 44 years,"Food insecure, moderate",48,12.1
2019,Alberta,,Persons 35 to 44 years,"Food insecure, severe",48,3.7
2019,Alberta,,Persons 45 to 54 years,Food secure,48,80.2
2019,Alberta,,Persons 45 to 54 years,Food insecure,48,19.8
2019,Alberta,,Persons 45 to 54 years,"Food insecure, marginal",48,4.6
2019,Alberta,,Persons 45 to 54 years,"Food insecure, moderate or severe",48,15.1
2019,Alberta,,Persons 45 to 54 years,"Food insecure, moderate",48,9.2
2019,Alberta,,Persons 45 to 54 years,"Food insecure, severe",48,5.9
2019,Alberta,,Persons 55 to 64 years,Food secure,48,84.9
2019,Alberta,,Persons 55 to 64 years,Food insecure,48,15.1
2019,Alberta,,Persons 55 to 64 years,"Food insecure, marginal",48,
2019,Alberta,,Persons 55 to 64 years,"Food insecure, moderate or severe",48,10.4
2019,Alberta,,Persons 55 to 64 years,"Food insecure, moderate",48,6.9
2019,Alberta,,Persons 55 to 64 years,"Food insecure, severe",48,3.6
2019,Alberta,,Persons 65 years and over,Food secure,48,90.1
2019,Alberta,,Persons 65 years and over,Food insecure,48,9.9
2019,Alberta,,Persons 65 years and over,"Food insecure, marginal",48,2.1
2019,Alberta,,Persons 65 years and over,"Food insecure, moderate or severe",48,7.7
2019,Alberta,,Persons 65 years and over,"Food insecure, moderate",48,5.5
2019,Alberta,,Persons 65 years and over,"Food insecure, severe",48,2.2
2019,Alberta,,Males,Food secure,48,81.6
2019,Alberta,,Males,Food insecure,48,18.4
2019,Alberta,,Males,"Food insecure, marginal",48,5.4
2019,Alberta,,Males,"Food insecure, moderate or severe",48,13.1
2019,Alberta,,Males,"Food insecure, moderate",48,8.9
2019,Alberta,,Males,"Food insecure, severe",48,4.2
2019,Alberta,,"Males, under 18 years",Food secure,48,79.2
2019,Alberta,,"Males, under 18 years",Food insecure,48,20.8
2019,Alberta,,"Males, under 18 years","Food insecure, marginal",48,7.6
2019,Alberta,,"Males, under 18 years","Food insecure, moderate or severe",48,13.2
2019,Alberta,,"Males, under 18 years","Food insecure, moderate",48,10.6
2019,Alberta,,"Males, under 18 years","Food insecure, severe",48,2.6
2019,Alberta,,"Males, 18 to 64 years",Food secure,48,80.6
2019,Alberta,,"Males, 18 to 64 years",Food insecure,48,19.4
2019,Alberta,,"Males, 18 to 64 years","Food insecure, marginal",48,5.2
2019,Alberta,,"Males, 18 to 64 years","Food insecure, moderate or severe",48,14.2
2019,Alberta,,"Males, 18 to 64 years","Food insecure, moderate",48,9.1
2019,Alberta,,"Males, 18 to 64 years","Food insecure, severe",48,5.1
2019,Alberta,,"Males, 65 years and over",Food secure,48,90.7
2019,Alberta,,"Males, 65 years and over",Food insecure,48,9.3
2019,Alberta,,"Males, 65 years and over","Food insecure, marginal",48,
2019,Alberta,,"Males, 65 years and over","Food insecure, moderate or severe",48,7.0
2019,Alberta,,"Males, 65 years and over","Food insecure, moderate",48,5.0
2019,Alberta,,"Males, 65 years and over","Food insecure, severe",48,
2019,Alberta,,Females,Food secure,48,81.4
2019,Alberta,,Females,Food insecure,48,18.6
2019,Alberta,,Females,"Food insecure, marginal",48,5.4
2019,Alberta,,Females,"Food insecure, moderate or severe",48,13.2
2019,Alberta,,Females,"Food insecure, moderate",48,9.5
2019,Alberta,,Females,"Food insecure, severe",48,3.7
2019,Alberta,,"Females, under 18 years",Food secure,48,78.8
2019,Alberta,,"Females, under 18 years",Food insecure,48,21.2
2019,Alberta,,"Females, under 18 years","Food insecure, marginal",48,7.4
2019,Alberta,,"Females, under 18 years","Food insecure, moderate or severe",48,13.8
2019,Alberta,,"Females, under 18 years","Food insecure, moderate",48,10.7
2019,Alberta,,"Females, under 18 years","Food insecure, severe",48,3.0
2019,Alberta,,"Females, 18 to 64 years",Food secure,48,80.5
2019,Alberta,,"Females, 18 to 64 years",Food insecure,48,19.5
2019,Alberta,,"Females, 18 to 64 years","Food insecure, marginal",48,5.5
2019,Alberta,,"Females, 18 to 64 years","Food insecure, moderate or severe",48,14.0
2019,Alberta,,"Females, 18 to 64 years","Food insecure, moderate",48,9.8
2019,Alberta,,"Females, 18 to 64 years","Food insecure, severe",48,4.2
2019,Alberta,,"Females, 65 years and over",Food secure,48,89.6
2019,Alberta,,"Females, 65 years and over",Food insecure,48,10.4
2019,Alberta,,"Females, 65 years and over","Food insecure, marginal",48,
2019,Alberta,,"Females, 65 years and over","Food insecure, moderate or severe",48,8.4
2019,Alberta,,"Females, 65 years and over","Food insecure, moderate",48,6.0
2019,Alberta,,"Females, 65 years and over","Food insecure, severe",48,
2019,Alberta,,Visible minority population,Food secure,48,
2019,Alberta,,Visible minority population,Food insecure,48,
2019,Alberta,,Visible minority population,"Food insecure, marginal",48,
2019,Alberta,,Visible minority population,"Food insecure, moderate or severe",48,
2019,Alberta,,Visible minority population,"Food insecure, moderate",48,
2019,Alberta,,Visible minority population,"Food insecure, severe",48,
2019,Alberta,,South Asian,Food secure,48,
2019,Alberta,,South Asian,Food insecure,48,
2019,Alberta,,South Asian,"Food insecure, marginal",48,
2019,Alberta,,South Asian,"Food insecure, moderate or severe",48,
2019,Alberta,,South Asian,"Food insecure, moderate",48,
2019,Alberta,,South Asian,"Food insecure, severe",48,
2019,Alberta,,Chinese,Food secure,48,
2019,Alberta,,Chinese,Food insecure,48,
2019,Alberta,,Chinese,"Food insecure, marginal",48,
2019,Alberta,,Chinese,"Food insecure, moderate or severe",48,
2019,Alberta,,Chinese,"Food insecure, moderate",48,
2019,Alberta,,Chinese,"Food insecure, severe",48,
2019,Alberta,,Black,Food secure,48,
2019,Alberta,,Black,Food insecure,48,
2019,Alberta,,Black,"Food insecure, marginal",48,
2019,Alberta,,Black,"Food insecure, moderate or severe",48,
2019,Alberta,,Black,"Food insecure, moderate",48,
2019,Alberta,,Black,"Food insecure, severe",48,
2019,Alberta,,Filipino,Food secure,48,
2019,Alberta,,Filipino,Food insecure,48,
2019,Alberta,,Filipino,"Food insecure, marginal",48,
2019,Alberta,,Filipino,"Food insecure, moderate or severe",48,
2019,Alberta,,Filipino,"Food insecure, moderate",48,
2019,Alberta,,Filipino,"Food insecure, severe",48,
2019,Alberta,,Arab,Food secure,48,
2019,Alberta,,Arab,Food insecure,48,
2019,Alberta,,Arab,"Food insecure, marginal",48,
2019,Alberta,,Arab,"Food insecure, moderate or severe",48,
2019,Alberta,,Arab,"Food insecure, moderate",48,
2019,Alberta,,Arab,"Food insecure, severe",48,
2019,Alberta,,Latin American,Food secure,48,
2019,Alberta,,Latin American,Food insecure,48,
2019,Alberta,,Latin American,"Food insecure, marginal",48,
2019,Alberta,,Latin American,"Food insecure, moderate or severe",48,
2019,Alberta,,Latin American,"Food insecure, moderate",48,
2019,Alberta,,Latin American,"Food insecure, severe",48,
2019,Alberta,,Southeast Asian,Food secure,48,
2019,Alberta,,Southeast Asian,Food insecure,48,
2019,Alberta,,Southeast Asian,"Food insecure, marginal",48,
2019,Alberta,,Southeast Asian,"Food insecure, moderate or severe",48,
2019,Alberta,,Southeast Asian,"Food insecure, moderate",48,
2019,Alberta,,Southeast Asian,"Food insecure, severe",48,
2019,Alberta,,Other visible minority,Food secure,48,
2019,Alberta,,Other visible minority,Food insecure,48,
2019,Alberta,,Other visible minority,"Food insecure, marginal",48,
2019,Alberta,,Other visible minority,"Food insecure, moderate or severe",48,
2019,Alberta,,Other visible minority,"Food insecure, moderate",48,
2019,Alberta,,Other visible minority,"Food insecure, severe",48,
2019,Alberta,,Not a visible minority,Food secure,48,
2019,Alberta,,Not a visible minority,Food insecure,48,
2019,Alberta,,Not a visible minority,"Food insecure, marginal",48,
2019,Alberta,,Not a visible minority,"Food insecure, moderate or severe",48,
2019,Alberta,,Not a visible minority,"Food insecure, moderate",48,
2019,Alberta,,Not a visible minority,"Food insecure, severe",48,
2019,Alberta,,Indigenous population,Food secure,48,
2019,Alberta,,Indigenous population,Food insecure,48,
2019,Alberta,,Indigenous population,"Food insecure, marginal",48,
2019,Alberta,,Indigenous population,"Food insecure, moderate or severe",48,
2019,Alberta,,Indigenous population,"Food insecure, moderate",48,
2019,Alberta,,Indigenous population,"Food insecure, severe",48,
2019,Alberta,,Non-Indigenous population,Food secure,48,
2019,Alberta,,Non-Indigenous population,Food insecure,48,
2019,Alberta,,Non-Indigenous population,"Food insecure, marginal",48,
2019,Alberta,,Non-Indigenous population,"Food insecure, moderate or severe",48,
2019,Alberta,,Non-Indigenous population,"Food insecure, moderate",48,
2019,Alberta,,Non-Indigenous population,"Food insecure, severe",48,
2019,Alberta,,Not a visible minority nor Indigenous,Food secure,48,
2019,Alberta,,Not a visible minority nor Indigenous,Food insecure,48,
2019,Alberta,,Not a visible minority nor Indigenous,"Food insecure, marginal",48,
2019,Alberta,,Not a visible minority nor Indigenous,"Food insecure, moderate or severe",48,
2019,Alberta,,Not a visible minority nor Indigenous,"Food insecure, moderate",48,
2019,Alberta,,Not a visible minority nor Indigenous,"Food insecure, severe",48,
2019,Alberta,,All persons aged 15 years and over,Food secure,48,82.3
2019,Alberta,,All persons aged 15 years and over,Food insecure,48,17.7
2019,Alberta,,All persons aged 15 years and over,"Food insecure, marginal",48,4.7
2019,Alberta,,All persons aged 15 years and over,"Food insecure, moderate or severe",48,12.9
2019,Alberta,,All persons aged 15 years and over,"Food insecure, moderate",48,8.7
2019,Alberta,,All persons aged 15 years and over,"Food insecure, severe",48,4.2
2019,Alberta,,Indigenous population aged 15 years and over,Food secure,48,68.3
2019,Alberta,,Indigenous population aged 15 years and over,Food insecure,48,31.7
2019,Alberta,,Indigenous population aged 15 years and over,"Food insecure, marginal",48,
2019,Alberta,,Indigenous population aged 15 years and over,"Food insecure, moderate or severe",48,27.5
2019,Alberta,,Indigenous population aged 15 years and over,"Food insecure, moderate",48,17.4
2019,Alberta,,Indigenous population aged 15 years and over,"Food insecure, severe",48,10.1
2019,Alberta,,First Nations aged 15 years and over,Food secure,48,65.9
2019,Alberta,,First Nations aged 15 years and over,Food insecure,48,34.1
2019,Alberta,,First Nations aged 15 years and over,"Food insecure, marginal",48,
2019,Alberta,,First Nations aged 15 years and over,"Food insecure, moderate or severe",48,32.4
2019,Alberta,,First Nations aged 15 years and over,"Food insecure, moderate",48,25.9
2019,Alberta,,First Nations aged 15 years and over,"Food insecure, severe",48,
2019,Alberta,,Métis aged 15 years and over,Food secure,48,69.7
2019,Alberta,,Métis aged 15 years and over,Food insecure,48,30.3
2019,Alberta,,Métis aged 15 years and over,"Food insecure, marginal",48,
2019,Alberta,,Métis aged 15 years and over,"Food insecure, moderate or severe",48,24.7
2019,Alberta,,Métis aged 15 years and over,"Food insecure, moderate",48,13.3
2019,Alberta,,Métis aged 15 years and over,"Food insecure, severe",48,11.4
2019,Alberta,,Non-Indigenous population aged 15 years and over,Food secure,48,82.8
2019,Alberta,,Non-Indigenous population aged 15 years and over,Food insecure,48,17.2
2019,Alberta,,Non-Indigenous population aged 15 years and over,"Food insecure, marginal",48,4.8
2019,Alberta,,Non-Indigenous population aged 15 years and over,"Food insecure, moderate or severe",48,12.4
2019,Alberta,,Non-Indigenous population aged 15 years and over,"Food insecure, moderate",48,8.4
2019,Alberta,,Non-Indigenous population aged 15 years and over,"Food insecure, severe",48,4.0
2019,Alberta,,Immigrants aged 15 years and over,Food secure,48,81.0
2019,Alberta,,Immigrants aged 15 years and over,Food insecure,48,19.0
2019,Alberta,,Immigrants aged 15 years and over,"Food insecure, marginal",48,5.3
2019,Alberta,,Immigrants aged 15 years and over,"Food insecure, moderate or severe",48,13.7
2019,Alberta,,Immigrants aged 15 years and over,"Food insecure, moderate",48,11.2
2019,Alberta,,Immigrants aged 15 years and over,"Food insecure, severe",48,
2019,Alberta,,Recent immigrants (10 years or less) aged 15 years and over,Food secure,48,79.7
2019,Alberta,,Recent immigrants (10 years or less) aged 15 years and over,Food insecure,48,20.3
2019,Alberta,,Recent immigrants (10 years or less) aged 15 years and over,"Food insecure, marginal",48,
2019,Alberta,,Recent immigrants (10 years or less) aged 15 years and over,"Food insecure, moderate or severe",48,14.2
2019,Alberta,,Recent immigrants (10 years or less) aged 15 years and over,"Food insecure, moderate",48,
2019,Alberta,,Recent immigrants (10 years or less) aged 15 years and over,"Food insecure, severe",48,
2019,Alberta,,Very recent immigrants (5 years or less) aged 15 years and over,Food secure,48,78.8
2019,Alberta,,Very recent immigrants (5 years or less) aged 15 years and over,Food insecure,48,21.2
2019,Alberta,,Very recent immigrants (5 years or less) aged 15 years and over,"Food insecure, marginal",48,
2019,Alberta,,Very recent immigrants (5 years or less) aged 15 years and over,"Food insecure, moderate or severe",48,
2019,Alberta,,Very recent immigrants (5 years or less) aged 15 years and over,"Food insecure, moderate",48,
2019,Alberta,,Very recent immigrants (5 years or less) aged 15 years and over,"Food insecure, severe",48,
2019,Alberta,,Persons aged 15 years and over born in Canada,Food secure,48,83.1
2019,Alberta,,Persons aged 15 years and over born in Canada,Food insecure,48,16.9
2019,Alberta,,Persons aged 15 years and over born in Canada,"Food insecure, marginal",48,4.4
2019,Alberta,,Persons aged 15 years and over born in Canada,"Food insecure, moderate or severe",48,12.6
2019,Alberta,,Persons aged 15 years and over born in Canada,"Food insecure, moderate",48,7.6
2019,Alberta,,Persons aged 15 years and over born in Canada,"Food insecure, severe",48,5.0
2019,British Columbia,,All persons,Food secure,59,83.8
2019,British Columbia,,All persons,Food insecure,59,16.2
2019,British Columbia,,All persons,"Food insecure, marginal",59,4.3
2019,British Columbia,,All persons,"Food insecure, moderate or severe",59,11.9
2019,British Columbia,,All persons,"Food insecure, moderate",59,8.4
2019,British Columbia,,All persons,"Food insecure, severe",59,3.5
2019,British Columbia,,Persons under 18 years,Food secure,59,80.7
2019,British Columbia,,Persons under 18 years,Food insecure,59,19.3
2019,British Columbia,,Persons under 18 years,"Food insecure, marginal",59,5.6
2019,British Columbia,,Persons under 18 years,"Food insecure, moderate or severe",59,13.7
2019,British Columbia,,Persons under 18 years,"Food insecure, moderate",59,10.5
2019,British Columbia,,Persons under 18 years,"Food insecure, severe",59,3.2
2019,British Columbia,,Persons 18 to 64 years,Food secure,59,82.2
2019,British Columbia,,Persons 18 to 64 years,Food insecure,59,17.8
2019,British Columbia,,Persons 18 to 64 years,"Food insecure, marginal",59,4.6
2019,British Columbia,,Persons 18 to 64 years,"Food insecure, moderate or severe",59,13.3
2019,British Columbia,,Persons 18 to 64 years,"Food insecure, moderate",59,9.0
2019,British Columbia,,Persons 18 to 64 years,"Food insecure, severe",59,4.2
2019,British Columbia,,Persons 18 to 24 years,Food secure,59,75.7
2019,British Columbia,,Persons 18 to 24 years,Food insecure,59,24.3
2019,British Columbia,,Persons 18 to 24 years,"Food insecure, marginal",59,
2019,British Columbia,,Persons 18 to 24 years,"Food insecure, moderate or severe",59,17.8
2019,British Columbia,,Persons 18 to 24 years,"Food insecure, moderate",59,15.5
2019,British Columbia,,Persons 18 to 24 years,"Food insecure, severe",59,2.2
2019,British Columbia,,Persons 25 to 34 years,Food secure,59,80.7
2019,British Columbia,,Persons 25 to 34 years,Food insecure,59,19.3
2019,British Columbia,,Persons 25 to 34 years,"Food insecure, marginal",59,4.2
2019,British Columbia,,Persons 25 to 34 years,"Food insecure, moderate or severe",59,15.2
2019,British Columbia,,Persons 25 to 34 years,"Food insecure, moderate",59,9.4
2019,British Columbia,,Persons 25 to 34 years,"Food insecure, severe",59,5.8
2019,British Columbia,,Persons 35 to 44 years,Food secure,59,82.4
2019,British Columbia,,Persons 35 to 44 years,Food insecure,59,17.6
2019,British Columbia,,Persons 35 to 44 years,"Food insecure, marginal",59,5.2
2019,British Columbia,,Persons 35 to 44 years,"Food insecure, moderate or severe",59,12.5
2019,British Columbia,,Persons 35 to 44 years,"Food insecure, moderate",59,8.3
2019,British Columbia,,Persons 35 to 44 years,"Food insecure, severe",59,4.2
2019,British Columbia,,Persons 45 to 54 years,Food secure,59,80.8
2019,British Columbia,,Persons 45 to 54 years,Food insecure,59,19.2
2019,British Columbia,,Persons 45 to 54 years,"Food insecure, marginal",59,5.2
2019,British Columbia,,Persons 45 to 54 years,"Food insecure, moderate or severe",59,14.0
2019,British Columbia,,Persons 45 to 54 years,"Food insecure, moderate",59,9.2
2019,British Columbia,,Persons 45 to 54 years,"Food insecure, severe",59,4.8
2019,British Columbia,,Persons 55 to 64 years,Food secure,59,88.9
2019,British Columbia,,Persons 55 to 64 years,Food insecure,59,11.1
2019,British Columbia,,Persons 55 to 64 years,"Food insecure, marginal",59,2.5
2019,British Columbia,,Persons 55 to 64 years,"Food insecure, moderate or severe",59,8.6
2019,British Columbia,,Persons 55 to 64 years,"Food insecure, moderate",59,5.2
2019,British Columbia,,Persons 55 to 64 years,"Food insecure, severe",59,3.5
2019,British Columbia,,Persons 65 years and over,Food secure,59,92.5
2019,British Columbia,,Persons 65 years and over,Food insecure,59,7.5
2019,British Columbia,,Persons 65 years and over,"Food insecure, marginal",59,2.3
2019,British Columbia,,Persons 65 years and over,"Food insecure, moderate or severe",59,5.2
2019,British Columbia,,Persons 65 years and over,"Food insecure, moderate",59,4.0
2019,British Columbia,,Persons 65 years and over,"Food insecure, severe",59,1.3
2019,British Columbia,,Males,Food secure,59,84.0
2019,British Columbia,,Males,Food insecure,59,16.0
2019,British Columbia,,Males,"Food insecure, marginal",59,4.3
2019,British Columbia,,Males,"Food insecure, moderate or severe",59,11.7
2019,British Columbia,,Males,"Food insecure, moderate",59,8.4
2019,British Columbia,,Males,"Food insecure, severe",59,3.4
2019,British Columbia,,"Males, under 18 years",Food secure,59,80.5
2019,British Columbia,,"Males, under 18 years",Food insecure,59,19.5
2019,British Columbia,,"Males, under 18 years","Food insecure, marginal",59,6.4
2019,British Columbia,,"Males, under 18 years","Food insecure, moderate or severe",59,13.1
2019,British Columbia,,"Males, under 18 years","Food insecure, moderate",59,9.5
2019,British Columbia,,"Males, under 18 years","Food insecure, severe",59,3.6
2019,British Columbia,,"Males, 18 to 64 years",Food secure,59,82.5
2019,British Columbia,,"Males, 18 to 64 years",Food insecure,59,17.5
2019,British Columbia,,"Males, 18 to 64 years","Food insecure, marginal",59,4.2
2019,British Columbia,,"Males, 18 to 64 years","Food insecure, moderate or severe",59,13.2
2019,British Columbia,,"Males, 18 to 64 years","Food insecure, moderate",59,9.4
2019,British Columbia,,"Males, 18 to 64 years","Food insecure, severe",59,3.9
2019,British Columbia,,"Males, 65 years and over",Food secure,59,92.9
2019,British Columbia,,"Males, 65 years and over",Food insecure,59,7.1
2019,British Columbia,,"Males, 65 years and over","Food insecure, marginal",59,2.3
2019,British Columbia,,"Males, 65 years and over","Food insecure, moderate or severe",59,4.8
2019,British Columbia,,"Males, 65 years and over","Food insecure, moderate",59,3.5
2019,British Columbia,,"Males, 65 years and over","Food insecure, severe",59,
2019,British Columbia,,Females,Food secure,59,83.7
2019,British Columbia,,Females,Food insecure,59,16.3
2019,British Columbia,,Females,"Food insecure, marginal",59,4.3
2019,British Columbia,,Females,"Food insecure, moderate or severe",59,12.0
2019,British Columbia,,Females,"Food insecure, moderate",59,8.3
2019,British Columbia,,Females,"Food insecure, severe",59,3.7
2019,British Columbia,,"Females, under 18 years",Food secure,59,81.0
2019,British Columbia,,"Females, under 18 years",Food insecure,59,19.0
2019,British Columbia,,"Females, under 18 years","Food insecure, marginal",59,4.7
2019,British Columbia,,"Females, under 18 years","Food insecure, moderate or severe",59,14.4
2019,British Columbia,,"Females, under 18 years","Food insecure, moderate",59,11.6
2019,British Columbia,,"Females, under 18 years","Food insecure, severe",59,2.8
2019,British Columbia,,"Females, 18 to 64 years",Food secure,59,81.8
2019,British Columbia,,"Females, 18 to 64 years",Food insecure,59,18.2
2019,British Columbia,,"Females, 18 to 64 years","Food insecure, marginal",59,4.9
2019,British Columbia,,"Females, 18 to 64 years","Food insecure, moderate or severe",59,13.3
2019,British Columbia,,"Females, 18 to 64 years","Food insecure, moderate",59,8.7
2019,British Columbia,,"Females, 18 to 64 years","Food insecure, severe",59,4.6
2019,British Columbia,,"Females, 65 years and over",Food secure,59,92.2
2019,British Columbia,,"Females, 65 years and over",Food insecure,59,7.8
2019,British Columbia,,"Females, 65 years and over","Food insecure, marginal",59,2.2
2019,British Columbia,,"Females, 65 years and over","Food insecure, moderate or severe",59,5.6
2019,British Columbia,,"Females, 65 years and over","Food insecure, moderate",59,4.3
2019,British Columbia,,"Females, 65 years and over","Food insecure, severe",59,
2019,British Columbia,,Visible minority population,Food secure,59,
2019,British Columbia,,Visible minority population,Food insecure,59,
2019,British Columbia,,Visible minority population,"Food insecure, marginal",59,
2019,British Columbia,,Visible minority population,"Food insecure, moderate or severe",59,
2019,British Columbia,,Visible minority population,"Food insecure, moderate",59,
2019,British Columbia,,Visible minority population,"Food insecure, severe",59,
2019,British Columbia,,South Asian,Food secure,59,
2019,British Columbia,,South Asian,Food insecure,59,
2019,British Columbia,,South Asian,"Food insecure, marginal",59,
2019,British Columbia,,South Asian,"Food insecure, moderate or severe",59,
2019,British Columbia,,South Asian,"Food insecure, moderate",59,
2019,British Columbia,,South Asian,"Food insecure, severe",59,
2019,British Columbia,,Chinese,Food secure,59,
2019,British Columbia,,Chinese,Food insecure,59,
2019,British Columbia,,Chinese,"Food insecure, marginal",59,
2019,British Columbia,,Chinese,"Food insecure, moderate or severe",59,
2019,British Columbia,,Chinese,"Food insecure, moderate",59,
2019,British Columbia,,Chinese,"Food insecure, severe",59,
2019,British Columbia,,Black,Food secure,59,
2019,British Columbia,,Black,Food insecure,59,
2019,British Columbia,,Black,"Food insecure, marginal",59,
2019,British Columbia,,Black,"Food insecure, moderate or severe",59,
2019,British Columbia,,Black,"Food insecure, moderate",59,
2019,British Columbia,,Black,"Food insecure, severe",59,
2019,British Columbia,,Filipino,Food secure,59,
2019,British Columbia,,Filipino,Food insecure,59,
2019,British Columbia,,Filipino,"Food insecure, marginal",59,
2019,British Columbia,,Filipino,"Food insecure, moderate or severe",59,
2019,British Columbia,,Filipino,"Food insecure, moderate",59,
2019,British Columbia,,Filipino,"Food insecure, severe",59,
2019,British Columbia,,Arab,Food secure,59,
2019,British Columbia,,Arab,Food insecure,59,
2019,British Columbia,,Arab,"Food insecure, marginal",59,
2019,British Columbia,,Arab,"Food insecure, moderate or severe",59,
2019,British Columbia,,Arab,"Food insecure, moderate",59,
2019,British Columbia,,Arab,"Food insecure, severe",59,
2019,British Columbia,,Latin American,Food secure,59,
2019,British Columbia,,Latin American,Food insecure,59,
2019,British Columbia,,Latin American,"Food insecure, marginal",59,
2019,British Columbia,,Latin American,"Food insecure, moderate or severe",59,
2019,British Columbia,,Latin American,"Food insecure, moderate",59,
2019,British Columbia,,Latin American,"Food insecure, severe",59,
2019,British Columbia,,Southeast Asian,Food secure,59,
2019,British Columbia,,Southeast Asian,Food insecure,59,
2019,British Columbia,,Southeast Asian,"Food insecure, marginal",59,
2019,British Columbia,,Southeast Asian,"Food insecure, moderate or severe",59,
2019,British Columbia,,Southeast Asian,"Food insecure, moderate",59,
2019,British Columbia,,Southeast Asian,"Food insecure, severe",59,
2019,British Columbia,,Other visible minority,Food secure,59,
2019,British Columbia,,Other visible minority,Food insecure,59,
2019,British Columbia,,Other visible minority,"Food insecure, marginal",59,
2019,British Columbia,,Other visible minority,"Food insecure, moderate or severe",59,
2019,British Columbia,,Other visible minority,"Food insecure, moderate",59,
2019,British Columbia,,Other visible minority,"Food insecure, severe",59,
2019,British Columbia,,Not a visible minority,Food secure,59,
2019,British Columbia,,Not a visible minority,Food insecure,59,
2019,British Columbia,,Not a visible minority,"Food insecure, marginal",59,
2019,British Columbia,,Not a visible minority,"Food insecure, moderate or severe",59,
2019,British Columbia,,Not a visible minority,"Food insecure, moderate",59,
2019,British Columbia,,Not a visible minority,"Food insecure, severe",59,
2019,British Columbia,,Indigenous population,Food secure,59,
2019,British Columbia,,Indigenous population,Food insecure,59,
2019,British Columbia,,Indigenous population,"Food insecure, marginal",59,
2019,British Columbia,,Indigenous population,"Food insecure, moderate or severe",59,
2019,British Columbia,,Indigenous population,"Food insecure, moderate",59,
2019,British Columbia,,Indigenous population,"Food insecure, severe",59,
2019,British Columbia,,Non-Indigenous population,Food secure,59,
2019,British Columbia,,Non-Indigenous population,Food insecure,59,
2019,British Columbia,,Non-Indigenous population,"Food insecure, marginal",59,
2019,British Columbia,,Non-Indigenous population,"Food insecure, moderate or severe",59,
2019,British Columbia,,Non-Indigenous population,"Food insecure, moderate",59,
2019,British Columbia,,Non-Indigenous population,"Food insecure, severe",59,
2019,British Columbia,,Not a visible minority nor Indigenous,Food secure,59,
2019,British Columbia,,Not a visible minority nor Indigenous,Food insecure,59,
2019,British Columbia,,Not a visible minority nor Indigenous,"Food insecure, marginal",59,
2019,British Columbia,,Not a visible minority nor Indigenous,"Food insecure, moderate or severe",59,
2019,British Columbia,,Not a visible minority nor Indigenous,"Food insecure, moderate",59,
2019,British Columbia,,Not a visible minority nor Indigenous,"Food insecure, severe",59,
2019,British Columbia,,All persons aged 15 years and over,Food secure,59,84.4
2019,British Columbia,,All persons aged 15 years and over,Food insecure,59,15.6
2019,British Columbia,,All persons aged 15 years and over,"Food insecure, marginal",59,4.0
2019,British Columbia,,All persons aged 15 years and over,"Food insecure, moderate or severe",59,11.6
2019,British Columbia,,All persons aged 15 years and over,"Food insecure, moderate",59,8.0
2019,British Columbia,,All persons aged 15 years and over,"Food insecure, severe",59,3.5
2019,British Columbia,,Indigenous population aged 15 years and over,Food secure,59,74.4
2019,British Columbia,,Indigenous population aged 15 years and over,Food insecure,59,25.6
2019,British Columbia,,Indigenous population aged 15 years and over,"Food insecure, marginal",59,6.6
2019,British Columbia,,Indigenous population aged 15 years and over,"Food insecure, moderate or severe",59,18.9
2019,British Columbia,,Indigenous population aged 15 years and over,"Food insecure, moderate",59,10.7
2019,British Columbia,,Indigenous population aged 15 years and over,"Food insecure, severe",59,8.3
2019,British Columbia,,First Nations aged 15 years and over,Food secure,59,73.7
2019,British Columbia,,First Nations aged 15 years and over,Food insecure,59,26.3
2019,British Columbia,,First Nations aged 15 years and over,"Food insecure, marginal",59,
2019,British Columbia,,First Nations aged 15 years and over,"Food insecure, moderate or severe",59,21.4
2019,British Columbia,,First Nations aged 15 years and over,"Food insecure, moderate",59,13.9
2019,British Columbia,,First Nations aged 15 years and over,"Food insecure, severe",59,7.5
2019,British Columbia,,Métis aged 15 years and over,Food secure,59,74.8
2019,British Columbia,,Métis aged 15 years and over,Food insecure,59,25.2
2019,British Columbia,,Métis aged 15 years and over,"Food insecure, marginal",59,9.4
2019,British Columbia,,Métis aged 15 years and over,"Food insecure, moderate or severe",59,15.9
2019,British Columbia,,Métis aged 15 years and over,"Food insecure, moderate",59,
2019,British Columbia,,Métis aged 15 years and over,"Food insecure, severe",59,
2019,British Columbia,,Non-Indigenous population aged 15 years and over,Food secure,59,84.8
2019,British Columbia,,Non-Indigenous population aged 15 years and over,Food insecure,59,15.2
2019,British Columbia,,Non-Indigenous population aged 15 years and over,"Food insecure, marginal",59,3.9
2019,British Columbia,,Non-Indigenous population aged 15 years and over,"Food insecure, moderate or severe",59,11.3
2019,British Columbia,,Non-Indigenous population aged 15 years and over,"Food insecure, moderate",59,7.9
2019,British Columbia,,Non-Indigenous population aged 15 years and over,"Food insecure, severe",59,3.4
2019,British Columbia,,Immigrants aged 15 years and over,Food secure,59,84.7
2019,British Columbia,,Immigrants aged 15 years and over,Food insecure,59,15.3
2019,British Columbia,,Immigrants aged 15 years and over,"Food insecure, marginal",59,4.6
2019,British Columbia,,Immigrants aged 15 years and over,"Food insecure, moderate or severe",59,10.7
2019,British Columbia,,Immigrants aged 15 years and over,"Food insecure, moderate",59,9.3
2019,British Columbia,,Immigrants aged 15 years and over,"Food insecure, severe",59,1.4
2019,British Columbia,,Recent immigrants (10 years or less) aged 15 years and over,Food secure,59,72.2
2019,British Columbia,,Recent immigrants (10 years or less) aged 15 years and over,Food insecure,59,27.8
2019,British Columbia,,Recent immigrants (10 years or less) aged 15 years and over,"Food insecure, marginal",59,
2019,British Columbia,,Recent immigrants (10 years or less) aged 15 years and over,"Food insecure, moderate or severe",59,19.2
2019,British Columbia,,Recent immigrants (10 years or less) aged 15 years and over,"Food insecure, moderate",59,17.1
2019,British Columbia,,Recent immigrants (10 years or less) aged 15 years and over,"Food insecure, severe",59,
2019,British Columbia,,Very recent immigrants (5 years or less) aged 15 years and over,Food secure,59,67.6
2019,British Columbia,,Very recent immigrants (5 years or less) aged 15 years and over,Food insecure,59,32.4
2019,British Columbia,,Very recent immigrants (5 years or less) aged 15 years and over,"Food insecure, marginal",59,
2019,British Columbia,,Very recent immigrants (5 years or less) aged 15 years and over,"Food insecure, moderate or severe",59,24.2
2019,British Columbia,,Very recent immigrants (5 years or less) aged 15 years and over,"Food insecure, moderate",59,21.2
2019,British Columbia,,Very recent immigrants (5 years or less) aged 15 years and over,"Food insecure, severe",59,
2019,British Columbia,,Persons aged 15 years and over born in Canada,Food secure,59,85.0
2019,British Columbia,,Persons aged 15 years and over born in Canada,Food insecure,59,15.0
2019,British Columbia,,Persons aged 15 years and over born in Canada,"Food insecure, marginal",59,3.5
2019,British Columbia,,Persons aged 15 years and over born in Canada,"Food insecure, moderate or severe",59,11.5
2019,British Columbia,,Persons aged 15 years and over born in Canada,"Food insecure, moderate",59,6.8
2019,British Columbia,,Persons aged 15 years and over born in Canada,"Food insecure, severe",59,4.7
2020,Canada,,Persons under 18 years,Food secure,,80.4
2020,Canada,,Persons under 18 years,Food insecure,,19.6
2020,Canada,,Persons under 18 years,"Food insecure, marginal",,6.0
2020,Canada,,Persons under 18 years,"Food insecure, moderate",,9.8
2020,Canada,,Persons under 18 years,"Food insecure, severe",,3.8
2020,Canada,,Persons 18 to 64 years,Food secure,,83.4
2020,Canada,,Persons 18 to 64 years,Food insecure,,16.6
2020,Canada,,Persons 18 to 64 years,"Food insecure, marginal",,4.6
2020,Canada,,Persons 18 to 64 years,"Food insecure, moderate",,7.9
2020,Canada,,Persons 18 to 64 years,"Food insecure, severe",,4.1
2020,Canada,,Persons 18 to 24 years,Food secure,,82.0
2020,Canada,,Persons 18 to 24 years,Food insecure,,18.0
2020,Canada,,Persons 18 to 24 years,"Food insecure, marginal",,4.3
2020,Canada,,Persons 18 to 24 years,"Food insecure, moderate",,9.4
2020,Canada,,Persons 18 to 24 years,"Food insecure, severe",,4.3
2020,Canada,,Persons 25 to 34 years,Food secure,,82.7
2020,Canada,,Persons 25 to 34 years,Food insecure,,17.3
2020,Canada,,Persons 25 to 34 years,"Food insecure, marginal",,4.5
2020,Canada,,Persons 25 to 34 years,"Food insecure, moderate",,8.4
2020,Canada,,Persons 25 to 34 years,"Food insecure, severe",,4.4
2020,Canada,,Persons 35 to 44 years,Food secure,,81.7
2020,Canada,,Persons 35 to 44 years,Food insecure,,18.3
2020,Canada,,Persons 35 to 44 years,"Food insecure, marginal",,5.7
2020,Canada,,Persons 35 to 44 years,"Food insecure, moderate",,8.8
2020,Canada,,Persons 35 to 44 years,"Food insecure, severe",,3.9
2020,Canada,,Persons 45 to 54 years,Food secure,,83.6
2020,Canada,,Persons 45 to 54 years,Food insecure,,16.4
2020,Canada,,Persons 45 to 54 years,"Food insecure, marginal",,4.5
2020,Canada,,Persons 45 to 54 years,"Food insecure, moderate",,7.5
2020,Canada,,Persons 45 to 54 years,"Food insecure, severe",,4.5
2020,Canada,,Persons 55 to 64 years,Food secure,,86.6
2020,Canada,,Persons 55 to 64 years,Food insecure,,13.4
2020,Canada,,Persons 55 to 64 years,"Food insecure, marginal",,3.9
2020,Canada,,Persons 55 to 64 years,"Food insecure, moderate",,6.0
2020,Canada,,Persons 55 to 64 years,"Food insecure, severe",,3.5
2020,Canada,,Persons 65 years and over,Food secure,,91.3
2020,Canada,,Persons 65 years and over,Food insecure,,8.7
2020,Canada,,Persons 65 years and over,"Food insecure, marginal",,3.0
2020,Canada,,Persons 65 years and over,"Food insecure, moderate",,4.1
2020,Canada,,Persons 65 years and over,"Food insecure, severe",,1.6
2020,Canada,,Males,Food secure,,84.7
2020,Canada,,Males,Food insecure,,15.3
2020,Canada,,Males,"Food insecure, marginal",,4.5
2020,Canada,,Males,"Food insecure, moderate",,7.3
2020,Canada,,Males,"Food insecure, severe",,3.5
2020,Canada,,"Males, under 18 years",Food secure,,80.2
2020,Canada,,"Males, under 18 years",Food insecure,,19.8
2020,Canada,,"Males, under 18 years","Food insecure, marginal",,6.3
2020,Canada,,"Males, under 18 years","Food insecure, moderate",,9.6
2020,Canada,,"Males, under 18 years","Food insecure, severe",,3.9
2020,Canada,,"Males, 18 to 64 years",Food secure,,84.1
2020,Canada,,"Males, 18 to 64 years",Food insecure,,15.9
2020,Canada,,"Males, 18 to 64 years","Food insecure, marginal",,4.4
2020,Canada,,"Males, 18 to 64 years","Food insecure, moderate",,7.5
2020,Canada,,"Males, 18 to 64 years","Food insecure, severe",,3.9
2020,Canada,,"Males, 65 years and over",Food secure,,91.8
2020,Canada,,"Males, 65 years and over",Food insecure,,8.2
2020,Canada,,"Males, 65 years and over","Food insecure, marginal",,3.0
2020,Canada,,"Males, 65 years and over","Food insecure, moderate",,4.0
2020,Canada,,"Males, 65 years and over","Food insecure, severe",,1.3
2020,Canada,,Females,Food secure,,83.9
2020,Canada,,Females,Food insecure,,16.1
2020,Canada,,Females,"Food insecure, marginal",,4.6
2020,Canada,,Females,"Food insecure, moderate",,7.8
2020,Canada,,Females,"Food insecure, severe",,3.7
2020,Canada,,"Females, under 18 years",Food secure,,80.7
2020,Canada,,"Females, under 18 years",Food insecure,,19.3
2020,Canada,,"Females, under 18 years","Food insecure, marginal",,5.7
2020,Canada,,"Females, under 18 years","Food insecure, moderate",,10.0
2020,Canada,,"Females, under 18 years","Food insecure, severe",,3.6
2020,Canada,,"Females, 18 to 64 years",Food secure,,82.7
2020,Canada,,"Females, 18 to 64 years",Food insecure,,17.3
2020,Canada,,"Females, 18 to 64 years","Food insecure, marginal",,4.7
2020,Canada,,"Females, 18 to 64 years","Food insecure, moderate",,8.3
2020,Canada,,"Females, 18 to 64 years","Food insecure, severe",,4.3
2020,Canada,,"Females, 65 years and over",Food secure,,90.9
2020,Canada,,"Females, 65 years and over",Food insecure,,9.1
2020,Canada,,"Females, 65 years and over","Food insecure, marginal",,3.1
2020,Canada,,"Females, 65 years and over","Food insecure, moderate",,4.2
2020,Canada,,"Females, 65 years and over","Food insecure, severe",,1.8
2020,Canada,,Visible minority population,Food secure,,79.3
2020,Canada,,Visible minority population,Food insecure,,20.7
2020,Canada,,Visible minority population,"Food insecure, marginal",,6.0
2020,Canada,,Visible minority population,"Food insecure, moderate",,11.0
2020,Canada,,Visible minority population,"Food insecure, severe",,3.6
2020,Canada,,South Asian,Food secure,,84.3
2020,Canada,,South Asian,Food insecure,,15.7
2020,Canada,,South Asian,"Food insecure, marginal",,5.3
2020,Canada,,South Asian,"Food insecure, moderate",,8.3
2020,Canada,,South Asian,"Food insecure, severe",,2.1
2020,Canada,,Chinese,Food secure,,85.1
2020,Canada,,Chinese,Food insecure,,14.9
2020,Canada,,Chinese,"Food insecure, marginal",,5.8
2020,Canada,,Chinese,"Food insecure, moderate",,7.0
2020,Canada,,Chinese,"Food insecure, severe",,2.1
2020,Canada,,Black,Food secure,,77.6
2020,Canada,,Black,Food insecure,,22.4
2020,Canada,,Black,"Food insecure, marginal",,5.2
2020,Canada,,Black,"Food insecure, moderate",,11.5
2020,Canada,,Black,"Food insecure, severe",,5.7
2020,Canada,,Filipino,Food secure,,71.9
2020,Canada,,Filipino,Food insecure,,28.1
2020,Canada,,Filipino,"Food insecure, marginal",,7.8
2020,Canada,,Filipino,"Food insecure, moderate",,16.7
2020,Canada,,Filipino,"Food insecure, severe",,
2020,Canada,,Arab,Food secure,,73.4
2020,Canada,,Arab,Food insecure,,26.6
2020,Canada,,Arab,"Food insecure, marginal",,5.6
2020,Canada,,Arab,"Food insecure, moderate",,15.7
2020,Canada,,Arab,"Food insecure, severe",,5.3
2020,Canada,,Latin American,Food secure,,71.0
2020,Canada,,Latin American,Food insecure,,29.0
2020,Canada,,Latin American,"Food insecure, marginal",,6.6
2020,Canada,,Latin American,"Food insecure, moderate",,15.7
2020,Canada,,Latin American,"Food insecure, severe",,6.7
2020,Canada,,Southeast Asian,Food secure,,77.2
2020,Canada,,Southeast Asian,Food insecure,,22.8
2020,Canada,,Southeast Asian,"Food insecure, marginal",,
2020,Canada,,Southeast Asian,"Food insecure, moderate",,11.9
2020,Canada,,Southeast Asian,"Food insecure, severe",,
2020,Canada,,Other visible minority,Food secure,,77.3
2020,Canada,,Other visible minority,Food insecure,,22.7
2020,Canada,,Other visible minority,"Food insecure, marginal",,7.1
2020,Canada,,Other visible minority,"Food insecure, moderate",,12.0
2020,Canada,,Other visible minority,"Food insecure, severe",,3.6
2020,Canada,,Not a visible minority,Food secure,,86.1
2020,Canada,,Not a visible minority,Food insecure,,13.9
2020,Canada,,Not a visible minority,"Food insecure, marginal",,4.0
2020,Canada,,Not a visible minority,"Food insecure, moderate",,6.3
2020,Canada,,Not a visible minority,"Food insecure, severe",,3.6
2020,Canada,,Indigenous population,Food secure,,69.3
2020,Canada,,Indigenous population,Food insecure,,30.7
2020,Canada,,Indigenous population,"Food insecure, marginal",,6.4
2020,Canada,,Indigenous population,"Food insecure, moderate",,15.5
2020,Canada,,Indigenous population,"Food insecure, severe",,8.8
2020,Canada,,Non-Indigenous population,Food secure,,84.7
2020,Canada,,Non-Indigenous population,Food insecure,,15.3
2020,Canada,,Non-Indigenous population,"Food insecure, marginal",,4.5
2020,Canada,,Non-Indigenous population,"Food insecure, moderate",,7.3
2020,Canada,,Non-Indigenous population,"Food insecure, severe",,3.4
2020,Canada,,Not a visible minority nor Indigenous,Food secure,,86.8
2020,Canada,,Not a visible minority nor Indigenous,Food insecure,,13.2
2020,Canada,,Not a visible minority nor Indigenous,"Food insecure, marginal",,3.9
2020,Canada,,Not a visible minority nor Indigenous,"Food insecure, moderate",,5.9
2020,Canada,,Not a visible minority nor Indigenous,"Food insecure, severe",,3.4
2020,Canada,,All persons aged 15 years and over,Food secure,,85.1
2020,Canada,,All persons aged 15 years and over,Food insecure,,14.9
2020,Canada,,All persons aged 15 years and over,"Food insecure, marginal",,4.3
2020,Canada,,All persons aged 15 years and over,"Food insecure, moderate",,7.1
2020,Canada,,All persons aged 15 years and over,"Food insecure, severe",,3.5
2020,Canada,,Indigenous population aged 15 years and over,Food secure,,72.1
2020,Canada,,Indigenous population aged 15 years and over,Food insecure,,27.9
2020,Canada,,Indigenous population aged 15 years and over,"Food insecure, marginal",,5.9
2020,Canada,,Indigenous population aged 15 years and over,"Food insecure, moderate",,12.9
2020,Canada,,Indigenous population aged 15 years and over,"Food insecure, severe",,9.0
2020,Canada,,First Nations aged 15 years and over,Food secure,,70.2
2020,Canada,,First Nations aged 15 years and over,Food insecure,,29.8
2020,Canada,,First Nations aged 15 years and over,"Food insecure, marginal",,6.1
2020,Canada,,First Nations aged 15 years and over,"Food insecure, moderate",,15.0
2020,Canada,,First Nations aged 15 years and over,"Food insecure, severe",,8.7
2020,Canada,,Métis aged 15 years and over,Food secure,,74.3
2020,Canada,,Métis aged 15 years and over,Food insecure,,25.7
2020,Canada,,Métis aged 15 years and over,"Food insecure, marginal",,5.5
2020,Canada,,Métis aged 15 years and over,"Food insecure, moderate",,10.9
2020,Canada,,Métis aged 15 years and over,"Food insecure, severe",,9.3
2020,Canada,,Non-Indigenous population aged 15 years and over,Food secure,,85.4
2020,Canada,,Non-Indigenous population aged 15 years and over,Food insecure,,14.6
2020,Canada,,Non-Indigenous population aged 15 years and over,"Food insecure, marginal",,4.3
2020,Canada,,Non-Indigenous population aged 15 years and over,"Food insecure, moderate",,7.0
2020,Canada,,Non-Indigenous population aged 15 years and over,"Food insecure, severe",,3.4
2020,Canada,,Immigrants aged 15 years and over,Food secure,,81.8
2020,Canada,,Immigrants aged 15 years and over,Food insecure,,18.2
2020,Canada,,Immigrants aged 15 years and over,"Food insecure, marginal",,5.5
2020,Canada,,Immigrants aged 15 years and over,"Food insecure, moderate",,9.5
2020,Canada,,Immigrants aged 15 years and over,"Food insecure, severe",,3.3
2020,Canada,,Recent immigrants (10 years or less) aged 15 years and over,Food secure,,75.7
2020,Canada,,Recent immigrants (10 years or less) aged 15 years and over,Food insecure,,24.3
2020,Canada,,Recent immigrants (10 years or less) aged 15 years and over,"Food insecure, marginal",,6.6
2020,Canada,,Recent immigrants (10 years or less) aged 15 years and over,"Food insecure, moderate",,13.8
2020,Canada,,Recent immigrants (10 years or less) aged 15 years and over,"Food insecure, severe",,4.0
2020,Canada,,Very recent immigrants (5 years or less) aged 15 years and over,Food secure,,76.6
2020,Canada,,Very recent immigrants (5 years or less) aged 15 years and over,Food insecure,,23.4
2020,Canada,,Very recent immigrants (5 years or less) aged 15 years and over,"Food insecure, marginal",,7.2
2020,Canada,,Very recent immigrants (5 years or less) aged 15 years and over,"Food insecure, moderate",,12.7
2020,Canada,,Very recent immigrants (5 years or less) aged 15 years and over,"Food insecure, severe",,3.5
2020,Canada,,Persons aged 15 years and over born in Canada,Food secure,,86.5
2020,Canada,,Persons aged 15 years and over born in Canada,Food insecure,,13.5
2020,Canada,,Persons aged 15 years and over born in Canada,"Food insecure, marginal",,3.8
2020,Canada,,Persons aged 15 years and over born in Canada,"Food insecure, moderate",,6.1
2020,Canada,,Persons aged 15 years and over born in Canada,"Food insecure, severe",,3.7
2020,Atlantic provinces,,All persons,Food secure,,82.2
2020,Atlantic provinces,,All persons,Food insecure,,17.8
2020,Atlantic provinces,,All persons,"Food insecure, marginal",,5.2
2020,Atlantic provinces,,All persons,"Food insecure, moderate or severe",,12.6
2020,Atlantic provinces,,All persons,"Food insecure, moderate",,7.9
2020,Atlantic provinces,,All persons,"Food insecure, severe",,4.7
2020,Atlantic provinces,,Persons under 18 years,Food secure,,74.6
2020,Atlantic provinces,,Persons under 18 years,Food insecure,,25.4
2020,Atlantic provinces,,Persons under 18 years,"Food insecure, marginal",,7.3
2020,Atlantic provinces,,Persons under 18 years,"Food insecure, moderate or severe",,18.1
2020,Atlantic provinces,,Persons under 18 years,"Food insecure, moderate",,10.9
2020,Atlantic provinces,,Persons under 18 years,"Food insecure, severe",,7.1
2020,Atlantic provinces,,Persons 18 to 64 years,Food secure,,81.6
2020,Atlantic provinces,,Persons 18 to 64 years,Food insecure,,18.4
2020,Atlantic provinces,,Persons 18 to 64 years,"Food insecure, marginal",,5.0
2020,Atlantic provinces,,Persons 18 to 64 years,"Food insecure, moderate or severe",,13.4
2020,Atlantic provinces,,Persons 18 to 64 years,"Food insecure, moderate",,8.2
2020,Atlantic provinces,,Persons 18 to 64 years,"Food insecure, severe",,5.2
2020,Atlantic provinces,,Persons 18 to 24 years,Food secure,,84.5
2020,Atlantic provinces,,Persons 18 to 24 years,Food insecure,,15.5
2020,Atlantic provinces,,Persons 18 to 24 years,"Food insecure, marginal",,3.9
2020,Atlantic provinces,,Persons 18 to 24 years,"Food insecure, moderate or severe",,11.6
2020,Atlantic provinces,,Persons 18 to 24 years,"Food insecure, moderate",,7.2
2020,Atlantic provinces,,Persons 18 to 24 years,"Food insecure, severe",,4.4
2020,Atlantic provinces,,Persons 25 to 34 years,Food secure,,79.6
2020,Atlantic provinces,,Persons 25 to 34 years,Food insecure,,20.4
2020,Atlantic provinces,,Persons 25 to 34 years,"Food insecure, marginal",,6.9
2020,Atlantic provinces,,Persons 25 to 34 years,"Food insecure, moderate or severe",,13.5
2020,Atlantic provinces,,Persons 25 to 34 years,"Food insecure, moderate",,7.6
2020,Atlantic provinces,,Persons 25 to 34 years,"Food insecure, severe",,5.9
2020,Atlantic provinces,,Persons 35 to 44 years,Food secure,,77.3
2020,Atlantic provinces,,Persons 35 to 44 years,Food insecure,,22.7
2020,Atlantic provinces,,Persons 35 to 44 years,"Food insecure, marginal",,5.5
2020,Atlantic provinces,,Persons 35 to 44 years,"Food insecure, moderate or severe",,17.2
2020,Atlantic provinces,,Persons 35 to 44 years,"Food insecure, moderate",,10.8
2020,Atlantic provinces,,Persons 35 to 44 years,"Food insecure, severe",,6.4
2020,Atlantic provinces,,Persons 45 to 54 years,Food secure,,81.2
2020,Atlantic provinces,,Persons 45 to 54 years,Food insecure,,18.8
2020,Atlantic provinces,,Persons 45 to 54 years,"Food insecure, marginal",,4.6
2020,Atlantic provinces,,Persons 45 to 54 years,"Food insecure, moderate or severe",,14.3
2020,Atlantic provinces,,Persons 45 to 54 years,"Food insecure, moderate",,8.9
2020,Atlantic provinces,,Persons 45 to 54 years,"Food insecure, severe",,5.3
2020,Atlantic provinces,,Persons 55 to 64 years,Food secure,,85.1
2020,Atlantic provinces,,Persons 55 to 64 years,Food insecure,,14.9
2020,Atlantic provinces,,Persons 55 to 64 years,"Food insecure, marginal",,4.3
2020,Atlantic provinces,,Persons 55 to 64 years,"Food insecure, moderate or severe",,10.6
2020,Atlantic provinces,,Persons 55 to 64 years,"Food insecure, moderate",,6.7
2020,Atlantic provinces,,Persons 55 to 64 years,"Food insecure, severe",,3.9
2020,Atlantic provinces,,Persons 65 years and over,Food secure,,90.0
2020,Atlantic provinces,,Persons 65 years and over,Food insecure,,10.0
2020,Atlantic provinces,,Persons 65 years and over,"Food insecure, marginal",,3.8
2020,Atlantic provinces,,Persons 65 years and over,"Food insecure, moderate or severe",,6.2
2020,Atlantic provinces,,Persons 65 years and over,"Food insecure, moderate",,4.5
2020,Atlantic provinces,,Persons 65 years and over,"Food insecure, severe",,1.6
2020,Atlantic provinces,,Males,Food secure,,82.9
2020,Atlantic provinces,,Males,Food insecure,,17.1
2020,Atlantic provinces,,Males,"Food insecure, marginal",,5.0
2020,Atlantic provinces,,Males,"Food insecure, moderate or severe",,12.1
2020,Atlantic provinces,,Males,"Food insecure, moderate",,7.5
2020,Atlantic provinces,,Males,"Food insecure, severe",,4.6
2020,Atlantic provinces,,"Males, under 18 years",Food secure,,73.9
2020,Atlantic provinces,,"Males, under 18 years",Food insecure,,26.1
2020,Atlantic provinces,,"Males, under 18 years","Food insecure, marginal",,6.5
2020,Atlantic provinces,,"Males, under 18 years","Food insecure, moderate or severe",,19.6
2020,Atlantic provinces,,"Males, under 18 years","Food insecure, moderate",,11.4
2020,Atlantic provinces,,"Males, under 18 years","Food insecure, severe",,8.2
2020,Atlantic provinces,,"Males, 18 to 64 years",Food secure,,83.1
2020,Atlantic provinces,,"Males, 18 to 64 years",Food insecure,,16.9
2020,Atlantic provinces,,"Males, 18 to 64 years","Food insecure, marginal",,5.1
2020,Atlantic provinces,,"Males, 18 to 64 years","Food insecure, moderate or severe",,11.8
2020,Atlantic provinces,,"Males, 18 to 64 years","Food insecure, moderate",,7.2
2020,Atlantic provinces,,"Males, 18 to 64 years","Food insecure, severe",,4.6
2020,Atlantic provinces,,"Males, 65 years and over",Food secure,,90.0
2020,Atlantic provinces,,"Males, 65 years and over",Food insecure,,10.0
2020,Atlantic provinces,,"Males, 65 years and over","Food insecure, marginal",,3.6
2020,Atlantic provinces,,"Males, 65 years and over","Food insecure, moderate or severe",,6.4
2020,Atlantic provinces,,"Males, 65 years and over","Food insecure, moderate",,4.9
2020,Atlantic provinces,,"Males, 65 years and over","Food insecure, severe",,1.4
2020,Atlantic provinces,,Females,Food secure,,81.6
2020,Atlantic provinces,,Females,Food insecure,,18.4
2020,Atlantic provinces,,Females,"Food insecure, marginal",,5.3
2020,Atlantic provinces,,Females,"Food insecure, moderate or severe",,13.1
2020,Atlantic provinces,,Females,"Food insecure, moderate",,8.2
2020,Atlantic provinces,,Females,"Food insecure, severe",,4.9
2020,Atlantic provinces,,"Females, under 18 years",Food secure,,75.4
2020,Atlantic provinces,,"Females, under 18 years",Food insecure,,24.6
2020,Atlantic provinces,,"Females, under 18 years","Food insecure, marginal",,8.2
2020,Atlantic provinces,,"Females, under 18 years","Food insecure, moderate or severe",,16.4
2020,Atlantic provinces,,"Females, under 18 years","Food insecure, moderate",,10.4
2020,Atlantic provinces,,"Females, under 18 years","Food insecure, severe",,6.0
2020,Atlantic provinces,,"Females, 18 to 64 years",Food secure,,80.1
2020,Atlantic provinces,,"Females, 18 to 64 years",Food insecure,,19.9
2020,Atlantic provinces,,"Females, 18 to 64 years","Food insecure, marginal",,5.0
2020,Atlantic provinces,,"Females, 18 to 64 years","Food insecure, moderate or severe",,14.9
2020,Atlantic provinces,,"Females, 18 to 64 years","Food insecure, moderate",,9.2
2020,Atlantic provinces,,"Females, 18 to 64 years","Food insecure, severe",,5.7
2020,Atlantic provinces,,"Females, 65 years and over",Food secure,,90.0
2020,Atlantic provinces,,"Females, 65 years and over",Food insecure,,10.0
2020,Atlantic provinces,,"Females, 65 years and over","Food insecure, marginal",,4.0
2020,Atlantic provinces,,"Females, 65 years and over","Food insecure, moderate or severe",,6.0
2020,Atlantic provinces,,"Females, 65 years and over","Food insecure, moderate",,4.2
2020,Atlantic provinces,,"Females, 65 years and over","Food insecure, severe",,1.8
2020,Atlantic provinces,,Visible minority population,Food secure,,76.7
2020,Atlantic provinces,,Visible minority population,Food insecure,,23.3
2020,Atlantic provinces,,Visible minority population,"Food insecure, marginal",,7.1
2020,Atlantic provinces,,Visible minority population,"Food insecure, moderate or severe",,16.2
2020,Atlantic provinces,,Visible minority population,"Food insecure, moderate",,12.4
2020,Atlantic provinces,,Visible minority population,"Food insecure, severe",,3.9
2020,Atlantic provinces,,South Asian,Food secure,,86.2
2020,Atlantic provinces,,South Asian,Food insecure,,
2020,Atlantic provinces,,South Asian,"Food insecure, marginal",,
2020,Atlantic provinces,,South Asian,"Food insecure, moderate or severe",,
2020,Atlantic provinces,,South Asian,"Food insecure, moderate",,
2020,Atlantic provinces,,South Asian,"Food insecure, severe",,
2020,Atlantic provinces,,Chinese,Food secure,,81.6
2020,Atlantic provinces,,Chinese,Food insecure,,
2020,Atlantic provinces,,Chinese,"Food insecure, marginal",,
2020,Atlantic provinces,,Chinese,"Food insecure, moderate or severe",,
2020,Atlantic provinces,,Chinese,"Food insecure, moderate",,
2020,Atlantic provinces,,Chinese,"Food insecure, severe",,
2020,Atlantic provinces,,Black,Food secure,,71.1
2020,Atlantic provinces,,Black,Food insecure,,28.9
2020,Atlantic provinces,,Black,"Food insecure, marginal",,
2020,Atlantic provinces,,Black,"Food insecure, moderate or severe",,22.4
2020,Atlantic provinces,,Black,"Food insecure, moderate",,16.3
2020,Atlantic provinces,,Black,"Food insecure, severe",,
2020,Atlantic provinces,,Filipino,Food secure,,56.7
2020,Atlantic provinces,,Filipino,Food insecure,,43.3
2020,Atlantic provinces,,Filipino,"Food insecure, marginal",,
2020,Atlantic provinces,,Filipino,"Food insecure, moderate or severe",,
2020,Atlantic provinces,,Filipino,"Food insecure, moderate",,
2020,Atlantic provinces,,Filipino,"Food insecure, severe",,
2020,Atlantic provinces,,Arab,Food secure,,74.0
2020,Atlantic provinces,,Arab,Food insecure,,
2020,Atlantic provinces,,Arab,"Food insecure, marginal",,
2020,Atlantic provinces,,Arab,"Food insecure, moderate or severe",,
2020,Atlantic provinces,,Arab,"Food insecure, moderate",,
2020,Atlantic provinces,,Arab,"Food insecure, severe",,
2020,Atlantic provinces,,Latin American,Food secure,,84.3
2020,Atlantic provinces,,Latin American,Food insecure,,
2020,Atlantic provinces,,Latin American,"Food insecure, marginal",,
2020,Atlantic provinces,,Latin American,"Food insecure, moderate or severe",,
2020,Atlantic provinces,,Latin American,"Food insecure, moderate",,
2020,Atlantic provinces,,Latin American,"Food insecure, severe",,
2020,Atlantic provinces,,Southeast Asian,Food secure,,66.6
2020,Atlantic provinces,,Southeast Asian,Food insecure,,
2020,Atlantic provinces,,Southeast Asian,"Food insecure, marginal",,
2020,Atlantic provinces,,Southeast Asian,"Food insecure, moderate or severe",,
2020,Atlantic provinces,,Southeast Asian,"Food insecure, moderate",,
2020,Atlantic provinces,,Southeast Asian,"Food insecure, severe",,
2020,Atlantic provinces,,Other visible minority,Food secure,,82.0
2020,Atlantic provinces,,Other visible minority,Food insecure,,
2020,Atlantic provinces,,Other visible minority,"Food insecure, marginal",,
2020,Atlantic provinces,,Other visible minority,"Food insecure, moderate or severe",,
2020,Atlantic provinces,,Other visible minority,"Food insecure, moderate",,
2020,Atlantic provinces,,Other visible minority,"Food insecure, severe",,
2020,Atlantic provinces,,Not a visible minority,Food secure,,82.7
2020,Atlantic provinces,,Not a visible minority,Food insecure,,17.3
2020,Atlantic provinces,,Not a visible minority,"Food insecure, marginal",,5.0
2020,Atlantic provinces,,Not a visible minority,"Food insecure, moderate or severe",,12.3
2020,Atlantic provinces,,Not a visible minority,"Food insecure, moderate",,7.5
2020,Atlantic provinces,,Not a visible minority,"Food insecure, severe",,4.8
2020,Atlantic provinces,,Indigenous population,Food secure,,73.7
2020,Atlantic provinces,,Indigenous population,Food insecure,,26.3
2020,Atlantic provinces,,Indigenous population,"Food insecure, marginal",,9.8
2020,Atlantic provinces,,Indigenous population,"Food insecure, moderate or severe",,16.5
2020,Atlantic provinces,,Indigenous population,"Food insecure, moderate",,9.2
2020,Atlantic provinces,,Indigenous population,"Food insecure, severe",,7.3
2020,Atlantic provinces,,Non-Indigenous population,Food secure,,82.6
2020,Atlantic provinces,,Non-Indigenous population,Food insecure,,17.4
2020,Atlantic provinces,,Non-Indigenous population,"Food insecure, marginal",,5.0
2020,Atlantic provinces,,Non-Indigenous population,"Food insecure, moderate or severe",,12.4
2020,Atlantic provinces,,Non-Indigenous population,"Food insecure, moderate",,7.8
2020,Atlantic provinces,,Non-Indigenous population,"Food insecure, severe",,4.6
2020,Atlantic provinces,,Not a visible minority nor Indigenous,Food secure,,83.1
2020,Atlantic provinces,,Not a visible minority nor Indigenous,Food insecure,,16.9
2020,Atlantic provinces,,Not a visible minority nor Indigenous,"Food insecure, marginal",,4.8
2020,Atlantic provinces,,Not a visible minority nor Indigenous,"Food insecure, moderate or severe",,12.1
2020,Atlantic provinces,,Not a visible minority nor Indigenous,"Food insecure, moderate",,7.5
2020,Atlantic provinces,,Not a visible minority nor Indigenous,"Food insecure, severe",,4.7
2020,Atlantic provinces,,All persons aged 15 years and over,Food secure,,83.6
2020,Atlantic provinces,,All persons aged 15 years and over,Food insecure,,16.4
2020,Atlantic provinces,,All persons aged 15 years and over,"Food insecure, marginal",,4.8
2020,Atlantic provinces,,All persons aged 15 years and over,"Food insecure, moderate or severe",,11.7
2020,Atlantic provinces,,All persons aged 15 years and over,"Food insecure, moderate",,7.4
2020,Atlantic provinces,,All persons aged 15 years and over,"Food insecure, severe",,4.2
2020,Atlantic provinces,,Indigenous population aged 15 years and over,Food secure,,77.1
2020,Atlantic provinces,,Indigenous population aged 15 years and over,Food insecure,,22.9
2020,Atlantic provinces,,Indigenous population aged 15 years and over,"Food insecure, marginal",,7.9
2020,Atlantic provinces,,Indigenous population aged 15 years and over,"Food insecure, moderate or severe",,15.0
2020,Atlantic provinces,,Indigenous population aged 15 years and over,"Food insecure, moderate",,8.8
2020,Atlantic provinces,,Indigenous population aged 15 years and over,"Food insecure, severe",,6.2
2020,Atlantic provinces,,First Nations aged 15 years and over,Food secure,,76.7
2020,Atlantic provinces,,First Nations aged 15 years and over,Food insecure,,23.3
2020,Atlantic provinces,,First Nations aged 15 years and over,"Food insecure, marginal",,9.3
2020,Atlantic provinces,,First Nations aged 15 years and over,"Food insecure, moderate or severe",,14.0
2020,Atlantic provinces,,First Nations aged 15 years and over,"Food insecure, moderate",,8.9
2020,Atlantic provinces,,First Nations aged 15 years and over,"Food insecure, severe",,
2020,Atlantic provinces,,Métis aged 15 years and over,Food secure,,78.2
2020,Atlantic provinces,,Métis aged 15 years and over,Food insecure,,21.8
2020,Atlantic provinces,,Métis aged 15 years and over,"Food insecure, marginal",,
2020,Atlantic provinces,,Métis aged 15 years and over,"Food insecure, moderate or severe",,18.8
2020,Atlantic provinces,,Métis aged 15 years and over,"Food insecure, moderate",,
2020,Atlantic provinces,,Métis aged 15 years and over,"Food insecure, severe",,
2020,Atlantic provinces,,Non-Indigenous population aged 15 years and over,Food secure,,83.8
2020,Atlantic provinces,,Non-Indigenous population aged 15 years and over,Food insecure,,16.2
2020,Atlantic provinces,,Non-Indigenous population aged 15 years and over,"Food insecure, marginal",,4.6
2020,Atlantic provinces,,Non-Indigenous population aged 15 years and over,"Food insecure, moderate or severe",,11.5
2020,Atlantic provinces,,Non-Indigenous population aged 15 years and over,"Food insecure, moderate",,7.3
2020,Atlantic provinces,,Non-Indigenous population aged 15 years and over,"Food insecure, severe",,4.2
2020,Atlantic provinces,,Immigrants aged 15 years and over,Food secure,,80.5
2020,Atlantic provinces,,Immigrants aged 15 years and over,Food insecure,,19.5
2020,Atlantic provinces,,Immigrants aged 15 years and over,"Food insecure, marginal",,7.3
2020,Atlantic provinces,,Immigrants aged 15 years and over,"Food insecure, moderate or severe",,12.3
2020,Atlantic provinces,,Immigrants aged 15 years and over,"Food insecure, moderate",,9.0
2020,Atlantic provinces,,Immigrants aged 15 years and over,"Food insecure, severe",,3.3
2020,Atlantic provinces,,Recent immigrants (10 years or less) aged 15 years and over,Food secure,,76.1
2020,Atlantic provinces,,Recent immigrants (10 years or less) aged 15 years and over,Food insecure,,23.9
2020,Atlantic provinces,,Recent immigrants (10 years or less) aged 15 years and over,"Food insecure, marginal",,8.2
2020,Atlantic provinces,,Recent immigrants (10 years or less) aged 15 years and over,"Food insecure, moderate or severe",,15.8
2020,Atlantic provinces,,Recent immigrants (10 years or less) aged 15 years and over,"Food insecure, moderate",,13.0
2020,Atlantic provinces,,Recent immigrants (10 years or less) aged 15 years and over,"Food insecure, severe",,
2020,Atlantic provinces,,Very recent immigrants (5 years or less) aged 15 years and over,Food secure,,80.1
2020,Atlantic provinces,,Very recent immigrants (5 years or less) aged 15 years and over,Food insecure,,19.9
2020,Atlantic provinces,,Very recent immigrants (5 years or less) aged 15 years and over,"Food insecure, marginal",,
2020,Atlantic provinces,,Very recent immigrants (5 years or less) aged 15 years and over,"Food insecure, moderate or severe",,15.9
2020,Atlantic provinces,,Very recent immigrants (5 years or less) aged 15 years and over,"Food insecure, moderate",,12.3
2020,Atlantic provinces,,Very recent immigrants (5 years or less) aged 15 years and over,"Food insecure, severe",,
2020,Atlantic provinces,,Persons aged 15 years and over born in Canada,Food secure,,83.8
2020,Atlantic provinces,,Persons aged 15 years and over born in Canada,Food insecure,,16.2
2020,Atlantic provinces,,Persons aged 15 years and over born in Canada,"Food insecure, marginal",,4.6
2020,Atlantic provinces,,Persons aged 15 years and over born in Canada,"Food insecure, moderate or severe",,11.6
2020,Atlantic provinces,,Persons aged 15 years and over born in Canada,"Food insecure, moderate",,7.3
2020,Atlantic provinces,,Persons aged 15 years and over born in Canada,"Food insecure, severe",,4.4
2020,Newfoundland and Labrador,,All persons,Food secure,10,82.5
2020,Newfoundland and Labrador,,All persons,Food insecure,10,17.5
2020,Newfoundland and Labrador,,All persons,"Food insecure, marginal",10,4.9
2020,Newfoundland and Labrador,,All persons,"Food insecure, moderate or severe",10,12.6
2020,Newfoundland and Labrador,,All persons,"Food insecure, moderate",10,9.1
2020,Newfoundland and Labrador,,All persons,"Food insecure, severe",10,3.5
2020,Newfoundland and Labrador,,Persons under 18 years,Food secure,10,73.6
2020,Newfoundland and Labrador,,Persons under 18 years,Food insecure,10,26.4
2020,Newfoundland and Labrador,,Persons under 18 years,"Food insecure, marginal",10,6.4
2020,Newfoundland and Labrador,,Persons under 18 years,"Food insecure, moderate or severe",10,19.9
2020,Newfoundland and Labrador,,Persons under 18 years,"Food insecure, moderate",10,14.8
2020,Newfoundland and Labrador,,Persons under 18 years,"Food insecure, severe",10,5.2
2020,Newfoundland and Labrador,,Persons 18 to 64 years,Food secure,10,82.4
2020,Newfoundland and Labrador,,Persons 18 to 64 years,Food insecure,10,17.6
2020,Newfoundland and Labrador,,Persons 18 to 64 years,"Food insecure, marginal",10,4.7
2020,Newfoundland and Labrador,,Persons 18 to 64 years,"Food insecure, moderate or severe",10,13.0
2020,Newfoundland and Labrador,,Persons 18 to 64 years,"Food insecure, moderate",10,9.3
2020,Newfoundland and Labrador,,Persons 18 to 64 years,"Food insecure, severe",10,3.6
2020,Newfoundland and Labrador,,Persons 18 to 24 years,Food secure,10,86.0
2020,Newfoundland and Labrador,,Persons 18 to 24 years,Food insecure,10,14.0
2020,Newfoundland and Labrador,,Persons 18 to 24 years,"Food insecure, marginal",10,
2020,Newfoundland and Labrador,,Persons 18 to 24 years,"Food insecure, moderate or severe",10,10.6
2020,Newfoundland and Labrador,,Persons 18 to 24 years,"Food insecure, moderate",10,6.7
2020,Newfoundland and Labrador,,Persons 18 to 24 years,"Food insecure, severe",10,
2020,Newfoundland and Labrador,,Persons 25 to 34 years,Food secure,10,80.7
2020,Newfoundland and Labrador,,Persons 25 to 34 years,Food insecure,10,19.3
2020,Newfoundland and Labrador,,Persons 25 to 34 years,"Food insecure, marginal",10,6.5
2020,Newfoundland and Labrador,,Persons 25 to 34 years,"Food insecure, moderate or severe",10,12.7
2020,Newfoundland and Labrador,,Persons 25 to 34 years,"Food insecure, moderate",10,9.5
2020,Newfoundland and Labrador,,Persons 25 to 34 years,"Food insecure, severe",10,
2020,Newfoundland and Labrador,,Persons 35 to 44 years,Food secure,10,77.5
2020,Newfoundland and Labrador,,Persons 35 to 44 years,Food insecure,10,22.5
2020,Newfoundland and Labrador,,Persons 35 to 44 years,"Food insecure, marginal",10,
2020,Newfoundland and Labrador,,Persons 35 to 44 years,"Food insecure, moderate or severe",10,19.0
2020,Newfoundland and Labrador,,Persons 35 to 44 years,"Food insecure, moderate",10,14.0
2020,Newfoundland and Labrador,,Persons 35 to 44 years,"Food insecure, severe",10,5.0
2020,Newfoundland and Labrador,,Persons 45 to 54 years,Food secure,10,81.8
2020,Newfoundland and Labrador,,Persons 45 to 54 years,Food insecure,10,18.2
2020,Newfoundland and Labrador,,Persons 45 to 54 years,"Food insecure, marginal",10,5.4
2020,Newfoundland and Labrador,,Persons 45 to 54 years,"Food insecure, moderate or severe",10,12.8
2020,Newfoundland and Labrador,,Persons 45 to 54 years,"Food insecure, moderate",10,9.1
2020,Newfoundland and Labrador,,Persons 45 to 54 years,"Food insecure, severe",10,3.7
2020,Newfoundland and Labrador,,Persons 55 to 64 years,Food secure,10,85.7
2020,Newfoundland and Labrador,,Persons 55 to 64 years,Food insecure,10,14.3
2020,Newfoundland and Labrador,,Persons 55 to 64 years,"Food insecure, marginal",10,4.2
2020,Newfoundland and Labrador,,Persons 55 to 64 years,"Food insecure, moderate or severe",10,10.1
2020,Newfoundland and Labrador,,Persons 55 to 64 years,"Food insecure, moderate",10,7.4
2020,Newfoundland and Labrador,,Persons 55 to 64 years,"Food insecure, severe",10,2.6
2020,Newfoundland and Labrador,,Persons 65 years and over,Food secure,10,89.5
2020,Newfoundland and Labrador,,Persons 65 years and over,Food insecure,10,10.5
2020,Newfoundland and Labrador,,Persons 65 years and over,"Food insecure, marginal",10,4.4
2020,Newfoundland and Labrador,,Persons 65 years and over,"Food insecure, moderate or severe",10,6.1
2020,Newfoundland and Labrador,,Persons 65 years and over,"Food insecure, moderate",10,4.3
2020,Newfoundland and Labrador,,Persons 65 years and over,"Food insecure, severe",10,1.8
2020,Newfoundland and Labrador,,Males,Food secure,10,83.7
2020,Newfoundland and Labrador,,Males,Food insecure,10,16.3
2020,Newfoundland and Labrador,,Males,"Food insecure, marginal",10,4.8
2020,Newfoundland and Labrador,,Males,"Food insecure, moderate or severe",10,11.5
2020,Newfoundland and Labrador,,Males,"Food insecure, moderate",10,8.5
2020,Newfoundland and Labrador,,Males,"Food insecure, severe",10,3.0
2020,Newfoundland and Labrador,,"Males, under 18 years",Food secure,10,73.0
2020,Newfoundland and Labrador,,"Males, under 18 years",Food insecure,10,27.0
2020,Newfoundland and Labrador,,"Males, under 18 years","Food insecure, marginal",10,4.5
2020,Newfoundland and Labrador,,"Males, under 18 years","Food insecure, moderate or severe",10,22.5
2020,Newfoundland and Labrador,,"Males, under 18 years","Food insecure, moderate",10,16.3
2020,Newfoundland and Labrador,,"Males, under 18 years","Food insecure, severe",10,6.2
2020,Newfoundland and Labrador,,"Males, 18 to 64 years",Food secure,10,84.5
2020,Newfoundland and Labrador,,"Males, 18 to 64 years",Food insecure,10,15.5
2020,Newfoundland and Labrador,,"Males, 18 to 64 years","Food insecure, marginal",10,4.9
2020,Newfoundland and Labrador,,"Males, 18 to 64 years","Food insecure, moderate or severe",10,10.6
2020,Newfoundland and Labrador,,"Males, 18 to 64 years","Food insecure, moderate",10,7.8
2020,Newfoundland and Labrador,,"Males, 18 to 64 years","Food insecure, severe",10,2.8
2020,Newfoundland and Labrador,,"Males, 65 years and over",Food secure,10,89.7
2020,Newfoundland and Labrador,,"Males, 65 years and over",Food insecure,10,10.3
2020,Newfoundland and Labrador,,"Males, 65 years and over","Food insecure, marginal",10,4.8
2020,Newfoundland and Labrador,,"Males, 65 years and over","Food insecure, moderate or severe",10,5.4
2020,Newfoundland and Labrador,,"Males, 65 years and over","Food insecure, moderate",10,4.3
2020,Newfoundland and Labrador,,"Males, 65 years and over","Food insecure, severe",10,
2020,Newfoundland and Labrador,,Females,Food secure,10,81.4
2020,Newfoundland and Labrador,,Females,Food insecure,10,18.6
2020,Newfoundland and Labrador,,Females,"Food insecure, marginal",10,5.0
2020,Newfoundland and Labrador,,Females,"Food insecure, moderate or severe",10,13.6
2020,Newfoundland and Labrador,,Females,"Food insecure, moderate",10,9.7
2020,Newfoundland and Labrador,,Females,"Food insecure, severe",10,3.9
2020,Newfoundland and Labrador,,"Females, under 18 years",Food secure,10,74.3
2020,Newfoundland and Labrador,,"Females, under 18 years",Food insecure,10,25.7
2020,Newfoundland and Labrador,,"Females, under 18 years","Food insecure, marginal",10,8.4
2020,Newfoundland and Labrador,,"Females, under 18 years","Food insecure, moderate or severe",10,17.3
2020,Newfoundland and Labrador,,"Females, under 18 years","Food insecure, moderate",10,13.2
2020,Newfoundland and Labrador,,"Females, under 18 years","Food insecure, severe",10,
2020,Newfoundland and Labrador,,"Females, 18 to 64 years",Food secure,10,80.3
2020,Newfoundland and Labrador,,"Females, 18 to 64 years",Food insecure,10,19.7
2020,Newfoundland and Labrador,,"Females, 18 to 64 years","Food insecure, marginal",10,4.5
2020,Newfoundland and Labrador,,"Females, 18 to 64 years","Food insecure, moderate or severe",10,15.3
2020,Newfoundland and Labrador,,"Females, 18 to 64 years","Food insecure, moderate",10,10.8
2020,Newfoundland and Labrador,,"Females, 18 to 64 years","Food insecure, severe",10,4.4
2020,Newfoundland and Labrador,,"Females, 65 years and over",Food secure,10,89.3
2020,Newfoundland and Labrador,,"Females, 65 years and over",Food insecure,10,10.7
2020,Newfoundland and Labrador,,"Females, 65 years and over","Food insecure, marginal",10,4.1
2020,Newfoundland and Labrador,,"Females, 65 years and over","Food insecure, moderate or severe",10,6.7
2020,Newfoundland and Labrador,,"Females, 65 years and over","Food insecure, moderate",10,4.2
2020,Newfoundland and Labrador,,"Females, 65 years and over","Food insecure, severe",10,
2020,Newfoundland and Labrador,,Visible minority population,Food secure,10,70.2
2020,Newfoundland and Labrador,,Visible minority population,Food insecure,10,
2020,Newfoundland and Labrador,,Visible minority population,"Food insecure, marginal",10,
2020,Newfoundland and Labrador,,Visible minority population,"Food insecure, moderate or severe",10,
2020,Newfoundland and Labrador,,Visible minority population,"Food insecure, moderate",10,
2020,Newfoundland and Labrador,,Visible minority population,"Food insecure, severe",10,
2020,Newfoundland and Labrador,,South Asian,Food secure,10,87.3
2020,Newfoundland and Labrador,,South Asian,Food insecure,10,
2020,Newfoundland and Labrador,,South Asian,"Food insecure, marginal",10,
2020,Newfoundland and Labrador,,South Asian,"Food insecure, moderate or severe",10,
2020,Newfoundland and Labrador,,South Asian,"Food insecure, moderate",10,
2020,Newfoundland and Labrador,,South Asian,"Food insecure, severe",10,
2020,Newfoundland and Labrador,,Chinese,Food secure,10,
2020,Newfoundland and Labrador,,Chinese,Food insecure,10,
2020,Newfoundland and Labrador,,Chinese,"Food insecure, marginal",10,
2020,Newfoundland and Labrador,,Chinese,"Food insecure, moderate or severe",10,
2020,Newfoundland and Labrador,,Chinese,"Food insecure, moderate",10,
2020,Newfoundland and Labrador,,Chinese,"Food insecure, severe",10,
2020,Newfoundland and Labrador,,Black,Food secure,10,
2020,Newfoundland and Labrador,,Black,Food insecure,10,
2020,Newfoundland and Labrador,,Black,"Food insecure, marginal",10,
2020,Newfoundland and Labrador,,Black,"Food insecure, moderate or severe",10,
2020,Newfoundland and Labrador,,Black,"Food insecure, moderate",10,
2020,Newfoundland and Labrador,,Black,"Food insecure, severe",10,
2020,Newfoundland and Labrador,,Filipino,Food secure,10,
2020,Newfoundland and Labrador,,Filipino,Food insecure,10,
2020,Newfoundland and Labrador,,Filipino,"Food insecure, marginal",10,
2020,Newfoundland and Labrador,,Filipino,"Food insecure, moderate or severe",10,
2020,Newfoundland and Labrador,,Filipino,"Food insecure, moderate",10,
2020,Newfoundland and Labrador,,Filipino,"Food insecure, severe",10,
2020,Newfoundland and Labrador,,Arab,Food secure,10,
2020,Newfoundland and Labrador,,Arab,Food insecure,10,
2020,Newfoundland and Labrador,,Arab,"Food insecure, marginal",10,
2020,Newfoundland and Labrador,,Arab,"Food insecure, moderate or severe",10,
2020,Newfoundland and Labrador,,Arab,"Food insecure, moderate",10,
2020,Newfoundland and Labrador,,Arab,"Food insecure, severe",10,
2020,Newfoundland and Labrador,,Latin American,Food secure,10,
2020,Newfoundland and Labrador,,Latin American,Food insecure,10,
2020,Newfoundland and Labrador,,Latin American,"Food insecure, marginal",10,
2020,Newfoundland and Labrador,,Latin American,"Food insecure, moderate or severe",10,
2020,Newfoundland and Labrador,,Latin American,"Food insecure, moderate",10,
2020,Newfoundland and Labrador,,Latin American,"Food insecure, severe",10,
2020,Newfoundland and Labrador,,Southeast Asian,Food secure,10,
2020,Newfoundland and Labrador,,Southeast Asian,Food insecure,10,
2020,Newfoundland and Labrador,,Southeast Asian,"Food insecure, marginal",10,
2020,Newfoundland and Labrador,,Southeast Asian,"Food insecure, moderate or severe",10,
2020,Newfoundland and Labrador,,Southeast Asian,"Food insecure, moderate",10,
2020,Newfoundland and Labrador,,Southeast Asian,"Food insecure, severe",10,
2020,Newfoundland and Labrador,,Other visible minority,Food secure,10,
2020,Newfoundland and Labrador,,Other visible minority,Food insecure,10,
2020,Newfoundland and Labrador,,Other visible minority,"Food insecure, marginal",10,
2020,Newfoundland and Labrador,,Other visible minority,"Food insecure, moderate or severe",10,
2020,Newfoundland and Labrador,,Other visible minority,"Food insecure, moderate",10,
2020,Newfoundland and Labrador,,Other visible minority,"Food insecure, severe",10,
2020,Newfoundland and Labrador,,Not a visible minority,Food secure,10,83.2
2020,Newfoundland and Labrador,,Not a visible minority,Food insecure,10,16.8
2020,Newfoundland and Labrador,,Not a visible minority,"Food insecure, marginal",10,4.7
2020,Newfoundland and Labrador,,Not a visible minority,"Food insecure, moderate or severe",10,12.1
2020,Newfoundland and Labrador,,Not a visible minority,"Food insecure, moderate",10,8.5
2020,Newfoundland and Labrador,,Not a visible minority,"Food insecure, severe",10,3.6
2020,Newfoundland and Labrador,,Indigenous population,Food secure,10,81.5
2020,Newfoundland and Labrador,,Indigenous population,Food insecure,10,18.5
2020,Newfoundland and Labrador,,Indigenous population,"Food insecure, marginal",10,
2020,Newfoundland and Labrador,,Indigenous population,"Food insecure, moderate or severe",10,11.9
2020,Newfoundland and Labrador,,Indigenous population,"Food insecure, moderate",10,
2020,Newfoundland and Labrador,,Indigenous population,"Food insecure, severe",10,
2020,Newfoundland and Labrador,,Non-Indigenous population,Food secure,10,82.6
2020,Newfoundland and Labrador,,Non-Indigenous population,Food insecure,10,17.4
2020,Newfoundland and Labrador,,Non-Indigenous population,"Food insecure, marginal",10,4.7
2020,Newfoundland and Labrador,,Non-Indigenous population,"Food insecure, moderate or severe",10,12.6
2020,Newfoundland and Labrador,,Non-Indigenous population,"Food insecure, moderate",10,9.1
2020,Newfoundland and Labrador,,Non-Indigenous population,"Food insecure, severe",10,3.5
2020,Newfoundland and Labrador,,Not a visible minority nor Indigenous,Food secure,10,83.3
2020,Newfoundland and Labrador,,Not a visible minority nor Indigenous,Food insecure,10,16.7
2020,Newfoundland and Labrador,,Not a visible minority nor Indigenous,"Food insecure, marginal",10,4.5
2020,Newfoundland and Labrador,,Not a visible minority nor Indigenous,"Food insecure, moderate or severe",10,12.1
2020,Newfoundland and Labrador,,Not a visible minority nor Indigenous,"Food insecure, moderate",10,8.5
2020,Newfoundland and Labrador,,Not a visible minority nor Indigenous,"Food insecure, severe",10,3.6
2020,Newfoundland and Labrador,,All persons aged 15 years and over,Food secure,10,84.1
2020,Newfoundland and Labrador,,All persons aged 15 years and over,Food insecure,10,15.9
2020,Newfoundland and Labrador,,All persons aged 15 years and over,"Food insecure, marginal",10,4.6
2020,Newfoundland and Labrador,,All persons aged 15 years and over,"Food insecure, moderate or severe",10,11.3
2020,Newfoundland and Labrador,,All persons aged 15 years and over,"Food insecure, moderate",10,8.2
2020,Newfoundland and Labrador,,All persons aged 15 years and over,"Food insecure, severe",10,3.1
2020,Newfoundland and Labrador,,Indigenous population aged 15 years and over,Food secure,10,82.6
2020,Newfoundland and Labrador,,Indigenous population aged 15 years and over,Food insecure,10,17.4
2020,Newfoundland and Labrador,,Indigenous population aged 15 years and over,"Food insecure, marginal",10,
2020,Newfoundland and Labrador,,Indigenous population aged 15 years and over,"Food insecure, moderate or severe",10,11.1
2020,Newfoundland and Labrador,,Indigenous population aged 15 years and over,"Food insecure, moderate",10,
2020,Newfoundland and Labrador,,Indigenous population aged 15 years and over,"Food insecure, severe",10,
2020,Newfoundland and Labrador,,First Nations aged 15 years and over,Food secure,10,81.4
2020,Newfoundland and Labrador,,First Nations aged 15 years and over,Food insecure,10,18.6
2020,Newfoundland and Labrador,,First Nations aged 15 years and over,"Food insecure, marginal",10,
2020,Newfoundland and Labrador,,First Nations aged 15 years and over,"Food insecure, moderate or severe",10,
2020,Newfoundland and Labrador,,First Nations aged 15 years and over,"Food insecure, moderate",10,
2020,Newfoundland and Labrador,,First Nations aged 15 years and over,"Food insecure, severe",10,
2020,Newfoundland and Labrador,,Métis aged 15 years and over,Food secure,10,86.3
2020,Newfoundland and Labrador,,Métis aged 15 years and over,Food insecure,10,
2020,Newfoundland and Labrador,,Métis aged 15 years and over,"Food insecure, marginal",10,
2020,Newfoundland and Labrador,,Métis aged 15 years and over,"Food insecure, moderate or severe",10,
2020,Newfoundland and Labrador,,Métis aged 15 years and over,"Food insecure, moderate",10,
2020,Newfoundland and Labrador,,Métis aged 15 years and over,"Food insecure, severe",10,
2020,Newfoundland and Labrador,,Non-Indigenous population aged 15 years and over,Food secure,10,84.2
2020,Newfoundland and Labrador,,Non-Indigenous population aged 15 years and over,Food insecure,10,15.8
2020,Newfoundland and Labrador,,Non-Indigenous population aged 15 years and over,"Food insecure, marginal",10,4.5
2020,Newfoundland and Labrador,,Non-Indigenous population aged 15 years and over,"Food insecure, moderate or severe",10,11.3
2020,Newfoundland and Labrador,,Non-Indigenous population aged 15 years and over,"Food insecure, moderate",10,8.1
2020,Newfoundland and Labrador,,Non-Indigenous population aged 15 years and over,"Food insecure, severe",10,3.2
2020,Newfoundland and Labrador,,Immigrants aged 15 years and over,Food secure,10,70.3
2020,Newfoundland and Labrador,,Immigrants aged 15 years and over,Food insecure,10,29.7
2020,Newfoundland and Labrador,,Immigrants aged 15 years and over,"Food insecure, marginal",10,
2020,Newfoundland and Labrador,,Immigrants aged 15 years and over,"Food insecure, moderate or severe",10,
2020,Newfoundland and Labrador,,Immigrants aged 15 years and over,"Food insecure, moderate",10,
2020,Newfoundland and Labrador,,Immigrants aged 15 years and over,"Food insecure, severe",10,
2020,Newfoundland and Labrador,,Recent immigrants (10 years or less) aged 15 years and over,Food secure,10,65.0
2020,Newfoundland and Labrador,,Recent immigrants (10 years or less) aged 15 years and over,Food insecure,10,
2020,Newfoundland and Labrador,,Recent immigrants (10 years or less) aged 15 years and over,"Food insecure, marginal",10,
2020,Newfoundland and Labrador,,Recent immigrants (10 years or less) aged 15 years and over,"Food insecure, moderate or severe",10,
2020,Newfoundland and Labrador,,Recent immigrants (10 years or less) aged 15 years and over,"Food insecure, moderate",10,
2020,Newfoundland and Labrador,,Recent immigrants (10 years or less) aged 15 years and over,"Food insecure, severe",10,
2020,Newfoundland and Labrador,,Very recent immigrants (5 years or less) aged 15 years and over,Food secure,10,68.7
2020,Newfoundland and Labrador,,Very recent immigrants (5 years or less) aged 15 years and over,Food insecure,10,
2020,Newfoundland and Labrador,,Very recent immigrants (5 years or less) aged 15 years and over,"Food insecure, marginal",10,
2020,Newfoundland and Labrador,,Very recent immigrants (5 years or less) aged 15 years and over,"Food insecure, moderate or severe",10,
2020,Newfoundland and Labrador,,Very recent immigrants (5 years or less) aged 15 years and over,"Food insecure, moderate",10,
2020,Newfoundland and Labrador,,Very recent immigrants (5 years or less) aged 15 years and over,"Food insecure, severe",10,
2020,Newfoundland and Labrador,,Persons aged 15 years and over born in Canada,Food secure,10,84.5
2020,Newfoundland and Labrador,,Persons aged 15 years and over born in Canada,Food insecure,10,15.5
2020,Newfoundland and Labrador,,Persons aged 15 years and over born in Canada,"Food insecure, marginal",10,4.5
2020,Newfoundland and Labrador,,Persons aged 15 years and over born in Canada,"Food insecure, moderate or severe",10,11.1
2020,Newfoundland and Labrador,,Persons aged 15 years and over born in Canada,"Food insecure, moderate",10,7.9
2020,Newfoundland and Labrador,,Persons aged 15 years and over born in Canada,"Food insecure, severe",10,3.1
2020,Prince Edward Island,,All persons,Food secure,11,83.5
2020,Prince Edward Island,,All persons,Food insecure,11,16.5
2020,Prince Edward Island,,All persons,"Food insecure, marginal",11,5.7
2020,Prince Edward Island,,All persons,"Food insecure, moderate or severe",11,10.7
2020,Prince Edward Island,,All persons,"Food insecure, moderate",11,6.3
2020,Prince Edward Island,,All persons,"Food insecure, severe",11,4.4
2020,Prince Edward Island,,Persons under 18 years,Food secure,11,74.6
2020,Prince Edward Island,,Persons under 18 years,Food insecure,11,25.4
2020,Prince Edward Island,,Persons under 18 years,"Food insecure, marginal",11,
2020,Prince Edward Island,,Persons under 18 years,"Food insecure, moderate or severe",11,17.8
2020,Prince Edward Island,,Persons under 18 years,"Food insecure, moderate",11,10.8
2020,Prince Edward Island,,Persons under 18 years,"Food insecure, severe",11,6.9
2020,Prince Edward Island,,Persons 18 to 64 years,Food secure,11,83.9
2020,Prince Edward Island,,Persons 18 to 64 years,Food insecure,11,16.1
2020,Prince Edward Island,,Persons 18 to 64 years,"Food insecure, marginal",11,5.9
2020,Prince Edward Island,,Persons 18 to 64 years,"Food insecure, moderate or severe",11,10.2
2020,Prince Edward Island,,Persons 18 to 64 years,"Food insecure, moderate",11,5.8
2020,Prince Edward Island,,Persons 18 to 64 years,"Food insecure, severe",11,4.4
2020,Prince Edward Island,,Persons 18 to 24 years,Food secure,11,84.4
2020,Prince Edward Island,,Persons 18 to 24 years,Food insecure,11,15.6
2020,Prince Edward Island,,Persons 18 to 24 years,"Food insecure, marginal",11,
2020,Prince Edward Island,,Persons 18 to 24 years,"Food insecure, moderate or severe",11,11.2
2020,Prince Edward Island,,Persons 18 to 24 years,"Food insecure, moderate",11,
2020,Prince Edward Island,,Persons 18 to 24 years,"Food insecure, severe",11,
2020,Prince Edward Island,,Persons 25 to 34 years,Food secure,11,80.6
2020,Prince Edward Island,,Persons 25 to 34 years,Food insecure,11,19.4
2020,Prince Edward Island,,Persons 25 to 34 years,"Food insecure, marginal",11,9.1
2020,Prince Edward Island,,Persons 25 to 34 years,"Food insecure, moderate or severe",11,10.4
2020,Prince Edward Island,,Persons 25 to 34 years,"Food insecure, moderate",11,5.2
2020,Prince Edward Island,,Persons 25 to 34 years,"Food insecure, severe",11,
2020,Prince Edward Island,,Persons 35 to 44 years,Food secure,11,80.7
2020,Prince Edward Island,,Persons 35 to 44 years,Food insecure,11,19.3
2020,Prince Edward Island,,Persons 35 to 44 years,"Food insecure, marginal",11,7.2
2020,Prince Edward Island,,Persons 35 to 44 years,"Food insecure, moderate or severe",11,12.1
2020,Prince Edward Island,,Persons 35 to 44 years,"Food insecure, moderate",11,6.9
2020,Prince Edward Island,,Persons 35 to 44 years,"Food insecure, severe",11,5.3
2020,Prince Edward Island,,Persons 45 to 54 years,Food secure,11,82.5
2020,Prince Edward Island,,Persons 45 to 54 years,Food insecure,11,17.5
2020,Prince Edward Island,,Persons 45 to 54 years,"Food insecure, marginal",11,
2020,Prince Edward Island,,Persons 45 to 54 years,"Food insecure, moderate or severe",11,12.0
2020,Prince Edward Island,,Persons 45 to 54 years,"Food insecure, moderate",11,6.9
2020,Prince Edward Island,,Persons 45 to 54 years,"Food insecure, severe",11,5.1
2020,Prince Edward Island,,Persons 55 to 64 years,Food secure,11,90.0
2020,Prince Edward Island,,Persons 55 to 64 years,Food insecure,11,10.0
2020,Prince Edward Island,,Persons 55 to 64 years,"Food insecure, marginal",11,3.7
2020,Prince Edward Island,,Persons 55 to 64 years,"Food insecure, moderate or severe",11,6.3
2020,Prince Edward Island,,Persons 55 to 64 years,"Food insecure, moderate",11,3.7
2020,Prince Edward Island,,Persons 55 to 64 years,"Food insecure, severe",11,2.6
2020,Prince Edward Island,,Persons 65 years and over,Food secure,11,91.0
2020,Prince Edward Island,,Persons 65 years and over,Food insecure,11,9.0
2020,Prince Edward Island,,Persons 65 years and over,"Food insecure, marginal",11,3.4
2020,Prince Edward Island,,Persons 65 years and over,"Food insecure, moderate or severe",11,5.6
2020,Prince Edward Island,,Persons 65 years and over,"Food insecure, moderate",11,3.7
2020,Prince Edward Island,,Persons 65 years and over,"Food insecure, severe",11,
2020,Prince Edward Island,,Males,Food secure,11,84.0
2020,Prince Edward Island,,Males,Food insecure,11,16.0
2020,Prince Edward Island,,Males,"Food insecure, marginal",11,5.9
2020,Prince Edward Island,,Males,"Food insecure, moderate or severe",11,10.2
2020,Prince Edward Island,,Males,"Food insecure, moderate",11,5.6
2020,Prince Edward Island,,Males,"Food insecure, severe",11,4.6
2020,Prince Edward Island,,"Males, under 18 years",Food secure,11,75.1
2020,Prince Edward Island,,"Males, under 18 years",Food insecure,11,24.9
2020,Prince Edward Island,,"Males, under 18 years","Food insecure, marginal",11,
2020,Prince Edward Island,,"Males, under 18 years","Food insecure, moderate or severe",11,18.0
2020,Prince Edward Island,,"Males, under 18 years","Food insecure, moderate",11,10.4
2020,Prince Edward Island,,"Males, under 18 years","Food insecure, severe",11,
2020,Prince Edward Island,,"Males, 18 to 64 years",Food secure,11,84.6
2020,Prince Edward Island,,"Males, 18 to 64 years",Food insecure,11,15.4
2020,Prince Edward Island,,"Males, 18 to 64 years","Food insecure, marginal",11,6.3
2020,Prince Edward Island,,"Males, 18 to 64 years","Food insecure, moderate or severe",11,9.1
2020,Prince Edward Island,,"Males, 18 to 64 years","Food insecure, moderate",11,4.6
2020,Prince Edward Island,,"Males, 18 to 64 years","Food insecure, severe",11,4.4
2020,Prince Edward Island,,"Males, 65 years and over",Food secure,11,90.8
2020,Prince Edward Island,,"Males, 65 years and over",Food insecure,11,9.2
2020,Prince Edward Island,,"Males, 65 years and over","Food insecure, marginal",11,3.4
2020,Prince Edward Island,,"Males, 65 years and over","Food insecure, moderate or severe",11,5.8
2020,Prince Edward Island,,"Males, 65 years and over","Food insecure, moderate",11,
2020,Prince Edward Island,,"Males, 65 years and over","Food insecure, severe",11,
2020,Prince Edward Island,,Females,Food secure,11,83.1
2020,Prince Edward Island,,Females,Food insecure,11,16.9
2020,Prince Edward Island,,Females,"Food insecure, marginal",11,5.6
2020,Prince Edward Island,,Females,"Food insecure, moderate or severe",11,11.2
2020,Prince Edward Island,,Females,"Food insecure, moderate",11,7.1
2020,Prince Edward Island,,Females,"Food insecure, severe",11,4.2
2020,Prince Edward Island,,"Females, under 18 years",Food secure,11,74.1
2020,Prince Edward Island,,"Females, under 18 years",Food insecure,11,25.9
2020,Prince Edward Island,,"Females, under 18 years","Food insecure, marginal",11,
2020,Prince Edward Island,,"Females, under 18 years","Food insecure, moderate or severe",11,17.5
2020,Prince Edward Island,,"Females, under 18 years","Food insecure, moderate",11,11.3
2020,Prince Edward Island,,"Females, under 18 years","Food insecure, severe",11,
2020,Prince Edward Island,,"Females, 18 to 64 years",Food secure,11,83.1
2020,Prince Edward Island,,"Females, 18 to 64 years",Food insecure,11,16.9
2020,Prince Edward Island,,"Females, 18 to 64 years","Food insecure, marginal",11,5.6
2020,Prince Edward Island,,"Females, 18 to 64 years","Food insecure, moderate or severe",11,11.3
2020,Prince Edward Island,,"Females, 18 to 64 years","Food insecure, moderate",11,6.9
2020,Prince Edward Island,,"Females, 18 to 64 years","Food insecure, severe",11,4.4
2020,Prince Edward Island,,"Females, 65 years and over",Food secure,11,91.2
2020,Prince Edward Island,,"Females, 65 years and over",Food insecure,11,8.8
2020,Prince Edward Island,,"Females, 65 years and over","Food insecure, marginal",11,3.4
2020,Prince Edward Island,,"Females, 65 years and over","Food insecure, moderate or severe",11,5.3
2020,Prince Edward Island,,"Females, 65 years and over","Food insecure, moderate",11,3.7
2020,Prince Edward Island,,"Females, 65 years and over","Food insecure, severe",11,
2020,Prince Edward Island,,Visible minority population,Food secure,11,81.3
2020,Prince Edward Island,,Visible minority population,Food insecure,11,18.7
2020,Prince Edward Island,,Visible minority population,"Food insecure, marginal",11,
2020,Prince Edward Island,,Visible minority population,"Food insecure, moderate or severe",11,
2020,Prince Edward Island,,Visible minority population,"Food insecure, moderate",11,
2020,Prince Edward Island,,Visible minority population,"Food insecure, severe",11,
2020,Prince Edward Island,,South Asian,Food secure,11,100.0
2020,Prince Edward Island,,South Asian,Food insecure,11,
2020,Prince Edward Island,,South Asian,"Food insecure, marginal",11,
2020,Prince Edward Island,,South Asian,"Food insecure, moderate or severe",11,
2020,Prince Edward Island,,South Asian,"Food insecure, moderate",11,
2020,Prince Edward Island,,South Asian,"Food insecure, severe",11,
2020,Prince Edward Island,,Chinese,Food secure,11,100.0
2020,Prince Edward Island,,Chinese,Food insecure,11,
2020,Prince Edward Island,,Chinese,"Food insecure, marginal",11,
2020,Prince Edward Island,,Chinese,"Food insecure, moderate or severe",11,
2020,Prince Edward Island,,Chinese,"Food insecure, moderate",11,
2020,Prince Edward Island,,Chinese,"Food insecure, severe",11,
2020,Prince Edward Island,,Black,Food secure,11,65.1
2020,Prince Edward Island,,Black,Food insecure,11,
2020,Prince Edward Island,,Black,"Food insecure, marginal",11,
2020,Prince Edward Island,,Black,"Food insecure, moderate or severe",11,
2020,Prince Edward Island,,Black,"Food insecure, moderate",11,
2020,Prince Edward Island,,Black,"Food insecure, severe",11,
2020,Prince Edward Island,,Filipino,Food secure,11,
2020,Prince Edward Island,,Filipino,Food insecure,11,68.6
2020,Prince Edward Island,,Filipino,"Food insecure, marginal",11,
2020,Prince Edward Island,,Filipino,"Food insecure, moderate or severe",11,
2020,Prince Edward Island,,Filipino,"Food insecure, moderate",11,
2020,Prince Edward Island,,Filipino,"Food insecure, severe",11,
2020,Prince Edward Island,,Arab,Food secure,11,
2020,Prince Edward Island,,Arab,Food insecure,11,
2020,Prince Edward Island,,Arab,"Food insecure, marginal",11,
2020,Prince Edward Island,,Arab,"Food insecure, moderate or severe",11,
2020,Prince Edward Island,,Arab,"Food insecure, moderate",11,
2020,Prince Edward Island,,Arab,"Food insecure, severe",11,
2020,Prince Edward Island,,Latin American,Food secure,11,
2020,Prince Edward Island,,Latin American,Food insecure,11,
2020,Prince Edward Island,,Latin American,"Food insecure, marginal",11,
2020,Prince Edward Island,,Latin American,"Food insecure, moderate or severe",11,
2020,Prince Edward Island,,Latin American,"Food insecure, moderate",11,
2020,Prince Edward Island,,Latin American,"Food insecure, severe",11,
2020,Prince Edward Island,,Southeast Asian,Food secure,11,
2020,Prince Edward Island,,Southeast Asian,Food insecure,11,
2020,Prince Edward Island,,Southeast Asian,"Food insecure, marginal",11,
2020,Prince Edward Island,,Southeast Asian,"Food insecure, moderate or severe",11,
2020,Prince Edward Island,,Southeast Asian,"Food insecure, moderate",11,
2020,Prince Edward Island,,Southeast Asian,"Food insecure, severe",11,
2020,Prince Edward Island,,Other visible minority,Food secure,11,
2020,Prince Edward Island,,Other visible minority,Food insecure,11,
2020,Prince Edward Island,,Other visible minority,"Food insecure, marginal",11,
2020,Prince Edward Island,,Other visible minority,"Food insecure, moderate or severe",11,
2020,Prince Edward Island,,Other visible minority,"Food insecure, moderate",11,
2020,Prince Edward Island,,Other visible minority,"Food insecure, severe",11,
2020,Prince Edward Island,,Not a visible minority,Food secure,11,83.8
2020,Prince Edward Island,,Not a visible minority,Food insecure,11,16.2
2020,Prince Edward Island,,Not a visible minority,"Food insecure, marginal",11,5.7
2020,Prince Edward Island,,Not a visible minority,"Food insecure, moderate or severe",11,10.5
2020,Prince Edward Island,,Not a visible minority,"Food insecure, moderate",11,5.9
2020,Prince Edward Island,,Not a visible minority,"Food insecure, severe",11,4.5
2020,Prince Edward Island,,Indigenous population,Food secure,11,68.6
2020,Prince Edward Island,,Indigenous population,Food insecure,11,
2020,Prince Edward Island,,Indigenous population,"Food insecure, marginal",11,
2020,Prince Edward Island,,Indigenous population,"Food insecure, moderate or severe",11,
2020,Prince Edward Island,,Indigenous population,"Food insecure, moderate",11,
2020,Prince Edward Island,,Indigenous population,"Food insecure, severe",11,
2020,Prince Edward Island,,Non-Indigenous population,Food secure,11,83.7
2020,Prince Edward Island,,Non-Indigenous population,Food insecure,11,16.3
2020,Prince Edward Island,,Non-Indigenous population,"Food insecure, marginal",11,5.5
2020,Prince Edward Island,,Non-Indigenous population,"Food insecure, moderate or severe",11,10.8
2020,Prince Edward Island,,Non-Indigenous population,"Food insecure, moderate",11,6.4
2020,Prince Edward Island,,Non-Indigenous population,"Food insecure, severe",11,4.4
2020,Prince Edward Island,,Not a visible minority nor Indigenous,Food secure,11,84.0
2020,Prince Edward Island,,Not a visible minority nor Indigenous,Food insecure,11,16.0
2020,Prince Edward Island,,Not a visible minority nor Indigenous,"Food insecure, marginal",11,5.5
2020,Prince Edward Island,,Not a visible minority nor Indigenous,"Food insecure, moderate or severe",11,10.5
2020,Prince Edward Island,,Not a visible minority nor Indigenous,"Food insecure, moderate",11,6.0
2020,Prince Edward Island,,Not a visible minority nor Indigenous,"Food insecure, severe",11,4.6
2020,Prince Edward Island,,All persons aged 15 years and over,Food secure,11,85.2
2020,Prince Edward Island,,All persons aged 15 years and over,Food insecure,11,14.8
2020,Prince Edward Island,,All persons aged 15 years and over,"Food insecure, marginal",11,5.5
2020,Prince Edward Island,,All persons aged 15 years and over,"Food insecure, moderate or severe",11,9.3
2020,Prince Edward Island,,All persons aged 15 years and over,"Food insecure, moderate",11,5.4
2020,Prince Edward Island,,All persons aged 15 years and over,"Food insecure, severe",11,3.9
2020,Prince Edward Island,,Indigenous population aged 15 years and over,Food secure,11,66.9
2020,Prince Edward Island,,Indigenous population aged 15 years and over,Food insecure,11,
2020,Prince Edward Island,,Indigenous population aged 15 years and over,"Food insecure, marginal",11,
2020,Prince Edward Island,,Indigenous population aged 15 years and over,"Food insecure, moderate or severe",11,
2020,Prince Edward Island,,Indigenous population aged 15 years and over,"Food insecure, moderate",11,
2020,Prince Edward Island,,Indigenous population aged 15 years and over,"Food insecure, severe",11,
2020,Prince Edward Island,,First Nations aged 15 years and over,Food secure,11,
2020,Prince Edward Island,,First Nations aged 15 years and over,Food insecure,11,
2020,Prince Edward Island,,First Nations aged 15 years and over,"Food insecure, marginal",11,
2020,Prince Edward Island,,First Nations aged 15 years and over,"Food insecure, moderate or severe",11,
2020,Prince Edward Island,,First Nations aged 15 years and over,"Food insecure, moderate",11,
2020,Prince Edward Island,,First Nations aged 15 years and over,"Food insecure, severe",11,
2020,Prince Edward Island,,Métis aged 15 years and over,Food secure,11,
2020,Prince Edward Island,,Métis aged 15 years and over,Food insecure,11,
2020,Prince Edward Island,,Métis aged 15 years and over,"Food insecure, marginal",11,
2020,Prince Edward Island,,Métis aged 15 years and over,"Food insecure, moderate or severe",11,
2020,Prince Edward Island,,Métis aged 15 years and over,"Food insecure, moderate",11,
2020,Prince Edward Island,,Métis aged 15 years and over,"Food insecure, severe",11,
2020,Prince Edward Island,,Non-Indigenous population aged 15 years and over,Food secure,11,85.4
2020,Prince Edward Island,,Non-Indigenous population aged 15 years and over,Food insecure,11,14.6
2020,Prince Edward Island,,Non-Indigenous population aged 15 years and over,"Food insecure, marginal",11,5.3
2020,Prince Edward Island,,Non-Indigenous population aged 15 years and over,"Food insecure, moderate or severe",11,9.3
2020,Prince Edward Island,,Non-Indigenous population aged 15 years and over,"Food insecure, moderate",11,5.4
2020,Prince Edward Island,,Non-Indigenous population aged 15 years and over,"Food insecure, severe",11,3.9
2020,Prince Edward Island,,Immigrants aged 15 years and over,Food secure,11,80.5
2020,Prince Edward Island,,Immigrants aged 15 years and over,Food insecure,11,19.5
2020,Prince Edward Island,,Immigrants aged 15 years and over,"Food insecure, marginal",11,
2020,Prince Edward Island,,Immigrants aged 15 years and over,"Food insecure, moderate or severe",11,11.7
2020,Prince Edward Island,,Immigrants aged 15 years and over,"Food insecure, moderate",11,
2020,Prince Edward Island,,Immigrants aged 15 years and over,"Food insecure, severe",11,
2020,Prince Edward Island,,Recent immigrants (10 years or less) aged 15 years and over,Food secure,11,80.8
2020,Prince Edward Island,,Recent immigrants (10 years or less) aged 15 years and over,Food insecure,11,
2020,Prince Edward Island,,Recent immigrants (10 years or less) aged 15 years and over,"Food insecure, marginal",11,
2020,Prince Edward Island,,Recent immigrants (10 years or less) aged 15 years and over,"Food insecure, moderate or severe",11,
2020,Prince Edward Island,,Recent immigrants (10 years or less) aged 15 years and over,"Food insecure, moderate",11,
2020,Prince Edward Island,,Recent immigrants (10 years or less) aged 15 years and over,"Food insecure, severe",11,
2020,Prince Edward Island,,Very recent immigrants (5 years or less) aged 15 years and over,Food secure,11,85.4
2020,Prince Edward Island,,Very recent immigrants (5 years or less) aged 15 years and over,Food insecure,11,
2020,Prince Edward Island,,Very recent immigrants (5 years or less) aged 15 years and over,"Food insecure, marginal",11,
2020,Prince Edward Island,,Very recent immigrants (5 years or less) aged 15 years and over,"Food insecure, moderate or severe",11,
2020,Prince Edward Island,,Very recent immigrants (5 years or less) aged 15 years and over,"Food insecure, moderate",11,
2020,Prince Edward Island,,Very recent immigrants (5 years or less) aged 15 years and over,"Food insecure, severe",11,
2020,Prince Edward Island,,Persons aged 15 years and over born in Canada,Food secure,11,85.8
2020,Prince Edward Island,,Persons aged 15 years and over born in Canada,Food insecure,11,14.2
2020,Prince Edward Island,,Persons aged 15 years and over born in Canada,"Food insecure, marginal",11,5.5
2020,Prince Edward Island,,Persons aged 15 years and over born in Canada,"Food insecure, moderate or severe",11,8.8
2020,Prince Edward Island,,Persons aged 15 years and over born in Canada,"Food insecure, moderate",11,4.7
2020,Prince Edward Island,,Persons aged 15 years and over born in Canada,"Food insecure, severe",11,4.0
2020,Nova Scotia,,All persons,Food secure,12,82.3
2020,Nova Scotia,,All persons,Food insecure,12,17.7
2020,Nova Scotia,,All persons,"Food insecure, marginal",12,4.5
2020,Nova Scotia,,All persons,"Food insecure, moderate or severe",12,13.1
2020,Nova Scotia,,All persons,"Food insecure, moderate",12,8.1
2020,Nova Scotia,,All persons,"Food insecure, severe",12,5.0
2020,Nova Scotia,,Persons under 18 years,Food secure,12,74.2
2020,Nova Scotia,,Persons under 18 years,Food insecure,12,25.8
2020,Nova Scotia,,Persons under 18 years,"Food insecure, marginal",12,5.9
2020,Nova Scotia,,Persons under 18 years,"Food insecure, moderate or severe",12,19.9
2020,Nova Scotia,,Persons under 18 years,"Food insecure, moderate",12,12.0
2020,Nova Scotia,,Persons under 18 years,"Food insecure, severe",12,7.8
2020,Nova Scotia,,Persons 18 to 64 years,Food secure,12,81.9
2020,Nova Scotia,,Persons 18 to 64 years,Food insecure,12,18.1
2020,Nova Scotia,,Persons 18 to 64 years,"Food insecure, marginal",12,4.4
2020,Nova Scotia,,Persons 18 to 64 years,"Food insecure, moderate or severe",12,13.7
2020,Nova Scotia,,Persons 18 to 64 years,"Food insecure, moderate",12,8.3
2020,Nova Scotia,,Persons 18 to 64 years,"Food insecure, severe",12,5.3
2020,Nova Scotia,,Persons 18 to 24 years,Food secure,12,83.5
2020,Nova Scotia,,Persons 18 to 24 years,Food insecure,12,16.5
2020,Nova Scotia,,Persons 18 to 24 years,"Food insecure, marginal",12,4.1
2020,Nova Scotia,,Persons 18 to 24 years,"Food insecure, moderate or severe",12,12.4
2020,Nova Scotia,,Persons 18 to 24 years,"Food insecure, moderate",12,8.6
2020,Nova Scotia,,Persons 18 to 24 years,"Food insecure, severe",12,3.8
2020,Nova Scotia,,Persons 25 to 34 years,Food secure,12,81.1
2020,Nova Scotia,,Persons 25 to 34 years,Food insecure,12,18.9
2020,Nova Scotia,,Persons 25 to 34 years,"Food insecure, marginal",12,5.1
2020,Nova Scotia,,Persons 25 to 34 years,"Food insecure, moderate or severe",12,13.8
2020,Nova Scotia,,Persons 25 to 34 years,"Food insecure, moderate",12,7.5
2020,Nova Scotia,,Persons 25 to 34 years,"Food insecure, severe",12,6.4
2020,Nova Scotia,,Persons 35 to 44 years,Food secure,12,76.9
2020,Nova Scotia,,Persons 35 to 44 years,Food insecure,12,23.1
2020,Nova Scotia,,Persons 35 to 44 years,"Food insecure, marginal",12,6.1
2020,Nova Scotia,,Persons 35 to 44 years,"Food insecure, moderate or severe",12,17.1
2020,Nova Scotia,,Persons 35 to 44 years,"Food insecure, moderate",12,11.0
2020,Nova Scotia,,Persons 35 to 44 years,"Food insecure, severe",12,6.1
2020,Nova Scotia,,Persons 45 to 54 years,Food secure,12,81.0
2020,Nova Scotia,,Persons 45 to 54 years,Food insecure,12,19.0
2020,Nova Scotia,,Persons 45 to 54 years,"Food insecure, marginal",12,3.1
2020,Nova Scotia,,Persons 45 to 54 years,"Food insecure, moderate or severe",12,15.9
2020,Nova Scotia,,Persons 45 to 54 years,"Food insecure, moderate",12,9.9
2020,Nova Scotia,,Persons 45 to 54 years,"Food insecure, severe",12,6.1
2020,Nova Scotia,,Persons 55 to 64 years,Food secure,12,86.2
2020,Nova Scotia,,Persons 55 to 64 years,Food insecure,12,13.8
2020,Nova Scotia,,Persons 55 to 64 years,"Food insecure, marginal",12,3.9
2020,Nova Scotia,,Persons 55 to 64 years,"Food insecure, moderate or severe",12,9.9
2020,Nova Scotia,,Persons 55 to 64 years,"Food insecure, moderate",12,5.7
2020,Nova Scotia,,Persons 55 to 64 years,"Food insecure, severe",12,4.1
2020,Nova Scotia,,Persons 65 years and over,Food secure,12,90.0
2020,Nova Scotia,,Persons 65 years and over,Food insecure,12,10.0
2020,Nova Scotia,,Persons 65 years and over,"Food insecure, marginal",12,3.7
2020,Nova Scotia,,Persons 65 years and over,"Food insecure, moderate or severe",12,6.3
2020,Nova Scotia,,Persons 65 years and over,"Food insecure, moderate",12,4.5
2020,Nova Scotia,,Persons 65 years and over,"Food insecure, severe",12,1.8
2020,Nova Scotia,,Males,Food secure,12,83.4
2020,Nova Scotia,,Males,Food insecure,12,16.6
2020,Nova Scotia,,Males,"Food insecure, marginal",12,4.4
2020,Nova Scotia,,Males,"Food insecure, moderate or severe",12,12.2
2020,Nova Scotia,,Males,"Food insecure, moderate",12,7.8
2020,Nova Scotia,,Males,"Food insecure, severe",12,4.4
2020,Nova Scotia,,"Males, under 18 years",Food secure,12,75.1
2020,Nova Scotia,,"Males, under 18 years",Food insecure,12,24.9
2020,Nova Scotia,,"Males, under 18 years","Food insecure, marginal",12,5.0
2020,Nova Scotia,,"Males, under 18 years","Food insecure, moderate or severe",12,19.9
2020,Nova Scotia,,"Males, under 18 years","Food insecure, moderate",12,12.1
2020,Nova Scotia,,"Males, under 18 years","Food insecure, severe",12,7.8
2020,Nova Scotia,,"Males, 18 to 64 years",Food secure,12,83.5
2020,Nova Scotia,,"Males, 18 to 64 years",Food insecure,12,16.5
2020,Nova Scotia,,"Males, 18 to 64 years","Food insecure, marginal",12,4.7
2020,Nova Scotia,,"Males, 18 to 64 years","Food insecure, moderate or severe",12,11.9
2020,Nova Scotia,,"Males, 18 to 64 years","Food insecure, moderate",12,7.6
2020,Nova Scotia,,"Males, 18 to 64 years","Food insecure, severe",12,4.3
2020,Nova Scotia,,"Males, 65 years and over",Food secure,12,90.7
2020,Nova Scotia,,"Males, 65 years and over",Food insecure,12,9.3
2020,Nova Scotia,,"Males, 65 years and over","Food insecure, marginal",12,2.9
2020,Nova Scotia,,"Males, 65 years and over","Food insecure, moderate or severe",12,6.4
2020,Nova Scotia,,"Males, 65 years and over","Food insecure, moderate",12,4.8
2020,Nova Scotia,,"Males, 65 years and over","Food insecure, severe",12,1.6
2020,Nova Scotia,,Females,Food secure,12,81.3
2020,Nova Scotia,,Females,Food insecure,12,18.7
2020,Nova Scotia,,Females,"Food insecure, marginal",12,4.7
2020,Nova Scotia,,Females,"Food insecure, moderate or severe",12,14.0
2020,Nova Scotia,,Females,"Food insecure, moderate",12,8.4
2020,Nova Scotia,,Females,"Food insecure, severe",12,5.6
2020,Nova Scotia,,"Females, under 18 years",Food secure,12,73.3
2020,Nova Scotia,,"Females, under 18 years",Food insecure,12,26.7
2020,Nova Scotia,,"Females, under 18 years","Food insecure, marginal",12,6.9
2020,Nova Scotia,,"Females, under 18 years","Food insecure, moderate or severe",12,19.8
2020,Nova Scotia,,"Females, under 18 years","Food insecure, moderate",12,11.9
2020,Nova Scotia,,"Females, under 18 years","Food insecure, severe",12,7.9
2020,Nova Scotia,,"Females, 18 to 64 years",Food secure,12,80.5
2020,Nova Scotia,,"Females, 18 to 64 years",Food insecure,12,19.5
2020,Nova Scotia,,"Females, 18 to 64 years","Food insecure, marginal",12,4.2
2020,Nova Scotia,,"Females, 18 to 64 years","Food insecure, moderate or severe",12,15.4
2020,Nova Scotia,,"Females, 18 to 64 years","Food insecure, moderate",12,9.1
2020,Nova Scotia,,"Females, 18 to 64 years","Food insecure, severe",12,6.3
2020,Nova Scotia,,"Females, 65 years and over",Food secure,12,89.5
2020,Nova Scotia,,"Females, 65 years and over",Food insecure,12,10.5
2020,Nova Scotia,,"Females, 65 years and over","Food insecure, marginal",12,4.4
2020,Nova Scotia,,"Females, 65 years and over","Food insecure, moderate or severe",12,6.2
2020,Nova Scotia,,"Females, 65 years and over","Food insecure, moderate",12,4.1
2020,Nova Scotia,,"Females, 65 years and over","Food insecure, severe",12,2.0
2020,Nova Scotia,,Visible minority population,Food secure,12,75.8
2020,Nova Scotia,,Visible minority population,Food insecure,12,24.2
2020,Nova Scotia,,Visible minority population,"Food insecure, marginal",12,
2020,Nova Scotia,,Visible minority population,"Food insecure, moderate or severe",12,16.6
2020,Nova Scotia,,Visible minority population,"Food insecure, moderate",12,12.7
2020,Nova Scotia,,Visible minority population,"Food insecure, severe",12,
2020,Nova Scotia,,South Asian,Food secure,12,84.6
2020,Nova Scotia,,South Asian,Food insecure,12,
2020,Nova Scotia,,South Asian,"Food insecure, marginal",12,
2020,Nova Scotia,,South Asian,"Food insecure, moderate or severe",12,
2020,Nova Scotia,,South Asian,"Food insecure, moderate",12,
2020,Nova Scotia,,South Asian,"Food insecure, severe",12,
2020,Nova Scotia,,Chinese,Food secure,12,87.9
2020,Nova Scotia,,Chinese,Food insecure,12,
2020,Nova Scotia,,Chinese,"Food insecure, marginal",12,
2020,Nova Scotia,,Chinese,"Food insecure, moderate or severe",12,
2020,Nova Scotia,,Chinese,"Food insecure, moderate",12,
2020,Nova Scotia,,Chinese,"Food insecure, severe",12,
2020,Nova Scotia,,Black,Food secure,12,66.4
2020,Nova Scotia,,Black,Food insecure,12,33.6
2020,Nova Scotia,,Black,"Food insecure, marginal",12,
2020,Nova Scotia,,Black,"Food insecure, moderate or severe",12,25.7
2020,Nova Scotia,,Black,"Food insecure, moderate",12,
2020,Nova Scotia,,Black,"Food insecure, severe",12,
2020,Nova Scotia,,Filipino,Food secure,12,72.0
2020,Nova Scotia,,Filipino,Food insecure,12,
2020,Nova Scotia,,Filipino,"Food insecure, marginal",12,
2020,Nova Scotia,,Filipino,"Food insecure, moderate or severe",12,
2020,Nova Scotia,,Filipino,"Food insecure, moderate",12,
2020,Nova Scotia,,Filipino,"Food insecure, severe",12,
2020,Nova Scotia,,Arab,Food secure,12,77.9
2020,Nova Scotia,,Arab,Food insecure,12,
2020,Nova Scotia,,Arab,"Food insecure, marginal",12,
2020,Nova Scotia,,Arab,"Food insecure, moderate or severe",12,
2020,Nova Scotia,,Arab,"Food insecure, moderate",12,
2020,Nova Scotia,,Arab,"Food insecure, severe",12,
2020,Nova Scotia,,Latin American,Food secure,12,
2020,Nova Scotia,,Latin American,Food insecure,12,
2020,Nova Scotia,,Latin American,"Food insecure, marginal",12,
2020,Nova Scotia,,Latin American,"Food insecure, moderate or severe",12,
2020,Nova Scotia,,Latin American,"Food insecure, moderate",12,
2020,Nova Scotia,,Latin American,"Food insecure, severe",12,
2020,Nova Scotia,,Southeast Asian,Food secure,12,64.2
2020,Nova Scotia,,Southeast Asian,Food insecure,12,
2020,Nova Scotia,,Southeast Asian,"Food insecure, marginal",12,
2020,Nova Scotia,,Southeast Asian,"Food insecure, moderate or severe",12,
2020,Nova Scotia,,Southeast Asian,"Food insecure, moderate",12,
2020,Nova Scotia,,Southeast Asian,"Food insecure, severe",12,
2020,Nova Scotia,,Other visible minority,Food secure,12,75.9
2020,Nova Scotia,,Other visible minority,Food insecure,12,
2020,Nova Scotia,,Other visible minority,"Food insecure, marginal",12,
2020,Nova Scotia,,Other visible minority,"Food insecure, moderate or severe",12,
2020,Nova Scotia,,Other visible minority,"Food insecure, moderate",12,
2020,Nova Scotia,,Other visible minority,"Food insecure, severe",12,
2020,Nova Scotia,,Not a visible minority,Food secure,12,83.0
2020,Nova Scotia,,Not a visible minority,Food insecure,12,17.0
2020,Nova Scotia,,Not a visible minority,"Food insecure, marginal",12,4.2
2020,Nova Scotia,,Not a visible minority,"Food insecure, moderate or severe",12,12.8
2020,Nova Scotia,,Not a visible minority,"Food insecure, moderate",12,7.7
2020,Nova Scotia,,Not a visible minority,"Food insecure, severe",12,5.1
2020,Nova Scotia,,Indigenous population,Food secure,12,69.1
2020,Nova Scotia,,Indigenous population,Food insecure,12,30.9
2020,Nova Scotia,,Indigenous population,"Food insecure, marginal",12,
2020,Nova Scotia,,Indigenous population,"Food insecure, moderate or severe",12,23.3
2020,Nova Scotia,,Indigenous population,"Food insecure, moderate",12,
2020,Nova Scotia,,Indigenous population,"Food insecure, severe",12,
2020,Nova Scotia,,Non-Indigenous population,Food secure,12,82.9
2020,Nova Scotia,,Non-Indigenous population,Food insecure,12,17.1
2020,Nova Scotia,,Non-Indigenous population,"Food insecure, marginal",12,4.4
2020,Nova Scotia,,Non-Indigenous population,"Food insecure, moderate or severe",12,12.7
2020,Nova Scotia,,Non-Indigenous population,"Food insecure, moderate",12,8.0
2020,Nova Scotia,,Non-Indigenous population,"Food insecure, severe",12,4.7
2020,Nova Scotia,,Not a visible minority nor Indigenous,Food secure,12,83.6
2020,Nova Scotia,,Not a visible minority nor Indigenous,Food insecure,12,16.4
2020,Nova Scotia,,Not a visible minority nor Indigenous,"Food insecure, marginal",12,4.1
2020,Nova Scotia,,Not a visible minority nor Indigenous,"Food insecure, moderate or severe",12,12.3
2020,Nova Scotia,,Not a visible minority nor Indigenous,"Food insecure, moderate",12,7.5
2020,Nova Scotia,,Not a visible minority nor Indigenous,"Food insecure, severe",12,4.8
2020,Nova Scotia,,All persons aged 15 years and over,Food secure,12,83.8
2020,Nova Scotia,,All persons aged 15 years and over,Food insecure,12,16.2
2020,Nova Scotia,,All persons aged 15 years and over,"Food insecure, marginal",12,4.3
2020,Nova Scotia,,All persons aged 15 years and over,"Food insecure, moderate or severe",12,11.9
2020,Nova Scotia,,All persons aged 15 years and over,"Food insecure, moderate",12,7.5
2020,Nova Scotia,,All persons aged 15 years and over,"Food insecure, severe",12,4.4
2020,Nova Scotia,,Indigenous population aged 15 years and over,Food secure,12,73.8
2020,Nova Scotia,,Indigenous population aged 15 years and over,Food insecure,12,26.2
2020,Nova Scotia,,Indigenous population aged 15 years and over,"Food insecure, marginal",12,
2020,Nova Scotia,,Indigenous population aged 15 years and over,"Food insecure, moderate or severe",12,19.0
2020,Nova Scotia,,Indigenous population aged 15 years and over,"Food insecure, moderate",12,
2020,Nova Scotia,,Indigenous population aged 15 years and over,"Food insecure, severe",12,10.0
2020,Nova Scotia,,First Nations aged 15 years and over,Food secure,12,70.0
2020,Nova Scotia,,First Nations aged 15 years and over,Food insecure,12,30.0
2020,Nova Scotia,,First Nations aged 15 years and over,"Food insecure, marginal",12,
2020,Nova Scotia,,First Nations aged 15 years and over,"Food insecure, moderate or severe",12,
2020,Nova Scotia,,First Nations aged 15 years and over,"Food insecure, moderate",12,
2020,Nova Scotia,,First Nations aged 15 years and over,"Food insecure, severe",12,
2020,Nova Scotia,,Métis aged 15 years and over,Food secure,12,76.0
2020,Nova Scotia,,Métis aged 15 years and over,Food insecure,12,24.0
2020,Nova Scotia,,Métis aged 15 years and over,"Food insecure, marginal",12,
2020,Nova Scotia,,Métis aged 15 years and over,"Food insecure, moderate or severe",12,19.6
2020,Nova Scotia,,Métis aged 15 years and over,"Food insecure, moderate",12,
2020,Nova Scotia,,Métis aged 15 years and over,"Food insecure, severe",12,
2020,Nova Scotia,,Non-Indigenous population aged 15 years and over,Food secure,12,84.1
2020,Nova Scotia,,Non-Indigenous population aged 15 years and over,Food insecure,12,15.9
2020,Nova Scotia,,Non-Indigenous population aged 15 years and over,"Food insecure, marginal",12,4.2
2020,Nova Scotia,,Non-Indigenous population aged 15 years and over,"Food insecure, moderate or severe",12,11.7
2020,Nova Scotia,,Non-Indigenous population aged 15 years and over,"Food insecure, moderate",12,7.5
2020,Nova Scotia,,Non-Indigenous population aged 15 years and over,"Food insecure, severe",12,4.2
2020,Nova Scotia,,Immigrants aged 15 years and over,Food secure,12,80.4
2020,Nova Scotia,,Immigrants aged 15 years and over,Food insecure,12,19.6
2020,Nova Scotia,,Immigrants aged 15 years and over,"Food insecure, marginal",12,
2020,Nova Scotia,,Immigrants aged 15 years and over,"Food insecure, moderate or severe",12,11.3
2020,Nova Scotia,,Immigrants aged 15 years and over,"Food insecure, moderate",12,8.9
2020,Nova Scotia,,Immigrants aged 15 years and over,"Food insecure, severe",12,
2020,Nova Scotia,,Recent immigrants (10 years or less) aged 15 years and over,Food secure,12,74.4
2020,Nova Scotia,,Recent immigrants (10 years or less) aged 15 years and over,Food insecure,12,25.6
2020,Nova Scotia,,Recent immigrants (10 years or less) aged 15 years and over,"Food insecure, marginal",12,
2020,Nova Scotia,,Recent immigrants (10 years or less) aged 15 years and over,"Food insecure, moderate or severe",12,16.9
2020,Nova Scotia,,Recent immigrants (10 years or less) aged 15 years and over,"Food insecure, moderate",12,
2020,Nova Scotia,,Recent immigrants (10 years or less) aged 15 years and over,"Food insecure, severe",12,
2020,Nova Scotia,,Very recent immigrants (5 years or less) aged 15 years and over,Food secure,12,83.6
2020,Nova Scotia,,Very recent immigrants (5 years or less) aged 15 years and over,Food insecure,12,
2020,Nova Scotia,,Very recent immigrants (5 years or less) aged 15 years and over,"Food insecure, marginal",12,
2020,Nova Scotia,,Very recent immigrants (5 years or less) aged 15 years and over,"Food insecure, moderate or severe",12,
2020,Nova Scotia,,Very recent immigrants (5 years or less) aged 15 years and over,"Food insecure, moderate",12,
2020,Nova Scotia,,Very recent immigrants (5 years or less) aged 15 years and over,"Food insecure, severe",12,
2020,Nova Scotia,,Persons aged 15 years and over born in Canada,Food secure,12,84.0
2020,Nova Scotia,,Persons aged 15 years and over born in Canada,Food insecure,12,16.0
2020,Nova Scotia,,Persons aged 15 years and over born in Canada,"Food insecure, marginal",12,4.0
2020,Nova Scotia,,Persons aged 15 years and over born in Canada,"Food insecure, moderate or severe",12,12.0
2020,Nova Scotia,,Persons aged 15 years and over born in Canada,"Food insecure, moderate",12,7.4
2020,Nova Scotia,,Persons aged 15 years and over born in Canada,"Food insecure, severe",12,4.6
2020,New Brunswick,,All persons,Food secure,13,81.6
2020,New Brunswick,,All persons,Food insecure,13,18.4
2020,New Brunswick,,All persons,"Food insecure, marginal",13,6.0
2020,New Brunswick,,All persons,"Food insecure, moderate or severe",13,12.4
2020,New Brunswick,,All persons,"Food insecure, moderate",13,7.1
2020,New Brunswick,,All persons,"Food insecure, severe",13,5.3
2020,New Brunswick,,Persons under 18 years,Food secure,13,75.8
2020,New Brunswick,,Persons under 18 years,Food insecure,13,24.2
2020,New Brunswick,,Persons under 18 years,"Food insecure, marginal",13,9.5
2020,New Brunswick,,Persons under 18 years,"Food insecure, moderate or severe",13,14.8
2020,New Brunswick,,Persons under 18 years,"Food insecure, moderate",13,7.2
2020,New Brunswick,,Persons under 18 years,"Food insecure, severe",13,7.6
2020,New Brunswick,,Persons 18 to 64 years,Food secure,13,80.2
2020,New Brunswick,,Persons 18 to 64 years,Food insecure,13,19.8
2020,New Brunswick,,Persons 18 to 64 years,"Food insecure, marginal",13,5.9
2020,New Brunswick,,Persons 18 to 64 years,"Food insecure, moderate or severe",13,13.9
2020,New Brunswick,,Persons 18 to 64 years,"Food insecure, moderate",13,7.8
2020,New Brunswick,,Persons 18 to 64 years,"Food insecure, severe",13,6.1
2020,New Brunswick,,Persons 18 to 24 years,Food secure,13,85.0
2020,New Brunswick,,Persons 18 to 24 years,Food insecure,13,15.0
2020,New Brunswick,,Persons 18 to 24 years,"Food insecure, marginal",13,3.8
2020,New Brunswick,,Persons 18 to 24 years,"Food insecure, moderate or severe",13,11.2
2020,New Brunswick,,Persons 18 to 24 years,"Food insecure, moderate",13,5.9
2020,New Brunswick,,Persons 18 to 24 years,"Food insecure, severe",13,5.3
2020,New Brunswick,,Persons 25 to 34 years,Food secure,13,76.5
2020,New Brunswick,,Persons 25 to 34 years,Food insecure,13,23.5
2020,New Brunswick,,Persons 25 to 34 years,"Food insecure, marginal",13,9.2
2020,New Brunswick,,Persons 25 to 34 years,"Food insecure, moderate or severe",13,14.3
2020,New Brunswick,,Persons 25 to 34 years,"Food insecure, moderate",13,7.2
2020,New Brunswick,,Persons 25 to 34 years,"Food insecure, severe",13,7.1
2020,New Brunswick,,Persons 35 to 44 years,Food secure,13,76.9
2020,New Brunswick,,Persons 35 to 44 years,Food insecure,13,23.1
2020,New Brunswick,,Persons 35 to 44 years,"Food insecure, marginal",13,5.9
2020,New Brunswick,,Persons 35 to 44 years,"Food insecure, moderate or severe",13,17.2
2020,New Brunswick,,Persons 35 to 44 years,"Food insecure, moderate",13,9.2
2020,New Brunswick,,Persons 35 to 44 years,"Food insecure, severe",13,8.0
2020,New Brunswick,,Persons 45 to 54 years,Food secure,13,80.7
2020,New Brunswick,,Persons 45 to 54 years,Food insecure,13,19.3
2020,New Brunswick,,Persons 45 to 54 years,"Food insecure, marginal",13,5.5
2020,New Brunswick,,Persons 45 to 54 years,"Food insecure, moderate or severe",13,13.8
2020,New Brunswick,,Persons 45 to 54 years,"Food insecure, moderate",13,8.1
2020,New Brunswick,,Persons 45 to 54 years,"Food insecure, severe",13,5.7
2020,New Brunswick,,Persons 55 to 64 years,Food secure,13,82.4
2020,New Brunswick,,Persons 55 to 64 years,Food insecure,13,17.6
2020,New Brunswick,,Persons 55 to 64 years,"Food insecure, marginal",13,4.9
2020,New Brunswick,,Persons 55 to 64 years,"Food insecure, moderate or severe",13,12.7
2020,New Brunswick,,Persons 55 to 64 years,"Food insecure, moderate",13,7.9
2020,New Brunswick,,Persons 55 to 64 years,"Food insecure, severe",13,4.8
2020,New Brunswick,,Persons 65 years and over,Food secure,13,90.1
2020,New Brunswick,,Persons 65 years and over,Food insecure,13,9.9
2020,New Brunswick,,Persons 65 years and over,"Food insecure, marginal",13,3.7
2020,New Brunswick,,Persons 65 years and over,"Food insecure, moderate or severe",13,6.2
2020,New Brunswick,,Persons 65 years and over,"Food insecure, moderate",13,5.0
2020,New Brunswick,,Persons 65 years and over,"Food insecure, severe",13,1.2
2020,New Brunswick,,Males,Food secure,13,81.4
2020,New Brunswick,,Males,Food insecure,13,18.6
2020,New Brunswick,,Males,"Food insecure, marginal",13,5.8
2020,New Brunswick,,Males,"Food insecure, moderate or severe",13,12.7
2020,New Brunswick,,Males,"Food insecure, moderate",13,6.9
2020,New Brunswick,,Males,"Food insecure, severe",13,5.9
2020,New Brunswick,,"Males, under 18 years",Food secure,13,72.7
2020,New Brunswick,,"Males, under 18 years",Food insecure,13,27.3
2020,New Brunswick,,"Males, under 18 years","Food insecure, marginal",13,9.4
2020,New Brunswick,,"Males, under 18 years","Food insecure, moderate or severe",13,17.9
2020,New Brunswick,,"Males, under 18 years","Food insecure, moderate",13,7.7
2020,New Brunswick,,"Males, under 18 years","Food insecure, severe",13,10.2
2020,New Brunswick,,"Males, 18 to 64 years",Food secure,13,81.3
2020,New Brunswick,,"Males, 18 to 64 years",Food insecure,13,18.7
2020,New Brunswick,,"Males, 18 to 64 years","Food insecure, marginal",13,5.6
2020,New Brunswick,,"Males, 18 to 64 years","Food insecure, moderate or severe",13,13.1
2020,New Brunswick,,"Males, 18 to 64 years","Food insecure, moderate",13,7.0
2020,New Brunswick,,"Males, 18 to 64 years","Food insecure, severe",13,6.1
2020,New Brunswick,,"Males, 65 years and over",Food secure,13,89.2
2020,New Brunswick,,"Males, 65 years and over",Food insecure,13,10.8
2020,New Brunswick,,"Males, 65 years and over","Food insecure, marginal",13,3.6
2020,New Brunswick,,"Males, 65 years and over","Food insecure, moderate or severe",13,7.2
2020,New Brunswick,,"Males, 65 years and over","Food insecure, moderate",13,5.8
2020,New Brunswick,,"Males, 65 years and over","Food insecure, severe",13,1.4
2020,New Brunswick,,Females,Food secure,13,81.8
2020,New Brunswick,,Females,Food insecure,13,18.2
2020,New Brunswick,,Females,"Food insecure, marginal",13,6.2
2020,New Brunswick,,Females,"Food insecure, moderate or severe",13,12.0
2020,New Brunswick,,Females,"Food insecure, moderate",13,7.3
2020,New Brunswick,,Females,"Food insecure, severe",13,4.8
2020,New Brunswick,,"Females, under 18 years",Food secure,13,79.0
2020,New Brunswick,,"Females, under 18 years",Food insecure,13,21.0
2020,New Brunswick,,"Females, under 18 years","Food insecure, marginal",13,9.6
2020,New Brunswick,,"Females, under 18 years","Food insecure, moderate or severe",13,11.5
2020,New Brunswick,,"Females, under 18 years","Food insecure, moderate",13,6.6
2020,New Brunswick,,"Females, under 18 years","Food insecure, severe",13,
2020,New Brunswick,,"Females, 18 to 64 years",Food secure,13,79.0
2020,New Brunswick,,"Females, 18 to 64 years",Food insecure,13,21.0
2020,New Brunswick,,"Females, 18 to 64 years","Food insecure, marginal",13,6.2
2020,New Brunswick,,"Females, 18 to 64 years","Food insecure, moderate or severe",13,14.8
2020,New Brunswick,,"Females, 18 to 64 years","Food insecure, moderate",13,8.6
2020,New Brunswick,,"Females, 18 to 64 years","Food insecure, severe",13,6.2
2020,New Brunswick,,"Females, 65 years and over",Food secure,13,90.9
2020,New Brunswick,,"Females, 65 years and over",Food insecure,13,9.1
2020,New Brunswick,,"Females, 65 years and over","Food insecure, marginal",13,3.8
2020,New Brunswick,,"Females, 65 years and over","Food insecure, moderate or severe",13,5.3
2020,New Brunswick,,"Females, 65 years and over","Food insecure, moderate",13,4.2
2020,New Brunswick,,"Females, 65 years and over","Food insecure, severe",13,
2020,New Brunswick,,Visible minority population,Food secure,13,80.2
2020,New Brunswick,,Visible minority population,Food insecure,13,19.8
2020,New Brunswick,,Visible minority population,"Food insecure, marginal",13,
2020,New Brunswick,,Visible minority population,"Food insecure, moderate or severe",13,
2020,New Brunswick,,Visible minority population,"Food insecure, moderate",13,
2020,New Brunswick,,Visible minority population,"Food insecure, severe",13,
2020,New Brunswick,,South Asian,Food secure,13,82.4
2020,New Brunswick,,South Asian,Food insecure,13,
2020,New Brunswick,,South Asian,"Food insecure, marginal",13,
2020,New Brunswick,,South Asian,"Food insecure, moderate or severe",13,
2020,New Brunswick,,South Asian,"Food insecure, moderate",13,
2020,New Brunswick,,South Asian,"Food insecure, severe",13,
2020,New Brunswick,,Chinese,Food secure,13,
2020,New Brunswick,,Chinese,Food insecure,13,
2020,New Brunswick,,Chinese,"Food insecure, marginal",13,
2020,New Brunswick,,Chinese,"Food insecure, moderate or severe",13,
2020,New Brunswick,,Chinese,"Food insecure, moderate",13,
2020,New Brunswick,,Chinese,"Food insecure, severe",13,
2020,New Brunswick,,Black,Food secure,13,80.2
2020,New Brunswick,,Black,Food insecure,13,
2020,New Brunswick,,Black,"Food insecure, marginal",13,
2020,New Brunswick,,Black,"Food insecure, moderate or severe",13,
2020,New Brunswick,,Black,"Food insecure, moderate",13,
2020,New Brunswick,,Black,"Food insecure, severe",13,
2020,New Brunswick,,Filipino,Food secure,13,
2020,New Brunswick,,Filipino,Food insecure,13,
2020,New Brunswick,,Filipino,"Food insecure, marginal",13,
2020,New Brunswick,,Filipino,"Food insecure, moderate or severe",13,
2020,New Brunswick,,Filipino,"Food insecure, moderate",13,
2020,New Brunswick,,Filipino,"Food insecure, severe",13,
2020,New Brunswick,,Arab,Food secure,13,
2020,New Brunswick,,Arab,Food insecure,13,
2020,New Brunswick,,Arab,"Food insecure, marginal",13,
2020,New Brunswick,,Arab,"Food insecure, moderate or severe",13,
2020,New Brunswick,,Arab,"Food insecure, moderate",13,
2020,New Brunswick,,Arab,"Food insecure, severe",13,
2020,New Brunswick,,Latin American,Food secure,13,90.1
2020,New Brunswick,,Latin American,Food insecure,13,
2020,New Brunswick,,Latin American,"Food insecure, marginal",13,
2020,New Brunswick,,Latin American,"Food insecure, moderate or severe",13,
2020,New Brunswick,,Latin American,"Food insecure, moderate",13,
2020,New Brunswick,,Latin American,"Food insecure, severe",13,
2020,New Brunswick,,Southeast Asian,Food secure,13,
2020,New Brunswick,,Southeast Asian,Food insecure,13,
2020,New Brunswick,,Southeast Asian,"Food insecure, marginal",13,
2020,New Brunswick,,Southeast Asian,"Food insecure, moderate or severe",13,
2020,New Brunswick,,Southeast Asian,"Food insecure, moderate",13,
2020,New Brunswick,,Southeast Asian,"Food insecure, severe",13,
2020,New Brunswick,,Other visible minority,Food secure,13,100.0
2020,New Brunswick,,Other visible minority,Food insecure,13,
2020,New Brunswick,,Other visible minority,"Food insecure, marginal",13,
2020,New Brunswick,,Other visible minority,"Food insecure, moderate or severe",13,
2020,New Brunswick,,Other visible minority,"Food insecure, moderate",13,
2020,New Brunswick,,Other visible minority,"Food insecure, severe",13,
2020,New Brunswick,,Not a visible minority,Food secure,13,81.7
2020,New Brunswick,,Not a visible minority,Food insecure,13,18.3
2020,New Brunswick,,Not a visible minority,"Food insecure, marginal",13,6.0
2020,New Brunswick,,Not a visible minority,"Food insecure, moderate or severe",13,12.3
2020,New Brunswick,,Not a visible minority,"Food insecure, moderate",13,7.0
2020,New Brunswick,,Not a visible minority,"Food insecure, severe",13,5.3
2020,New Brunswick,,Indigenous population,Food secure,13,63.8
2020,New Brunswick,,Indigenous population,Food insecure,13,36.2
2020,New Brunswick,,Indigenous population,"Food insecure, marginal",13,
2020,New Brunswick,,Indigenous population,"Food insecure, moderate or severe",13,
2020,New Brunswick,,Indigenous population,"Food insecure, moderate",13,
2020,New Brunswick,,Indigenous population,"Food insecure, severe",13,
2020,New Brunswick,,Non-Indigenous population,Food secure,13,82.0
2020,New Brunswick,,Non-Indigenous population,Food insecure,13,18.0
2020,New Brunswick,,Non-Indigenous population,"Food insecure, marginal",13,5.7
2020,New Brunswick,,Non-Indigenous population,"Food insecure, moderate or severe",13,12.3
2020,New Brunswick,,Non-Indigenous population,"Food insecure, moderate",13,7.1
2020,New Brunswick,,Non-Indigenous population,"Food insecure, severe",13,5.3
2020,New Brunswick,,Not a visible minority nor Indigenous,Food secure,13,82.1
2020,New Brunswick,,Not a visible minority nor Indigenous,Food insecure,13,17.9
2020,New Brunswick,,Not a visible minority nor Indigenous,"Food insecure, marginal",13,5.7
2020,New Brunswick,,Not a visible minority nor Indigenous,"Food insecure, moderate or severe",13,12.2
2020,New Brunswick,,Not a visible minority nor Indigenous,"Food insecure, moderate",13,7.0
2020,New Brunswick,,Not a visible minority nor Indigenous,"Food insecure, severe",13,5.2
2020,New Brunswick,,All persons aged 15 years and over,Food secure,13,82.7
2020,New Brunswick,,All persons aged 15 years and over,Food insecure,13,17.3
2020,New Brunswick,,All persons aged 15 years and over,"Food insecure, marginal",13,5.3
2020,New Brunswick,,All persons aged 15 years and over,"Food insecure, moderate or severe",13,12.0
2020,New Brunswick,,All persons aged 15 years and over,"Food insecure, moderate",13,7.1
2020,New Brunswick,,All persons aged 15 years and over,"Food insecure, severe",13,4.9
2020,New Brunswick,,Indigenous population aged 15 years and over,Food secure,13,68.3
2020,New Brunswick,,Indigenous population aged 15 years and over,Food insecure,13,31.7
2020,New Brunswick,,Indigenous population aged 15 years and over,"Food insecure, marginal",13,
2020,New Brunswick,,Indigenous population aged 15 years and over,"Food insecure, moderate or severe",13,19.6
2020,New Brunswick,,Indigenous population aged 15 years and over,"Food insecure, moderate",13,
2020,New Brunswick,,Indigenous population aged 15 years and over,"Food insecure, severe",13,
2020,New Brunswick,,First Nations aged 15 years and over,Food secure,13,65.5
2020,New Brunswick,,First Nations aged 15 years and over,Food insecure,13,34.5
2020,New Brunswick,,First Nations aged 15 years and over,"Food insecure, marginal",13,
2020,New Brunswick,,First Nations aged 15 years and over,"Food insecure, moderate or severe",13,
2020,New Brunswick,,First Nations aged 15 years and over,"Food insecure, moderate",13,
2020,New Brunswick,,First Nations aged 15 years and over,"Food insecure, severe",13,
2020,New Brunswick,,Métis aged 15 years and over,Food secure,13,77.3
2020,New Brunswick,,Métis aged 15 years and over,Food insecure,13,
2020,New Brunswick,,Métis aged 15 years and over,"Food insecure, marginal",13,
2020,New Brunswick,,Métis aged 15 years and over,"Food insecure, moderate or severe",13,
2020,New Brunswick,,Métis aged 15 years and over,"Food insecure, moderate",13,
2020,New Brunswick,,Métis aged 15 years and over,"Food insecure, severe",13,
2020,New Brunswick,,Non-Indigenous population aged 15 years and over,Food secure,13,82.9
2020,New Brunswick,,Non-Indigenous population aged 15 years and over,Food insecure,13,17.1
2020,New Brunswick,,Non-Indigenous population aged 15 years and over,"Food insecure, marginal",13,5.2
2020,New Brunswick,,Non-Indigenous population aged 15 years and over,"Food insecure, moderate or severe",13,11.9
2020,New Brunswick,,Non-Indigenous population aged 15 years and over,"Food insecure, moderate",13,7.1
2020,New Brunswick,,Non-Indigenous population aged 15 years and over,"Food insecure, severe",13,4.8
2020,New Brunswick,,Immigrants aged 15 years and over,Food secure,13,84.7
2020,New Brunswick,,Immigrants aged 15 years and over,Food insecure,13,15.3
2020,New Brunswick,,Immigrants aged 15 years and over,"Food insecure, marginal",13,
2020,New Brunswick,,Immigrants aged 15 years and over,"Food insecure, moderate or severe",13,11.7
2020,New Brunswick,,Immigrants aged 15 years and over,"Food insecure, moderate",13,
2020,New Brunswick,,Immigrants aged 15 years and over,"Food insecure, severe",13,
2020,New Brunswick,,Recent immigrants (10 years or less) aged 15 years and over,Food secure,13,81.5
2020,New Brunswick,,Recent immigrants (10 years or less) aged 15 years and over,Food insecure,13,18.5
2020,New Brunswick,,Recent immigrants (10 years or less) aged 15 years and over,"Food insecure, marginal",13,
2020,New Brunswick,,Recent immigrants (10 years or less) aged 15 years and over,"Food insecure, moderate or severe",13,
2020,New Brunswick,,Recent immigrants (10 years or less) aged 15 years and over,"Food insecure, moderate",13,
2020,New Brunswick,,Recent immigrants (10 years or less) aged 15 years and over,"Food insecure, severe",13,
2020,New Brunswick,,Very recent immigrants (5 years or less) aged 15 years and over,Food secure,13,78.2
2020,New Brunswick,,Very recent immigrants (5 years or less) aged 15 years and over,Food insecure,13,
2020,New Brunswick,,Very recent immigrants (5 years or less) aged 15 years and over,"Food insecure, marginal",13,
2020,New Brunswick,,Very recent immigrants (5 years or less) aged 15 years and over,"Food insecure, moderate or severe",13,
2020,New Brunswick,,Very recent immigrants (5 years or less) aged 15 years and over,"Food insecure, moderate",13,
2020,New Brunswick,,Very recent immigrants (5 years or less) aged 15 years and over,"Food insecure, severe",13,
2020,New Brunswick,,Persons aged 15 years and over born in Canada,Food secure,13,82.6
2020,New Brunswick,,Persons aged 15 years and over born in Canada,Food insecure,13,17.4
2020,New Brunswick,,Persons aged 15 years and over born in Canada,"Food insecure, marginal",13,5.3
2020,New Brunswick,,Persons aged 15 years and over born in Canada,"Food insecure, moderate or severe",13,12.1
2020,New Brunswick,,Persons aged 15 years and over born in Canada,"Food insecure, moderate",13,7.1
2020,New Brunswick,,Persons aged 15 years and over born in Canada,"Food insecure, severe",13,5.0
2020,Quebec,,All persons,Food secure,24,87.3
2020,Quebec,,All persons,Food insecure,24,12.7
2020,Quebec,,All persons,"Food insecure, marginal",24,4.1
2020,Quebec,,All persons,"Food insecure, moderate or severe",24,8.6
2020,Quebec,,All persons,"Food insecure, moderate",24,6.4
2020,Quebec,,All persons,"Food insecure, severe",24,2.2
2020,Quebec,,Persons under 18 years,Food secure,24,84.3
2020,Quebec,,Persons under 18 years,Food insecure,24,15.7
2020,Quebec,,Persons under 18 years,"Food insecure, marginal",24,5.7
2020,Quebec,,Persons under 18 years,"Food insecure, moderate or severe",24,10.0
2020,Quebec,,Persons under 18 years,"Food insecure, moderate",24,7.5
2020,Quebec,,Persons under 18 years,"Food insecure, severe",24,2.5
2020,Quebec,,Persons 18 to 64 years,Food secure,24,86.4
2020,Quebec,,Persons 18 to 64 years,Food insecure,24,13.6
2020,Quebec,,Persons 18 to 64 years,"Food insecure, marginal",24,4.0
2020,Quebec,,Persons 18 to 64 years,"Food insecure, moderate or severe",24,9.6
2020,Quebec,,Persons 18 to 64 years,"Food insecure, moderate",24,7.1
2020,Quebec,,Persons 18 to 64 years,"Food insecure, severe",24,2.5
2020,Quebec,,Persons 18 to 24 years,Food secure,24,84.6
2020,Quebec,,Persons 18 to 24 years,Food insecure,24,15.4
2020,Quebec,,Persons 18 to 24 years,"Food insecure, marginal",24,4.1
2020,Quebec,,Persons 18 to 24 years,"Food insecure, moderate or severe",24,11.3
2020,Quebec,,Persons 18 to 24 years,"Food insecure, moderate",24,10.3
2020,Quebec,,Persons 18 to 24 years,"Food insecure, severe",24,1.0
2020,Quebec,,Persons 25 to 34 years,Food secure,24,86.6
2020,Quebec,,Persons 25 to 34 years,Food insecure,24,13.4
2020,Quebec,,Persons 25 to 34 years,"Food insecure, marginal",24,3.3
2020,Quebec,,Persons 25 to 34 years,"Food insecure, moderate or severe",24,10.1
2020,Quebec,,Persons 25 to 34 years,"Food insecure, moderate",24,7.3
2020,Quebec,,Persons 25 to 34 years,"Food insecure, severe",24,2.8
2020,Quebec,,Persons 35 to 44 years,Food secure,24,85.0
2020,Quebec,,Persons 35 to 44 years,Food insecure,24,15.0
2020,Quebec,,Persons 35 to 44 years,"Food insecure, marginal",24,5.0
2020,Quebec,,Persons 35 to 44 years,"Food insecure, moderate or severe",24,10.0
2020,Quebec,,Persons 35 to 44 years,"Food insecure, moderate",24,7.6
2020,Quebec,,Persons 35 to 44 years,"Food insecure, severe",24,2.3
2020,Quebec,,Persons 45 to 54 years,Food secure,24,85.6
2020,Quebec,,Persons 45 to 54 years,Food insecure,24,14.4
2020,Quebec,,Persons 45 to 54 years,"Food insecure, marginal",24,4.3
2020,Quebec,,Persons 45 to 54 years,"Food insecure, moderate or severe",24,10.1
2020,Quebec,,Persons 45 to 54 years,"Food insecure, moderate",24,6.4
2020,Quebec,,Persons 45 to 54 years,"Food insecure, severe",24,3.7
2020,Quebec,,Persons 55 to 64 years,Food secure,24,89.2
2020,Quebec,,Persons 55 to 64 years,Food insecure,24,10.8
2020,Quebec,,Persons 55 to 64 years,"Food insecure, marginal",24,3.4
2020,Quebec,,Persons 55 to 64 years,"Food insecure, moderate or severe",24,7.3
2020,Quebec,,Persons 55 to 64 years,"Food insecure, moderate",24,5.3
2020,Quebec,,Persons 55 to 64 years,"Food insecure, severe",24,2.0
2020,Quebec,,Persons 65 years and over,Food secure,24,93.1
2020,Quebec,,Persons 65 years and over,Food insecure,24,6.9
2020,Quebec,,Persons 65 years and over,"Food insecure, marginal",24,2.9
2020,Quebec,,Persons 65 years and over,"Food insecure, moderate or severe",24,4.0
2020,Quebec,,Persons 65 years and over,"Food insecure, moderate",24,3.0
2020,Quebec,,Persons 65 years and over,"Food insecure, severe",24,1.0
2020,Quebec,,Males,Food secure,24,87.3
2020,Quebec,,Males,Food insecure,24,12.7
2020,Quebec,,Males,"Food insecure, marginal",24,4.1
2020,Quebec,,Males,"Food insecure, moderate or severe",24,8.6
2020,Quebec,,Males,"Food insecure, moderate",24,6.4
2020,Quebec,,Males,"Food insecure, severe",24,2.2
2020,Quebec,,"Males, under 18 years",Food secure,24,84.1
2020,Quebec,,"Males, under 18 years",Food insecure,24,15.9
2020,Quebec,,"Males, under 18 years","Food insecure, marginal",24,6.0
2020,Quebec,,"Males, under 18 years","Food insecure, moderate or severe",24,9.9
2020,Quebec,,"Males, under 18 years","Food insecure, moderate",24,7.0
2020,Quebec,,"Males, under 18 years","Food insecure, severe",24,2.8
2020,Quebec,,"Males, 18 to 64 years",Food secure,24,86.5
2020,Quebec,,"Males, 18 to 64 years",Food insecure,24,13.5
2020,Quebec,,"Males, 18 to 64 years","Food insecure, marginal",24,3.9
2020,Quebec,,"Males, 18 to 64 years","Food insecure, moderate or severe",24,9.6
2020,Quebec,,"Males, 18 to 64 years","Food insecure, moderate",24,7.1
2020,Quebec,,"Males, 18 to 64 years","Food insecure, severe",24,2.4
2020,Quebec,,"Males, 65 years and over",Food secure,24,93.3
2020,Quebec,,"Males, 65 years and over",Food insecure,24,6.7
2020,Quebec,,"Males, 65 years and over","Food insecure, marginal",24,2.7
2020,Quebec,,"Males, 65 years and over","Food insecure, moderate or severe",24,4.0
2020,Quebec,,"Males, 65 years and over","Food insecure, moderate",24,3.2
2020,Quebec,,"Males, 65 years and over","Food insecure, severe",24,0.9
2020,Quebec,,Females,Food secure,24,87.4
2020,Quebec,,Females,Food insecure,24,12.6
2020,Quebec,,Females,"Food insecure, marginal",24,4.1
2020,Quebec,,Females,"Food insecure, moderate or severe",24,8.5
2020,Quebec,,Females,"Food insecure, moderate",24,6.4
2020,Quebec,,Females,"Food insecure, severe",24,2.2
2020,Quebec,,"Females, under 18 years",Food secure,24,84.6
2020,Quebec,,"Females, under 18 years",Food insecure,24,15.4
2020,Quebec,,"Females, under 18 years","Food insecure, marginal",24,5.3
2020,Quebec,,"Females, under 18 years","Food insecure, moderate or severe",24,10.0
2020,Quebec,,"Females, under 18 years","Food insecure, moderate",24,8.0
2020,Quebec,,"Females, under 18 years","Food insecure, severe",24,2.1
2020,Quebec,,"Females, 18 to 64 years",Food secure,24,86.3
2020,Quebec,,"Females, 18 to 64 years",Food insecure,24,13.7
2020,Quebec,,"Females, 18 to 64 years","Food insecure, marginal",24,4.1
2020,Quebec,,"Females, 18 to 64 years","Food insecure, moderate or severe",24,9.6
2020,Quebec,,"Females, 18 to 64 years","Food insecure, moderate",24,7.1
2020,Quebec,,"Females, 18 to 64 years","Food insecure, severe",24,2.5
2020,Quebec,,"Females, 65 years and over",Food secure,24,92.9
2020,Quebec,,"Females, 65 years and over",Food insecure,24,7.1
2020,Quebec,,"Females, 65 years and over","Food insecure, marginal",24,3.1
2020,Quebec,,"Females, 65 years and over","Food insecure, moderate or severe",24,4.0
2020,Quebec,,"Females, 65 years and over","Food insecure, moderate",24,2.8
2020,Quebec,,"Females, 65 years and over","Food insecure, severe",24,1.2
2020,Quebec,,Visible minority population,Food secure,24,78.9
2020,Quebec,,Visible minority population,Food insecure,24,21.1
2020,Quebec,,Visible minority population,"Food insecure, marginal",24,6.3
2020,Quebec,,Visible minority population,"Food insecure, moderate or severe",24,14.9
2020,Quebec,,Visible minority population,"Food insecure, moderate",24,11.2
2020,Quebec,,Visible minority population,"Food insecure, severe",24,3.7
2020,Quebec,,South Asian,Food secure,24,80.3
2020,Quebec,,South Asian,Food insecure,24,19.7
2020,Quebec,,South Asian,"Food insecure, marginal",24,
2020,Quebec,,South Asian,"Food insecure, moderate or severe",24,
2020,Quebec,,South Asian,"Food insecure, moderate",24,
2020,Quebec,,South Asian,"Food insecure, severe",24,
2020,Quebec,,Chinese,Food secure,24,92.0
2020,Quebec,,Chinese,Food insecure,24,
2020,Quebec,,Chinese,"Food insecure, marginal",24,
2020,Quebec,,Chinese,"Food insecure, moderate or severe",24,
2020,Quebec,,Chinese,"Food insecure, moderate",24,
2020,Quebec,,Chinese,"Food insecure, severe",24,
2020,Quebec,,Black,Food secure,24,79.7
2020,Quebec,,Black,Food insecure,24,20.3
2020,Quebec,,Black,"Food insecure, marginal",24,
2020,Quebec,,Black,"Food insecure, moderate or severe",24,15.4
2020,Quebec,,Black,"Food insecure, moderate",24,11.9
2020,Quebec,,Black,"Food insecure, severe",24,
2020,Quebec,,Filipino,Food secure,24,87.3
2020,Quebec,,Filipino,Food insecure,24,
2020,Quebec,,Filipino,"Food insecure, marginal",24,
2020,Quebec,,Filipino,"Food insecure, moderate or severe",24,
2020,Quebec,,Filipino,"Food insecure, moderate",24,
2020,Quebec,,Filipino,"Food insecure, severe",24,
2020,Quebec,,Arab,Food secure,24,79.3
2020,Quebec,,Arab,Food insecure,24,20.7
2020,Quebec,,Arab,"Food insecure, marginal",24,6.8
2020,Quebec,,Arab,"Food insecure, moderate or severe",24,13.9
2020,Quebec,,Arab,"Food insecure, moderate",24,10.3
2020,Quebec,,Arab,"Food insecure, severe",24,
2020,Quebec,,Latin American,Food secure,24,73.8
2020,Quebec,,Latin American,Food insecure,24,26.2
2020,Quebec,,Latin American,"Food insecure, marginal",24,
2020,Quebec,,Latin American,"Food insecure, moderate or severe",24,
2020,Quebec,,Latin American,"Food insecure, moderate",24,
2020,Quebec,,Latin American,"Food insecure, severe",24,
2020,Quebec,,Southeast Asian,Food secure,24,84.4
2020,Quebec,,Southeast Asian,Food insecure,24,
2020,Quebec,,Southeast Asian,"Food insecure, marginal",24,
2020,Quebec,,Southeast Asian,"Food insecure, moderate or severe",24,
2020,Quebec,,Southeast Asian,"Food insecure, moderate",24,
2020,Quebec,,Southeast Asian,"Food insecure, severe",24,
2020,Quebec,,Other visible minority,Food secure,24,61.0
2020,Quebec,,Other visible minority,Food insecure,24,39.0
2020,Quebec,,Other visible minority,"Food insecure, marginal",24,
2020,Quebec,,Other visible minority,"Food insecure, moderate or severe",24,
2020,Quebec,,Other visible minority,"Food insecure, moderate",24,
2020,Quebec,,Other visible minority,"Food insecure, severe",24,
2020,Quebec,,Not a visible minority,Food secure,24,89.2
2020,Quebec,,Not a visible minority,Food insecure,24,10.8
2020,Quebec,,Not a visible minority,"Food insecure, marginal",24,3.6
2020,Quebec,,Not a visible minority,"Food insecure, moderate or severe",24,7.2
2020,Quebec,,Not a visible minority,"Food insecure, moderate",24,5.3
2020,Quebec,,Not a visible minority,"Food insecure, severe",24,1.9
2020,Quebec,,Indigenous population,Food secure,24,83.3
2020,Quebec,,Indigenous population,Food insecure,24,16.7
2020,Quebec,,Indigenous population,"Food insecure, marginal",24,
2020,Quebec,,Indigenous population,"Food insecure, moderate or severe",24,
2020,Quebec,,Indigenous population,"Food insecure, moderate",24,
2020,Quebec,,Indigenous population,"Food insecure, severe",24,
2020,Quebec,,Non-Indigenous population,Food secure,24,87.4
2020,Quebec,,Non-Indigenous population,Food insecure,24,12.6
2020,Quebec,,Non-Indigenous population,"Food insecure, marginal",24,4.1
2020,Quebec,,Non-Indigenous population,"Food insecure, moderate or severe",24,8.5
2020,Quebec,,Non-Indigenous population,"Food insecure, moderate",24,6.4
2020,Quebec,,Non-Indigenous population,"Food insecure, severe",24,2.2
2020,Quebec,,Not a visible minority nor Indigenous,Food secure,24,89.2
2020,Quebec,,Not a visible minority nor Indigenous,Food insecure,24,10.8
2020,Quebec,,Not a visible minority nor Indigenous,"Food insecure, marginal",24,3.6
2020,Quebec,,Not a visible minority nor Indigenous,"Food insecure, moderate or severe",24,7.1
2020,Quebec,,Not a visible minority nor Indigenous,"Food insecure, moderate",24,5.3
2020,Quebec,,Not a visible minority nor Indigenous,"Food insecure, severe",24,1.8
2020,Quebec,,All persons aged 15 years and over,Food secure,24,87.9
2020,Quebec,,All persons aged 15 years and over,Food insecure,24,12.1
2020,Quebec,,All persons aged 15 years and over,"Food insecure, marginal",24,3.8
2020,Quebec,,All persons aged 15 years and over,"Food insecure, moderate or severe",24,8.2
2020,Quebec,,All persons aged 15 years and over,"Food insecure, moderate",24,6.1
2020,Quebec,,All persons aged 15 years and over,"Food insecure, severe",24,2.1
2020,Quebec,,Indigenous population aged 15 years and over,Food secure,24,84.6
2020,Quebec,,Indigenous population aged 15 years and over,Food insecure,24,15.4
2020,Quebec,,Indigenous population aged 15 years and over,"Food insecure, marginal",24,
2020,Quebec,,Indigenous population aged 15 years and over,"Food insecure, moderate or severe",24,10.9
2020,Quebec,,Indigenous population aged 15 years and over,"Food insecure, moderate",24,
2020,Quebec,,Indigenous population aged 15 years and over,"Food insecure, severe",24,
2020,Quebec,,First Nations aged 15 years and over,Food secure,24,85.8
2020,Quebec,,First Nations aged 15 years and over,Food insecure,24,
2020,Quebec,,First Nations aged 15 years and over,"Food insecure, marginal",24,
2020,Quebec,,First Nations aged 15 years and over,"Food insecure, moderate or severe",24,
2020,Quebec,,First Nations aged 15 years and over,"Food insecure, moderate",24,
2020,Quebec,,First Nations aged 15 years and over,"Food insecure, severe",24,
2020,Quebec,,Métis aged 15 years and over,Food secure,24,83.3
2020,Quebec,,Métis aged 15 years and over,Food insecure,24,
2020,Quebec,,Métis aged 15 years and over,"Food insecure, marginal",24,
2020,Quebec,,Métis aged 15 years and over,"Food insecure, moderate or severe",24,
2020,Quebec,,Métis aged 15 years and over,"Food insecure, moderate",24,
2020,Quebec,,Métis aged 15 years and over,"Food insecure, severe",24,
2020,Quebec,,Non-Indigenous population aged 15 years and over,Food secure,24,87.9
2020,Quebec,,Non-Indigenous population aged 15 years and over,Food insecure,24,12.1
2020,Quebec,,Non-Indigenous population aged 15 years and over,"Food insecure, marginal",24,3.8
2020,Quebec,,Non-Indigenous population aged 15 years and over,"Food insecure, moderate or severe",24,8.2
2020,Quebec,,Non-Indigenous population aged 15 years and over,"Food insecure, moderate",24,6.1
2020,Quebec,,Non-Indigenous population aged 15 years and over,"Food insecure, severe",24,2.1
2020,Quebec,,Immigrants aged 15 years and over,Food secure,24,79.1
2020,Quebec,,Immigrants aged 15 years and over,Food insecure,24,20.9
2020,Quebec,,Immigrants aged 15 years and over,"Food insecure, marginal",24,6.4
2020,Quebec,,Immigrants aged 15 years and over,"Food insecure, moderate or severe",24,14.5
2020,Quebec,,Immigrants aged 15 years and over,"Food insecure, moderate",24,11.3
2020,Quebec,,Immigrants aged 15 years and over,"Food insecure, severe",24,3.3
2020,Quebec,,Recent immigrants (10 years or less) aged 15 years and over,Food secure,24,69.9
2020,Quebec,,Recent immigrants (10 years or less) aged 15 years and over,Food insecure,24,30.1
2020,Quebec,,Recent immigrants (10 years or less) aged 15 years and over,"Food insecure, marginal",24,8.3
2020,Quebec,,Recent immigrants (10 years or less) aged 15 years and over,"Food insecure, moderate or severe",24,21.8
2020,Quebec,,Recent immigrants (10 years or less) aged 15 years and over,"Food insecure, moderate",24,17.8
2020,Quebec,,Recent immigrants (10 years or less) aged 15 years and over,"Food insecure, severe",24,4.0
2020,Quebec,,Very recent immigrants (5 years or less) aged 15 years and over,Food secure,24,70.9
2020,Quebec,,Very recent immigrants (5 years or less) aged 15 years and over,Food insecure,24,29.1
2020,Quebec,,Very recent immigrants (5 years or less) aged 15 years and over,"Food insecure, marginal",24,
2020,Quebec,,Very recent immigrants (5 years or less) aged 15 years and over,"Food insecure, moderate or severe",24,20.1
2020,Quebec,,Very recent immigrants (5 years or less) aged 15 years and over,"Food insecure, moderate",24,16.5
2020,Quebec,,Very recent immigrants (5 years or less) aged 15 years and over,"Food insecure, severe",24,
2020,Quebec,,Persons aged 15 years and over born in Canada,Food secure,24,90.0
2020,Quebec,,Persons aged 15 years and over born in Canada,Food insecure,24,10.0
2020,Quebec,,Persons aged 15 years and over born in Canada,"Food insecure, marginal",24,3.3
2020,Quebec,,Persons aged 15 years and over born in Canada,"Food insecure, moderate or severe",24,6.7
2020,Quebec,,Persons aged 15 years and over born in Canada,"Food insecure, moderate",24,4.9
2020,Quebec,,Persons aged 15 years and over born in Canada,"Food insecure, severe",24,1.9
2020,Ontario,,All persons,Food secure,35,83.9
2020,Ontario,,All persons,Food insecure,35,16.1
2020,Ontario,,All persons,"Food insecure, marginal",35,4.6
2020,Ontario,,All persons,"Food insecure, moderate or severe",35,11.5
2020,Ontario,,All persons,"Food insecure, moderate",35,7.6
2020,Ontario,,All persons,"Food insecure, severe",35,3.9
2020,Ontario,,Persons under 18 years,Food secure,35,79.4
2020,Ontario,,Persons under 18 years,Food insecure,35,20.6
2020,Ontario,,Persons under 18 years,"Food insecure, marginal",35,6.1
2020,Ontario,,Persons under 18 years,"Food insecure, moderate or severe",35,14.6
2020,Ontario,,Persons under 18 years,"Food insecure, moderate",35,10.3
2020,Ontario,,Persons under 18 years,"Food insecure, severe",35,4.2
2020,Ontario,,Persons 18 to 64 years,Food secure,35,83.2
2020,Ontario,,Persons 18 to 64 years,Food insecure,35,16.8
2020,Ontario,,Persons 18 to 64 years,"Food insecure, marginal",35,4.7
2020,Ontario,,Persons 18 to 64 years,"Food insecure, moderate or severe",35,12.1
2020,Ontario,,Persons 18 to 64 years,"Food insecure, moderate",35,7.7
2020,Ontario,,Persons 18 to 64 years,"Food insecure, severe",35,4.5
2020,Ontario,,Persons 18 to 24 years,Food secure,35,82.0
2020,Ontario,,Persons 18 to 24 years,Food insecure,35,18.0
2020,Ontario,,Persons 18 to 24 years,"Food insecure, marginal",35,4.2
2020,Ontario,,Persons 18 to 24 years,"Food insecure, moderate or severe",35,13.8
2020,Ontario,,Persons 18 to 24 years,"Food insecure, moderate",35,9.0
2020,Ontario,,Persons 18 to 24 years,"Food insecure, severe",35,4.8
2020,Ontario,,Persons 25 to 34 years,Food secure,35,83.2
2020,Ontario,,Persons 25 to 34 years,Food insecure,35,16.8
2020,Ontario,,Persons 25 to 34 years,"Food insecure, marginal",35,4.2
2020,Ontario,,Persons 25 to 34 years,"Food insecure, moderate or severe",35,12.6
2020,Ontario,,Persons 25 to 34 years,"Food insecure, moderate",35,8.0
2020,Ontario,,Persons 25 to 34 years,"Food insecure, severe",35,4.6
2020,Ontario,,Persons 35 to 44 years,Food secure,35,81.3
2020,Ontario,,Persons 35 to 44 years,Food insecure,35,18.7
2020,Ontario,,Persons 35 to 44 years,"Food insecure, marginal",35,6.3
2020,Ontario,,Persons 35 to 44 years,"Food insecure, moderate or severe",35,12.5
2020,Ontario,,Persons 35 to 44 years,"Food insecure, moderate",35,8.5
2020,Ontario,,Persons 35 to 44 years,"Food insecure, severe",35,3.9
2020,Ontario,,Persons 45 to 54 years,Food secure,35,83.0
2020,Ontario,,Persons 45 to 54 years,Food insecure,35,17.0
2020,Ontario,,Persons 45 to 54 years,"Food insecure, marginal",35,4.2
2020,Ontario,,Persons 45 to 54 years,"Food insecure, moderate or severe",35,12.8
2020,Ontario,,Persons 45 to 54 years,"Food insecure, moderate",35,8.0
2020,Ontario,,Persons 45 to 54 years,"Food insecure, severe",35,4.8
2020,Ontario,,Persons 55 to 64 years,Food secure,35,86.0
2020,Ontario,,Persons 55 to 64 years,Food insecure,35,14.0
2020,Ontario,,Persons 55 to 64 years,"Food insecure, marginal",35,4.4
2020,Ontario,,Persons 55 to 64 years,"Food insecure, moderate or severe",35,9.5
2020,Ontario,,Persons 55 to 64 years,"Food insecure, moderate",35,5.3
2020,Ontario,,Persons 55 to 64 years,"Food insecure, severe",35,4.2
2020,Ontario,,Persons 65 years and over,Food secure,35,91.4
2020,Ontario,,Persons 65 years and over,Food insecure,35,8.6
2020,Ontario,,Persons 65 years and over,"Food insecure, marginal",35,2.8
2020,Ontario,,Persons 65 years and over,"Food insecure, moderate or severe",35,5.8
2020,Ontario,,Persons 65 years and over,"Food insecure, moderate",35,4.4
2020,Ontario,,Persons 65 years and over,"Food insecure, severe",35,1.5
2020,Ontario,,Males,Food secure,35,84.6
2020,Ontario,,Males,Food insecure,35,15.4
2020,Ontario,,Males,"Food insecure, marginal",35,4.7
2020,Ontario,,Males,"Food insecure, moderate or severe",35,10.7
2020,Ontario,,Males,"Food insecure, moderate",35,7.3
2020,Ontario,,Males,"Food insecure, severe",35,3.5
2020,Ontario,,"Males, under 18 years",Food secure,35,79.2
2020,Ontario,,"Males, under 18 years",Food insecure,35,20.8
2020,Ontario,,"Males, under 18 years","Food insecure, marginal",35,6.6
2020,Ontario,,"Males, under 18 years","Food insecure, moderate or severe",35,14.2
2020,Ontario,,"Males, under 18 years","Food insecure, moderate",35,10.3
2020,Ontario,,"Males, under 18 years","Food insecure, severe",35,3.9
2020,Ontario,,"Males, 18 to 64 years",Food secure,35,84.4
2020,Ontario,,"Males, 18 to 64 years",Food insecure,35,15.6
2020,Ontario,,"Males, 18 to 64 years","Food insecure, marginal",35,4.6
2020,Ontario,,"Males, 18 to 64 years","Food insecure, moderate or severe",35,11.1
2020,Ontario,,"Males, 18 to 64 years","Food insecure, moderate",35,7.1
2020,Ontario,,"Males, 18 to 64 years","Food insecure, severe",35,3.9
2020,Ontario,,"Males, 65 years and over",Food secure,35,91.8
2020,Ontario,,"Males, 65 years and over",Food insecure,35,8.2
2020,Ontario,,"Males, 65 years and over","Food insecure, marginal",35,2.9
2020,Ontario,,"Males, 65 years and over","Food insecure, moderate or severe",35,5.3
2020,Ontario,,"Males, 65 years and over","Food insecure, moderate",35,4.2
2020,Ontario,,"Males, 65 years and over","Food insecure, severe",35,1.1
2020,Ontario,,Females,Food secure,35,83.3
2020,Ontario,,Females,Food insecure,35,16.7
2020,Ontario,,Females,"Food insecure, marginal",35,4.5
2020,Ontario,,Females,"Food insecure, moderate or severe",35,12.2
2020,Ontario,,Females,"Food insecure, moderate",35,7.9
2020,Ontario,,Females,"Food insecure, severe",35,4.3
2020,Ontario,,"Females, under 18 years",Food secure,35,79.6
2020,Ontario,,"Females, under 18 years",Food insecure,35,20.4
2020,Ontario,,"Females, under 18 years","Food insecure, marginal",35,5.6
2020,Ontario,,"Females, under 18 years","Food insecure, moderate or severe",35,14.9
2020,Ontario,,"Females, under 18 years","Food insecure, moderate",35,10.4
2020,Ontario,,"Females, under 18 years","Food insecure, severe",35,4.5
2020,Ontario,,"Females, 18 to 64 years",Food secure,35,82.0
2020,Ontario,,"Females, 18 to 64 years",Food insecure,35,18.0
2020,Ontario,,"Females, 18 to 64 years","Food insecure, marginal",35,4.8
2020,Ontario,,"Females, 18 to 64 years","Food insecure, moderate or severe",35,13.2
2020,Ontario,,"Females, 18 to 64 years","Food insecure, moderate",35,8.2
2020,Ontario,,"Females, 18 to 64 years","Food insecure, severe",35,5.0
2020,Ontario,,"Females, 65 years and over",Food secure,35,91.0
2020,Ontario,,"Females, 65 years and over",Food insecure,35,9.0
2020,Ontario,,"Females, 65 years and over","Food insecure, marginal",35,2.7
2020,Ontario,,"Females, 65 years and over","Food insecure, moderate or severe",35,6.2
2020,Ontario,,"Females, 65 years and over","Food insecure, moderate",35,4.5
2020,Ontario,,"Females, 65 years and over","Food insecure, severe",35,1.8
2020,Ontario,,Visible minority population,Food secure,35,78.9
2020,Ontario,,Visible minority population,Food insecure,35,21.1
2020,Ontario,,Visible minority population,"Food insecure, marginal",35,6.1
2020,Ontario,,Visible minority population,"Food insecure, moderate or severe",35,15.0
2020,Ontario,,Visible minority population,"Food insecure, moderate",35,11.0
2020,Ontario,,Visible minority population,"Food insecure, severe",35,4.0
2020,Ontario,,South Asian,Food secure,35,83.3
2020,Ontario,,South Asian,Food insecure,35,16.7
2020,Ontario,,South Asian,"Food insecure, marginal",35,5.1
2020,Ontario,,South Asian,"Food insecure, moderate or severe",35,11.6
2020,Ontario,,South Asian,"Food insecure, moderate",35,9.2
2020,Ontario,,South Asian,"Food insecure, severe",35,2.4
2020,Ontario,,Chinese,Food secure,35,84.3
2020,Ontario,,Chinese,Food insecure,35,15.7
2020,Ontario,,Chinese,"Food insecure, marginal",35,6.1
2020,Ontario,,Chinese,"Food insecure, moderate or severe",35,9.7
2020,Ontario,,Chinese,"Food insecure, moderate",35,7.4
2020,Ontario,,Chinese,"Food insecure, severe",35,
2020,Ontario,,Black,Food secure,35,77.6
2020,Ontario,,Black,Food insecure,35,22.4
2020,Ontario,,Black,"Food insecure, marginal",35,4.9
2020,Ontario,,Black,"Food insecure, moderate or severe",35,17.5
2020,Ontario,,Black,"Food insecure, moderate",35,9.7
2020,Ontario,,Black,"Food insecure, severe",35,7.8
2020,Ontario,,Filipino,Food secure,35,72.3
2020,Ontario,,Filipino,Food insecure,35,27.7
2020,Ontario,,Filipino,"Food insecure, marginal",35,
2020,Ontario,,Filipino,"Food insecure, moderate or severe",35,16.8
2020,Ontario,,Filipino,"Food insecure, moderate",35,16.5
2020,Ontario,,Filipino,"Food insecure, severe",35,
2020,Ontario,,Arab,Food secure,35,69.5
2020,Ontario,,Arab,Food insecure,35,30.5
2020,Ontario,,Arab,"Food insecure, marginal",35,
2020,Ontario,,Arab,"Food insecure, moderate or severe",35,25.0
2020,Ontario,,Arab,"Food insecure, moderate",35,18.6
2020,Ontario,,Arab,"Food insecure, severe",35,
2020,Ontario,,Latin American,Food secure,35,62.7
2020,Ontario,,Latin American,Food insecure,35,37.3
2020,Ontario,,Latin American,"Food insecure, marginal",35,
2020,Ontario,,Latin American,"Food insecure, moderate or severe",35,30.8
2020,Ontario,,Latin American,"Food insecure, moderate",35,20.9
2020,Ontario,,Latin American,"Food insecure, severe",35,
2020,Ontario,,Southeast Asian,Food secure,35,74.2
2020,Ontario,,Southeast Asian,Food insecure,35,25.8
2020,Ontario,,Southeast Asian,"Food insecure, marginal",35,
2020,Ontario,,Southeast Asian,"Food insecure, moderate or severe",35,16.3
2020,Ontario,,Southeast Asian,"Food insecure, moderate",35,
2020,Ontario,,Southeast Asian,"Food insecure, severe",35,
2020,Ontario,,Other visible minority,Food secure,35,79.2
2020,Ontario,,Other visible minority,Food insecure,35,20.8
2020,Ontario,,Other visible minority,"Food insecure, marginal",35,6.2
2020,Ontario,,Other visible minority,"Food insecure, moderate or severe",35,14.6
2020,Ontario,,Other visible minority,"Food insecure, moderate",35,9.4
2020,Ontario,,Other visible minority,"Food insecure, severe",35,
2020,Ontario,,Not a visible minority,Food secure,35,86.5
2020,Ontario,,Not a visible minority,Food insecure,35,13.5
2020,Ontario,,Not a visible minority,"Food insecure, marginal",35,3.8
2020,Ontario,,Not a visible minority,"Food insecure, moderate or severe",35,9.7
2020,Ontario,,Not a visible minority,"Food insecure, moderate",35,5.8
2020,Ontario,,Not a visible minority,"Food insecure, severe",35,3.9
2020,Ontario,,Indigenous population,Food secure,35,69.5
2020,Ontario,,Indigenous population,Food insecure,35,30.5
2020,Ontario,,Indigenous population,"Food insecure, marginal",35,5.6
2020,Ontario,,Indigenous population,"Food insecure, moderate or severe",35,24.8
2020,Ontario,,Indigenous population,"Food insecure, moderate",35,13.9
2020,Ontario,,Indigenous population,"Food insecure, severe",35,11.0
2020,Ontario,,Non-Indigenous population,Food secure,35,84.2
2020,Ontario,,Non-Indigenous population,Food insecure,35,15.8
2020,Ontario,,Non-Indigenous population,"Food insecure, marginal",35,4.6
2020,Ontario,,Non-Indigenous population,"Food insecure, moderate or severe",35,11.2
2020,Ontario,,Non-Indigenous population,"Food insecure, moderate",35,7.5
2020,Ontario,,Non-Indigenous population,"Food insecure, severe",35,3.8
2020,Ontario,,Not a visible minority nor Indigenous,Food secure,35,87.0
2020,Ontario,,Not a visible minority nor Indigenous,Food insecure,35,13.0
2020,Ontario,,Not a visible minority nor Indigenous,"Food insecure, marginal",35,3.8
2020,Ontario,,Not a visible minority nor Indigenous,"Food insecure, moderate or severe",35,9.3
2020,Ontario,,Not a visible minority nor Indigenous,"Food insecure, moderate",35,5.6
2020,Ontario,,Not a visible minority nor Indigenous,"Food insecure, severe",35,3.7
2020,Ontario,,All persons aged 15 years and over,Food secure,35,84.8
2020,Ontario,,All persons aged 15 years and over,Food insecure,35,15.2
2020,Ontario,,All persons aged 15 years and over,"Food insecure, marginal",35,4.3
2020,Ontario,,All persons aged 15 years and over,"Food insecure, moderate or severe",35,10.8
2020,Ontario,,All persons aged 15 years and over,"Food insecure, moderate",35,7.0
2020,Ontario,,All persons aged 15 years and over,"Food insecure, severe",35,3.8
2020,Ontario,,Indigenous population aged 15 years and over,Food secure,35,71.5
2020,Ontario,,Indigenous population aged 15 years and over,Food insecure,35,28.5
2020,Ontario,,Indigenous population aged 15 years and over,"Food insecure, marginal",35,6.2
2020,Ontario,,Indigenous population aged 15 years and over,"Food insecure, moderate or severe",35,22.2
2020,Ontario,,Indigenous population aged 15 years and over,"Food insecure, moderate",35,12.5
2020,Ontario,,Indigenous population aged 15 years and over,"Food insecure, severe",35,9.7
2020,Ontario,,First Nations aged 15 years and over,Food secure,35,69.2
2020,Ontario,,First Nations aged 15 years and over,Food insecure,35,30.8
2020,Ontario,,First Nations aged 15 years and over,"Food insecure, marginal",35,
2020,Ontario,,First Nations aged 15 years and over,"Food insecure, moderate or severe",35,26.1
2020,Ontario,,First Nations aged 15 years and over,"Food insecure, moderate",35,15.3
2020,Ontario,,First Nations aged 15 years and over,"Food insecure, severe",35,10.9
2020,Ontario,,Métis aged 15 years and over,Food secure,35,74.3
2020,Ontario,,Métis aged 15 years and over,Food insecure,35,25.7
2020,Ontario,,Métis aged 15 years and over,"Food insecure, marginal",35,
2020,Ontario,,Métis aged 15 years and over,"Food insecure, moderate or severe",35,17.4
2020,Ontario,,Métis aged 15 years and over,"Food insecure, moderate",35,8.9
2020,Ontario,,Métis aged 15 years and over,"Food insecure, severe",35,
2020,Ontario,,Non-Indigenous population aged 15 years and over,Food secure,35,85.1
2020,Ontario,,Non-Indigenous population aged 15 years and over,Food insecure,35,14.9
2020,Ontario,,Non-Indigenous population aged 15 years and over,"Food insecure, marginal",35,4.3
2020,Ontario,,Non-Indigenous population aged 15 years and over,"Food insecure, moderate or severe",35,10.6
2020,Ontario,,Non-Indigenous population aged 15 years and over,"Food insecure, moderate",35,6.9
2020,Ontario,,Non-Indigenous population aged 15 years and over,"Food insecure, severe",35,3.7
2020,Ontario,,Immigrants aged 15 years and over,Food secure,35,82.0
2020,Ontario,,Immigrants aged 15 years and over,Food insecure,35,18.0
2020,Ontario,,Immigrants aged 15 years and over,"Food insecure, marginal",35,5.5
2020,Ontario,,Immigrants aged 15 years and over,"Food insecure, moderate or severe",35,12.5
2020,Ontario,,Immigrants aged 15 years and over,"Food insecure, moderate",35,9.1
2020,Ontario,,Immigrants aged 15 years and over,"Food insecure, severe",35,3.4
2020,Ontario,,Recent immigrants (10 years or less) aged 15 years and over,Food secure,35,76.9
2020,Ontario,,Recent immigrants (10 years or less) aged 15 years and over,Food insecure,35,23.1
2020,Ontario,,Recent immigrants (10 years or less) aged 15 years and over,"Food insecure, marginal",35,5.8
2020,Ontario,,Recent immigrants (10 years or less) aged 15 years and over,"Food insecure, moderate or severe",35,17.3
2020,Ontario,,Recent immigrants (10 years or less) aged 15 years and over,"Food insecure, moderate",35,13.0
2020,Ontario,,Recent immigrants (10 years or less) aged 15 years and over,"Food insecure, severe",35,4.2
2020,Ontario,,Very recent immigrants (5 years or less) aged 15 years and over,Food secure,35,78.0
2020,Ontario,,Very recent immigrants (5 years or less) aged 15 years and over,Food insecure,35,22.0
2020,Ontario,,Very recent immigrants (5 years or less) aged 15 years and over,"Food insecure, marginal",35,6.6
2020,Ontario,,Very recent immigrants (5 years or less) aged 15 years and over,"Food insecure, moderate or severe",35,15.5
2020,Ontario,,Very recent immigrants (5 years or less) aged 15 years and over,"Food insecure, moderate",35,10.8
2020,Ontario,,Very recent immigrants (5 years or less) aged 15 years and over,"Food insecure, severe",35,4.6
2020,Ontario,,Persons aged 15 years and over born in Canada,Food secure,35,86.6
2020,Ontario,,Persons aged 15 years and over born in Canada,Food insecure,35,13.4
2020,Ontario,,Persons aged 15 years and over born in Canada,"Food insecure, marginal",35,3.7
2020,Ontario,,Persons aged 15 years and over born in Canada,"Food insecure, moderate or severe",35,9.7
2020,Ontario,,Persons aged 15 years and over born in Canada,"Food insecure, moderate",35,5.7
2020,Ontario,,Persons aged 15 years and over born in Canada,"Food insecure, severe",35,4.0
2020,Prairie provinces,,All persons,Food secure,,81.0
2020,Prairie provinces,,All persons,Food insecure,,19.0
2020,Prairie provinces,,All persons,"Food insecure, marginal",,4.9
2020,Prairie provinces,,All persons,"Food insecure, moderate or severe",,14.1
2020,Prairie provinces,,All persons,"Food insecure, moderate",,9.2
2020,Prairie provinces,,All persons,"Food insecure, severe",,4.9
2020,Prairie provinces,,Persons under 18 years,Food secure,,78.3
2020,Prairie provinces,,Persons under 18 years,Food insecure,,21.7
2020,Prairie provinces,,Persons under 18 years,"Food insecure, marginal",,5.9
2020,Prairie provinces,,Persons under 18 years,"Food insecure, moderate or severe",,15.8
2020,Prairie provinces,,Persons under 18 years,"Food insecure, moderate",,11.9
2020,Prairie provinces,,Persons under 18 years,"Food insecure, severe",,3.9
2020,Prairie provinces,,Persons 18 to 64 years,Food secure,,80.1
2020,Prairie provinces,,Persons 18 to 64 years,Food insecure,,19.9
2020,Prairie provinces,,Persons 18 to 64 years,"Food insecure, marginal",,4.8
2020,Prairie provinces,,Persons 18 to 64 years,"Food insecure, moderate or severe",,15.1
2020,Prairie provinces,,Persons 18 to 64 years,"Food insecure, moderate",,9.4
2020,Prairie provinces,,Persons 18 to 64 years,"Food insecure, severe",,5.7
2020,Prairie provinces,,Persons 18 to 24 years,Food secure,,79.9
2020,Prairie provinces,,Persons 18 to 24 years,Food insecure,,20.1
2020,Prairie provinces,,Persons 18 to 24 years,"Food insecure, marginal",,5.0
2020,Prairie provinces,,Persons 18 to 24 years,"Food insecure, moderate or severe",,15.1
2020,Prairie provinces,,Persons 18 to 24 years,"Food insecure, moderate",,7.6
2020,Prairie provinces,,Persons 18 to 24 years,"Food insecure, severe",,7.5
2020,Prairie provinces,,Persons 25 to 34 years,Food secure,,79.7
2020,Prairie provinces,,Persons 25 to 34 years,Food insecure,,20.3
2020,Prairie provinces,,Persons 25 to 34 years,"Food insecure, marginal",,4.5
2020,Prairie provinces,,Persons 25 to 34 years,"Food insecure, moderate or severe",,15.8
2020,Prairie provinces,,Persons 25 to 34 years,"Food insecure, moderate",,10.6
2020,Prairie provinces,,Persons 25 to 34 years,"Food insecure, severe",,5.2
2020,Prairie provinces,,Persons 35 to 44 years,Food secure,,77.1
2020,Prairie provinces,,Persons 35 to 44 years,Food insecure,,22.9
2020,Prairie provinces,,Persons 35 to 44 years,"Food insecure, marginal",,6.1
2020,Prairie provinces,,Persons 35 to 44 years,"Food insecure, moderate or severe",,16.8
2020,Prairie provinces,,Persons 35 to 44 years,"Food insecure, moderate",,11.1
2020,Prairie provinces,,Persons 35 to 44 years,"Food insecure, severe",,5.7
2020,Prairie provinces,,Persons 45 to 54 years,Food secure,,80.2
2020,Prairie provinces,,Persons 45 to 54 years,Food insecure,,19.8
2020,Prairie provinces,,Persons 45 to 54 years,"Food insecure, marginal",,4.8
2020,Prairie provinces,,Persons 45 to 54 years,"Food insecure, moderate or severe",,15.0
2020,Prairie provinces,,Persons 45 to 54 years,"Food insecure, moderate",,8.8
2020,Prairie provinces,,Persons 45 to 54 years,"Food insecure, severe",,6.2
2020,Prairie provinces,,Persons 55 to 64 years,Food secure,,84.2
2020,Prairie provinces,,Persons 55 to 64 years,Food insecure,,15.8
2020,Prairie provinces,,Persons 55 to 64 years,"Food insecure, marginal",,3.5
2020,Prairie provinces,,Persons 55 to 64 years,"Food insecure, moderate or severe",,12.3
2020,Prairie provinces,,Persons 55 to 64 years,"Food insecure, moderate",,7.7
2020,Prairie provinces,,Persons 55 to 64 years,"Food insecure, severe",,4.5
2020,Prairie provinces,,Persons 65 years and over,Food secure,,89.1
2020,Prairie provinces,,Persons 65 years and over,Food insecure,,10.9
2020,Prairie provinces,,Persons 65 years and over,"Food insecure, marginal",,3.4
2020,Prairie provinces,,Persons 65 years and over,"Food insecure, moderate or severe",,7.5
2020,Prairie provinces,,Persons 65 years and over,"Food insecure, moderate",,4.3
2020,Prairie provinces,,Persons 65 years and over,"Food insecure, severe",,3.2
2020,Prairie provinces,,Males,Food secure,,81.0
2020,Prairie provinces,,Males,Food insecure,,19.0
2020,Prairie provinces,,Males,"Food insecure, marginal",,4.8
2020,Prairie provinces,,Males,"Food insecure, moderate or severe",,14.2
2020,Prairie provinces,,Males,"Food insecure, moderate",,9.1
2020,Prairie provinces,,Males,"Food insecure, severe",,5.2
2020,Prairie provinces,,"Males, under 18 years",Food secure,,78.1
2020,Prairie provinces,,"Males, under 18 years",Food insecure,,21.9
2020,Prairie provinces,,"Males, under 18 years","Food insecure, marginal",,6.1
2020,Prairie provinces,,"Males, under 18 years","Food insecure, moderate or severe",,15.8
2020,Prairie provinces,,"Males, under 18 years","Food insecure, moderate",,11.6
2020,Prairie provinces,,"Males, under 18 years","Food insecure, severe",,4.2
2020,Prairie provinces,,"Males, 18 to 64 years",Food secure,,80.1
2020,Prairie provinces,,"Males, 18 to 64 years",Food insecure,,19.9
2020,Prairie provinces,,"Males, 18 to 64 years","Food insecure, marginal",,4.6
2020,Prairie provinces,,"Males, 18 to 64 years","Food insecure, moderate or severe",,15.3
2020,Prairie provinces,,"Males, 18 to 64 years","Food insecure, moderate",,9.3
2020,Prairie provinces,,"Males, 18 to 64 years","Food insecure, severe",,6.0
2020,Prairie provinces,,"Males, 65 years and over",Food secure,,90.1
2020,Prairie provinces,,"Males, 65 years and over",Food insecure,,9.9
2020,Prairie provinces,,"Males, 65 years and over","Food insecure, marginal",,3.3
2020,Prairie provinces,,"Males, 65 years and over","Food insecure, moderate or severe",,6.6
2020,Prairie provinces,,"Males, 65 years and over","Food insecure, moderate",,3.6
2020,Prairie provinces,,"Males, 65 years and over","Food insecure, severe",,3.0
2020,Prairie provinces,,Females,Food secure,,81.0
2020,Prairie provinces,,Females,Food insecure,,19.0
2020,Prairie provinces,,Females,"Food insecure, marginal",,4.9
2020,Prairie provinces,,Females,"Food insecure, moderate or severe",,14.0
2020,Prairie provinces,,Females,"Food insecure, moderate",,9.4
2020,Prairie provinces,,Females,"Food insecure, severe",,4.7
2020,Prairie provinces,,"Females, under 18 years",Food secure,,78.5
2020,Prairie provinces,,"Females, under 18 years",Food insecure,,21.5
2020,Prairie provinces,,"Females, under 18 years","Food insecure, marginal",,5.7
2020,Prairie provinces,,"Females, under 18 years","Food insecure, moderate or severe",,15.8
2020,Prairie provinces,,"Females, under 18 years","Food insecure, moderate",,12.3
2020,Prairie provinces,,"Females, under 18 years","Food insecure, severe",,3.5
2020,Prairie provinces,,"Females, 18 to 64 years",Food secure,,80.1
2020,Prairie provinces,,"Females, 18 to 64 years",Food insecure,,19.9
2020,Prairie provinces,,"Females, 18 to 64 years","Food insecure, marginal",,5.0
2020,Prairie provinces,,"Females, 18 to 64 years","Food insecure, moderate or severe",,14.9
2020,Prairie provinces,,"Females, 18 to 64 years","Food insecure, moderate",,9.4
2020,Prairie provinces,,"Females, 18 to 64 years","Food insecure, severe",,5.4
2020,Prairie provinces,,"Females, 65 years and over",Food secure,,88.2
2020,Prairie provinces,,"Females, 65 years and over",Food insecure,,11.8
2020,Prairie provinces,,"Females, 65 years and over","Food insecure, marginal",,3.5
2020,Prairie provinces,,"Females, 65 years and over","Food insecure, moderate or severe",,8.3
2020,Prairie provinces,,"Females, 65 years and over","Food insecure, moderate",,5.0
2020,Prairie provinces,,"Females, 65 years and over","Food insecure, severe",,3.4
2020,Prairie provinces,,Visible minority population,Food secure,,75.3
2020,Prairie provinces,,Visible minority population,Food insecure,,24.7
2020,Prairie provinces,,Visible minority population,"Food insecure, marginal",,6.5
2020,Prairie provinces,,Visible minority population,"Food insecure, moderate or severe",,18.2
2020,Prairie provinces,,Visible minority population,"Food insecure, moderate",,14.0
2020,Prairie provinces,,Visible minority population,"Food insecure, severe",,4.2
2020,Prairie provinces,,South Asian,Food secure,,82.9
2020,Prairie provinces,,South Asian,Food insecure,,17.1
2020,Prairie provinces,,South Asian,"Food insecure, marginal",,
2020,Prairie provinces,,South Asian,"Food insecure, moderate or severe",,10.5
2020,Prairie provinces,,South Asian,"Food insecure, moderate",,8.9
2020,Prairie provinces,,South Asian,"Food insecure, severe",,
2020,Prairie provinces,,Chinese,Food secure,,83.9
2020,Prairie provinces,,Chinese,Food insecure,,16.1
2020,Prairie provinces,,Chinese,"Food insecure, marginal",,6.9
2020,Prairie provinces,,Chinese,"Food insecure, moderate or severe",,9.3
2020,Prairie provinces,,Chinese,"Food insecure, moderate",,8.5
2020,Prairie provinces,,Chinese,"Food insecure, severe",,
2020,Prairie provinces,,Black,Food secure,,71.2
2020,Prairie provinces,,Black,Food insecure,,28.8
2020,Prairie provinces,,Black,"Food insecure, marginal",,7.8
2020,Prairie provinces,,Black,"Food insecure, moderate or severe",,21.0
2020,Prairie provinces,,Black,"Food insecure, moderate",,15.4
2020,Prairie provinces,,Black,"Food insecure, severe",,
2020,Prairie provinces,,Filipino,Food secure,,68.4
2020,Prairie provinces,,Filipino,Food insecure,,31.6
2020,Prairie provinces,,Filipino,"Food insecure, marginal",,6.4
2020,Prairie provinces,,Filipino,"Food insecure, moderate or severe",,25.2
2020,Prairie provinces,,Filipino,"Food insecure, moderate",,18.6
2020,Prairie provinces,,Filipino,"Food insecure, severe",,
2020,Prairie provinces,,Arab,Food secure,,67.3
2020,Prairie provinces,,Arab,Food insecure,,32.7
2020,Prairie provinces,,Arab,"Food insecure, marginal",,
2020,Prairie provinces,,Arab,"Food insecure, moderate or severe",,28.4
2020,Prairie provinces,,Arab,"Food insecure, moderate",,
2020,Prairie provinces,,Arab,"Food insecure, severe",,
2020,Prairie provinces,,Latin American,Food secure,,73.8
2020,Prairie provinces,,Latin American,Food insecure,,26.2
2020,Prairie provinces,,Latin American,"Food insecure, marginal",,
2020,Prairie provinces,,Latin American,"Food insecure, moderate or severe",,16.1
2020,Prairie provinces,,Latin American,"Food insecure, moderate",,
2020,Prairie provinces,,Latin American,"Food insecure, severe",,
2020,Prairie provinces,,Southeast Asian,Food secure,,79.1
2020,Prairie provinces,,Southeast Asian,Food insecure,,20.9
2020,Prairie provinces,,Southeast Asian,"Food insecure, marginal",,
2020,Prairie provinces,,Southeast Asian,"Food insecure, moderate or severe",,16.2
2020,Prairie provinces,,Southeast Asian,"Food insecure, moderate",,
2020,Prairie provinces,,Southeast Asian,"Food insecure, severe",,
2020,Prairie provinces,,Other visible minority,Food secure,,70.1
2020,Prairie provinces,,Other visible minority,Food insecure,,29.9
2020,Prairie provinces,,Other visible minority,"Food insecure, marginal",,
2020,Prairie provinces,,Other visible minority,"Food insecure, moderate or severe",,25.3
2020,Prairie provinces,,Other visible minority,"Food insecure, moderate",,
2020,Prairie provinces,,Other visible minority,"Food insecure, severe",,
2020,Prairie provinces,,Not a visible minority,Food secure,,83.0
2020,Prairie provinces,,Not a visible minority,Food insecure,,17.0
2020,Prairie provinces,,Not a visible minority,"Food insecure, marginal",,4.3
2020,Prairie provinces,,Not a visible minority,"Food insecure, moderate or severe",,12.7
2020,Prairie provinces,,Not a visible minority,"Food insecure, moderate",,7.6
2020,Prairie provinces,,Not a visible minority,"Food insecure, severe",,5.2
2020,Prairie provinces,,Indigenous population,Food secure,,69.1
2020,Prairie provinces,,Indigenous population,Food insecure,,30.9
2020,Prairie provinces,,Indigenous population,"Food insecure, marginal",,5.4
2020,Prairie provinces,,Indigenous population,"Food insecure, moderate or severe",,25.5
2020,Prairie provinces,,Indigenous population,"Food insecure, moderate",,17.1
2020,Prairie provinces,,Indigenous population,"Food insecure, severe",,8.5
2020,Prairie provinces,,Non-Indigenous population,Food secure,,81.8
2020,Prairie provinces,,Non-Indigenous population,Food insecure,,18.2
2020,Prairie provinces,,Non-Indigenous population,"Food insecure, marginal",,4.8
2020,Prairie provinces,,Non-Indigenous population,"Food insecure, moderate or severe",,13.4
2020,Prairie provinces,,Non-Indigenous population,"Food insecure, moderate",,8.7
2020,Prairie provinces,,Non-Indigenous population,"Food insecure, severe",,4.7
2020,Prairie provinces,,Not a visible minority nor Indigenous,Food secure,,84.3
2020,Prairie provinces,,Not a visible minority nor Indigenous,Food insecure,,15.7
2020,Prairie provinces,,Not a visible minority nor Indigenous,"Food insecure, marginal",,4.2
2020,Prairie provinces,,Not a visible minority nor Indigenous,"Food insecure, moderate or severe",,11.5
2020,Prairie provinces,,Not a visible minority nor Indigenous,"Food insecure, moderate",,6.7
2020,Prairie provinces,,Not a visible minority nor Indigenous,"Food insecure, severe",,4.8
2020,Prairie provinces,,All persons aged 15 years and over,Food secure,,81.7
2020,Prairie provinces,,All persons aged 15 years and over,Food insecure,,18.3
2020,Prairie provinces,,All persons aged 15 years and over,"Food insecure, marginal",,4.6
2020,Prairie provinces,,All persons aged 15 years and over,"Food insecure, moderate or severe",,13.6
2020,Prairie provinces,,All persons aged 15 years and over,"Food insecure, moderate",,8.4
2020,Prairie provinces,,All persons aged 15 years and over,"Food insecure, severe",,5.2
2020,Prairie provinces,,Indigenous population aged 15 years and over,Food secure,,71.1
2020,Prairie provinces,,Indigenous population aged 15 years and over,Food insecure,,28.9
2020,Prairie provinces,,Indigenous population aged 15 years and over,"Food insecure, marginal",,5.4
2020,Prairie provinces,,Indigenous population aged 15 years and over,"Food insecure, moderate or severe",,23.4
2020,Prairie provinces,,Indigenous population aged 15 years and over,"Food insecure, moderate",,13.8
2020,Prairie provinces,,Indigenous population aged 15 years and over,"Food insecure, severe",,9.7
2020,Prairie provinces,,First Nations aged 15 years and over,Food secure,,66.4
2020,Prairie provinces,,First Nations aged 15 years and over,Food insecure,,33.6
2020,Prairie provinces,,First Nations aged 15 years and over,"Food insecure, marginal",,6.3
2020,Prairie provinces,,First Nations aged 15 years and over,"Food insecure, moderate or severe",,27.3
2020,Prairie provinces,,First Nations aged 15 years and over,"Food insecure, moderate",,18.6
2020,Prairie provinces,,First Nations aged 15 years and over,"Food insecure, severe",,8.8
2020,Prairie provinces,,Métis aged 15 years and over,Food secure,,74.3
2020,Prairie provinces,,Métis aged 15 years and over,Food insecure,,25.7
2020,Prairie provinces,,Métis aged 15 years and over,"Food insecure, marginal",,5.0
2020,Prairie provinces,,Métis aged 15 years and over,"Food insecure, moderate or severe",,20.7
2020,Prairie provinces,,Métis aged 15 years and over,"Food insecure, moderate",,10.6
2020,Prairie provinces,,Métis aged 15 years and over,"Food insecure, severe",,10.1
2020,Prairie provinces,,Non-Indigenous population aged 15 years and over,Food secure,,82.4
2020,Prairie provinces,,Non-Indigenous population aged 15 years and over,Food insecure,,17.6
2020,Prairie provinces,,Non-Indigenous population aged 15 years and over,"Food insecure, marginal",,4.6
2020,Prairie provinces,,Non-Indigenous population aged 15 years and over,"Food insecure, moderate or severe",,13.1
2020,Prairie provinces,,Non-Indigenous population aged 15 years and over,"Food insecure, moderate",,8.1
2020,Prairie provinces,,Non-Indigenous population aged 15 years and over,"Food insecure, severe",,5.0
2020,Prairie provinces,,Immigrants aged 15 years and over,Food secure,,77.8
2020,Prairie provinces,,Immigrants aged 15 years and over,Food insecure,,22.2
2020,Prairie provinces,,Immigrants aged 15 years and over,"Food insecure, marginal",,5.8
2020,Prairie provinces,,Immigrants aged 15 years and over,"Food insecure, moderate or severe",,16.4
2020,Prairie provinces,,Immigrants aged 15 years and over,"Food insecure, moderate",,11.8
2020,Prairie provinces,,Immigrants aged 15 years and over,"Food insecure, severe",,4.6
2020,Prairie provinces,,Recent immigrants (10 years or less) aged 15 years and over,Food secure,,71.0
2020,Prairie provinces,,Recent immigrants (10 years or less) aged 15 years and over,Food insecure,,29.0
2020,Prairie provinces,,Recent immigrants (10 years or less) aged 15 years and over,"Food insecure, marginal",,7.9
2020,Prairie provinces,,Recent immigrants (10 years or less) aged 15 years and over,"Food insecure, moderate or severe",,21.2
2020,Prairie provinces,,Recent immigrants (10 years or less) aged 15 years and over,"Food insecure, moderate",,15.5
2020,Prairie provinces,,Recent immigrants (10 years or less) aged 15 years and over,"Food insecure, severe",,
2020,Prairie provinces,,Very recent immigrants (5 years or less) aged 15 years and over,Food secure,,70.3
2020,Prairie provinces,,Very recent immigrants (5 years or less) aged 15 years and over,Food insecure,,29.7
2020,Prairie provinces,,Very recent immigrants (5 years or less) aged 15 years and over,"Food insecure, marginal",,10.0
2020,Prairie provinces,,Very recent immigrants (5 years or less) aged 15 years and over,"Food insecure, moderate or severe",,19.7
2020,Prairie provinces,,Very recent immigrants (5 years or less) aged 15 years and over,"Food insecure, moderate",,16.4
2020,Prairie provinces,,Very recent immigrants (5 years or less) aged 15 years and over,"Food insecure, severe",,3.2
2020,Prairie provinces,,Persons aged 15 years and over born in Canada,Food secure,,83.1
2020,Prairie provinces,,Persons aged 15 years and over born in Canada,Food insecure,,16.9
2020,Prairie provinces,,Persons aged 15 years and over born in Canada,"Food insecure, marginal",,4.1
2020,Prairie provinces,,Persons aged 15 years and over born in Canada,"Food insecure, moderate or severe",,12.8
2020,Prairie provinces,,Persons aged 15 years and over born in Canada,"Food insecure, moderate",,7.2
2020,Prairie provinces,,Persons aged 15 years and over born in Canada,"Food insecure, severe",,5.6
2020,Manitoba,,All persons,Food secure,46,82.9
2020,Manitoba,,All persons,Food insecure,46,17.1
2020,Manitoba,,All persons,"Food insecure, marginal",46,5.1
2020,Manitoba,,All persons,"Food insecure, moderate or severe",46,12.0
2020,Manitoba,,All persons,"Food insecure, moderate",46,8.5
2020,Manitoba,,All persons,"Food insecure, severe",46,3.5
2020,Manitoba,,Persons under 18 years,Food secure,46,79.1
2020,Manitoba,,Persons under 18 years,Food insecure,46,20.9
2020,Manitoba,,Persons under 18 years,"Food insecure, marginal",46,6.8
2020,Manitoba,,Persons under 18 years,"Food insecure, moderate or severe",46,14.2
2020,Manitoba,,Persons under 18 years,"Food insecure, moderate",46,11.5
2020,Manitoba,,Persons under 18 years,"Food insecure, severe",46,2.6
2020,Manitoba,,Persons 18 to 64 years,Food secure,46,82.1
2020,Manitoba,,Persons 18 to 64 years,Food insecure,46,17.9
2020,Manitoba,,Persons 18 to 64 years,"Food insecure, marginal",46,5.0
2020,Manitoba,,Persons 18 to 64 years,"Food insecure, moderate or severe",46,12.8
2020,Manitoba,,Persons 18 to 64 years,"Food insecure, moderate",46,8.7
2020,Manitoba,,Persons 18 to 64 years,"Food insecure, severe",46,4.2
2020,Manitoba,,Persons 18 to 24 years,Food secure,46,81.1
2020,Manitoba,,Persons 18 to 24 years,Food insecure,46,18.9
2020,Manitoba,,Persons 18 to 24 years,"Food insecure, marginal",46,6.0
2020,Manitoba,,Persons 18 to 24 years,"Food insecure, moderate or severe",46,12.9
2020,Manitoba,,Persons 18 to 24 years,"Food insecure, moderate",46,8.9
2020,Manitoba,,Persons 18 to 24 years,"Food insecure, severe",46,4.1
2020,Manitoba,,Persons 25 to 34 years,Food secure,46,81.3
2020,Manitoba,,Persons 25 to 34 years,Food insecure,46,18.7
2020,Manitoba,,Persons 25 to 34 years,"Food insecure, marginal",46,5.4
2020,Manitoba,,Persons 25 to 34 years,"Food insecure, moderate or severe",46,13.3
2020,Manitoba,,Persons 25 to 34 years,"Food insecure, moderate",46,9.4
2020,Manitoba,,Persons 25 to 34 years,"Food insecure, severe",46,4.0
2020,Manitoba,,Persons 35 to 44 years,Food secure,46,80.1
2020,Manitoba,,Persons 35 to 44 years,Food insecure,46,19.9
2020,Manitoba,,Persons 35 to 44 years,"Food insecure, marginal",46,5.7
2020,Manitoba,,Persons 35 to 44 years,"Food insecure, moderate or severe",46,14.2
2020,Manitoba,,Persons 35 to 44 years,"Food insecure, moderate",46,9.7
2020,Manitoba,,Persons 35 to 44 years,"Food insecure, severe",46,4.4
2020,Manitoba,,Persons 45 to 54 years,Food secure,46,81.6
2020,Manitoba,,Persons 45 to 54 years,Food insecure,46,18.4
2020,Manitoba,,Persons 45 to 54 years,"Food insecure, marginal",46,5.3
2020,Manitoba,,Persons 45 to 54 years,"Food insecure, moderate or severe",46,13.1
2020,Manitoba,,Persons 45 to 54 years,"Food insecure, moderate",46,8.3
2020,Manitoba,,Persons 45 to 54 years,"Food insecure, severe",46,4.7
2020,Manitoba,,Persons 55 to 64 years,Food secure,46,86.5
2020,Manitoba,,Persons 55 to 64 years,Food insecure,46,13.5
2020,Manitoba,,Persons 55 to 64 years,"Food insecure, marginal",46,3.0
2020,Manitoba,,Persons 55 to 64 years,"Food insecure, moderate or severe",46,10.6
2020,Manitoba,,Persons 55 to 64 years,"Food insecure, moderate",46,7.0
2020,Manitoba,,Persons 55 to 64 years,"Food insecure, severe",46,3.6
2020,Manitoba,,Persons 65 years and over,Food secure,46,91.3
2020,Manitoba,,Persons 65 years and over,Food insecure,46,8.7
2020,Manitoba,,Persons 65 years and over,"Food insecure, marginal",46,2.9
2020,Manitoba,,Persons 65 years and over,"Food insecure, moderate or severe",46,5.9
2020,Manitoba,,Persons 65 years and over,"Food insecure, moderate",46,3.6
2020,Manitoba,,Persons 65 years and over,"Food insecure, severe",46,2.2
2020,Manitoba,,Males,Food secure,46,83.1
2020,Manitoba,,Males,Food insecure,46,16.9
2020,Manitoba,,Males,"Food insecure, marginal",46,5.0
2020,Manitoba,,Males,"Food insecure, moderate or severe",46,12.0
2020,Manitoba,,Males,"Food insecure, moderate",46,8.7
2020,Manitoba,,Males,"Food insecure, severe",46,3.3
2020,Manitoba,,"Males, under 18 years",Food secure,46,78.5
2020,Manitoba,,"Males, under 18 years",Food insecure,46,21.5
2020,Manitoba,,"Males, under 18 years","Food insecure, marginal",46,6.7
2020,Manitoba,,"Males, under 18 years","Food insecure, moderate or severe",46,14.8
2020,Manitoba,,"Males, under 18 years","Food insecure, moderate",46,12.0
2020,Manitoba,,"Males, under 18 years","Food insecure, severe",46,2.8
2020,Manitoba,,"Males, 18 to 64 years",Food secure,46,82.6
2020,Manitoba,,"Males, 18 to 64 years",Food insecure,46,17.4
2020,Manitoba,,"Males, 18 to 64 years","Food insecure, marginal",46,5.0
2020,Manitoba,,"Males, 18 to 64 years","Food insecure, moderate or severe",46,12.5
2020,Manitoba,,"Males, 18 to 64 years","Food insecure, moderate",46,8.6
2020,Manitoba,,"Males, 18 to 64 years","Food insecure, severe",46,3.9
2020,Manitoba,,"Males, 65 years and over",Food secure,46,91.9
2020,Manitoba,,"Males, 65 years and over",Food insecure,46,8.1
2020,Manitoba,,"Males, 65 years and over","Food insecure, marginal",46,2.5
2020,Manitoba,,"Males, 65 years and over","Food insecure, moderate or severe",46,5.5
2020,Manitoba,,"Males, 65 years and over","Food insecure, moderate",46,4.2
2020,Manitoba,,"Males, 65 years and over","Food insecure, severe",46,1.4
2020,Manitoba,,Females,Food secure,46,82.8
2020,Manitoba,,Females,Food insecure,46,17.2
2020,Manitoba,,Females,"Food insecure, marginal",46,5.2
2020,Manitoba,,Females,"Food insecure, moderate or severe",46,12.0
2020,Manitoba,,Females,"Food insecure, moderate",46,8.3
2020,Manitoba,,Females,"Food insecure, severe",46,3.7
2020,Manitoba,,"Females, under 18 years",Food secure,46,79.7
2020,Manitoba,,"Females, under 18 years",Food insecure,46,20.3
2020,Manitoba,,"Females, under 18 years","Food insecure, marginal",46,6.8
2020,Manitoba,,"Females, under 18 years","Food insecure, moderate or severe",46,13.4
2020,Manitoba,,"Females, under 18 years","Food insecure, moderate",46,11.1
2020,Manitoba,,"Females, under 18 years","Food insecure, severe",46,2.4
2020,Manitoba,,"Females, 18 to 64 years",Food secure,46,81.7
2020,Manitoba,,"Females, 18 to 64 years",Food insecure,46,18.3
2020,Manitoba,,"Females, 18 to 64 years","Food insecure, marginal",46,5.1
2020,Manitoba,,"Females, 18 to 64 years","Food insecure, moderate or severe",46,13.2
2020,Manitoba,,"Females, 18 to 64 years","Food insecure, moderate",46,8.7
2020,Manitoba,,"Females, 18 to 64 years","Food insecure, severe",46,4.4
2020,Manitoba,,"Females, 65 years and over",Food secure,46,90.7
2020,Manitoba,,"Females, 65 years and over",Food insecure,46,9.3
2020,Manitoba,,"Females, 65 years and over","Food insecure, marginal",46,3.1
2020,Manitoba,,"Females, 65 years and over","Food insecure, moderate or severe",46,6.2
2020,Manitoba,,"Females, 65 years and over","Food insecure, moderate",46,3.2
2020,Manitoba,,"Females, 65 years and over","Food insecure, severe",46,3.0
2020,Manitoba,,Visible minority population,Food secure,46,78.8
2020,Manitoba,,Visible minority population,Food insecure,46,21.2
2020,Manitoba,,Visible minority population,"Food insecure, marginal",46,6.5
2020,Manitoba,,Visible minority population,"Food insecure, moderate or severe",46,14.7
2020,Manitoba,,Visible minority population,"Food insecure, moderate",46,11.9
2020,Manitoba,,Visible minority population,"Food insecure, severe",46,2.8
2020,Manitoba,,South Asian,Food secure,46,87.3
2020,Manitoba,,South Asian,Food insecure,46,12.7
2020,Manitoba,,South Asian,"Food insecure, marginal",46,4.8
2020,Manitoba,,South Asian,"Food insecure, moderate or severe",46,
2020,Manitoba,,South Asian,"Food insecure, moderate",46,
2020,Manitoba,,South Asian,"Food insecure, severe",46,
2020,Manitoba,,Chinese,Food secure,46,85.7
2020,Manitoba,,Chinese,Food insecure,46,14.3
2020,Manitoba,,Chinese,"Food insecure, marginal",46,
2020,Manitoba,,Chinese,"Food insecure, moderate or severe",46,10.4
2020,Manitoba,,Chinese,"Food insecure, moderate",46,
2020,Manitoba,,Chinese,"Food insecure, severe",46,
2020,Manitoba,,Black,Food secure,46,60.6
2020,Manitoba,,Black,Food insecure,46,39.4
2020,Manitoba,,Black,"Food insecure, marginal",46,15.8
2020,Manitoba,,Black,"Food insecure, moderate or severe",46,23.6
2020,Manitoba,,Black,"Food insecure, moderate",46,17.2
2020,Manitoba,,Black,"Food insecure, severe",46,
2020,Manitoba,,Filipino,Food secure,46,79.7
2020,Manitoba,,Filipino,Food insecure,46,20.3
2020,Manitoba,,Filipino,"Food insecure, marginal",46,
2020,Manitoba,,Filipino,"Food insecure, moderate or severe",46,15.5
2020,Manitoba,,Filipino,"Food insecure, moderate",46,14.0
2020,Manitoba,,Filipino,"Food insecure, severe",46,
2020,Manitoba,,Arab,Food secure,46,64.2
2020,Manitoba,,Arab,Food insecure,46,
2020,Manitoba,,Arab,"Food insecure, marginal",46,
2020,Manitoba,,Arab,"Food insecure, moderate or severe",46,
2020,Manitoba,,Arab,"Food insecure, moderate",46,
2020,Manitoba,,Arab,"Food insecure, severe",46,
2020,Manitoba,,Latin American,Food secure,46,77.8
2020,Manitoba,,Latin American,Food insecure,46,
2020,Manitoba,,Latin American,"Food insecure, marginal",46,
2020,Manitoba,,Latin American,"Food insecure, moderate or severe",46,
2020,Manitoba,,Latin American,"Food insecure, moderate",46,
2020,Manitoba,,Latin American,"Food insecure, severe",46,
2020,Manitoba,,Southeast Asian,Food secure,46,87.1
2020,Manitoba,,Southeast Asian,Food insecure,46,
2020,Manitoba,,Southeast Asian,"Food insecure, marginal",46,
2020,Manitoba,,Southeast Asian,"Food insecure, moderate or severe",46,
2020,Manitoba,,Southeast Asian,"Food insecure, moderate",46,
2020,Manitoba,,Southeast Asian,"Food insecure, severe",46,
2020,Manitoba,,Other visible minority,Food secure,46,73.7
2020,Manitoba,,Other visible minority,Food insecure,46,26.3
2020,Manitoba,,Other visible minority,"Food insecure, marginal",46,
2020,Manitoba,,Other visible minority,"Food insecure, moderate or severe",46,19.1
2020,Manitoba,,Other visible minority,"Food insecure, moderate",46,
2020,Manitoba,,Other visible minority,"Food insecure, severe",46,
2020,Manitoba,,Not a visible minority,Food secure,46,84.1
2020,Manitoba,,Not a visible minority,Food insecure,46,15.9
2020,Manitoba,,Not a visible minority,"Food insecure, marginal",46,4.6
2020,Manitoba,,Not a visible minority,"Food insecure, moderate or severe",46,11.2
2020,Manitoba,,Not a visible minority,"Food insecure, moderate",46,7.5
2020,Manitoba,,Not a visible minority,"Food insecure, severe",46,3.7
2020,Manitoba,,Indigenous population,Food secure,46,69.5
2020,Manitoba,,Indigenous population,Food insecure,46,30.5
2020,Manitoba,,Indigenous population,"Food insecure, marginal",46,8.4
2020,Manitoba,,Indigenous population,"Food insecure, moderate or severe",46,22.1
2020,Manitoba,,Indigenous population,"Food insecure, moderate",46,13.8
2020,Manitoba,,Indigenous population,"Food insecure, severe",46,8.3
2020,Manitoba,,Non-Indigenous population,Food secure,46,84.6
2020,Manitoba,,Non-Indigenous population,Food insecure,46,15.4
2020,Manitoba,,Non-Indigenous population,"Food insecure, marginal",46,4.7
2020,Manitoba,,Non-Indigenous population,"Food insecure, moderate or severe",46,10.7
2020,Manitoba,,Non-Indigenous population,"Food insecure, moderate",46,7.8
2020,Manitoba,,Non-Indigenous population,"Food insecure, severe",46,2.9
2020,Manitoba,,Not a visible minority nor Indigenous,Food secure,46,86.6
2020,Manitoba,,Not a visible minority nor Indigenous,Food insecure,46,13.4
2020,Manitoba,,Not a visible minority nor Indigenous,"Food insecure, marginal",46,4.0
2020,Manitoba,,Not a visible minority nor Indigenous,"Food insecure, moderate or severe",46,9.4
2020,Manitoba,,Not a visible minority nor Indigenous,"Food insecure, moderate",46,6.5
2020,Manitoba,,Not a visible minority nor Indigenous,"Food insecure, severe",46,3.0
2020,Manitoba,,All persons aged 15 years and over,Food secure,46,83.9
2020,Manitoba,,All persons aged 15 years and over,Food insecure,46,16.1
2020,Manitoba,,All persons aged 15 years and over,"Food insecure, marginal",46,4.7
2020,Manitoba,,All persons aged 15 years and over,"Food insecure, moderate or severe",46,11.4
2020,Manitoba,,All persons aged 15 years and over,"Food insecure, moderate",46,7.7
2020,Manitoba,,All persons aged 15 years and over,"Food insecure, severe",46,3.8
2020,Manitoba,,Indigenous population aged 15 years and over,Food secure,46,69.7
2020,Manitoba,,Indigenous population aged 15 years and over,Food insecure,46,30.3
2020,Manitoba,,Indigenous population aged 15 years and over,"Food insecure, marginal",46,8.5
2020,Manitoba,,Indigenous population aged 15 years and over,"Food insecure, moderate or severe",46,21.8
2020,Manitoba,,Indigenous population aged 15 years and over,"Food insecure, moderate",46,12.2
2020,Manitoba,,Indigenous population aged 15 years and over,"Food insecure, severe",46,9.6
2020,Manitoba,,First Nations aged 15 years and over,Food secure,46,62.0
2020,Manitoba,,First Nations aged 15 years and over,Food insecure,46,38.0
2020,Manitoba,,First Nations aged 15 years and over,"Food insecure, marginal",46,10.1
2020,Manitoba,,First Nations aged 15 years and over,"Food insecure, moderate or severe",46,27.9
2020,Manitoba,,First Nations aged 15 years and over,"Food insecure, moderate",46,16.4
2020,Manitoba,,First Nations aged 15 years and over,"Food insecure, severe",46,11.6
2020,Manitoba,,Métis aged 15 years and over,Food secure,46,74.8
2020,Manitoba,,Métis aged 15 years and over,Food insecure,46,25.2
2020,Manitoba,,Métis aged 15 years and over,"Food insecure, marginal",46,7.5
2020,Manitoba,,Métis aged 15 years and over,"Food insecure, moderate or severe",46,17.7
2020,Manitoba,,Métis aged 15 years and over,"Food insecure, moderate",46,9.4
2020,Manitoba,,Métis aged 15 years and over,"Food insecure, severe",46,8.3
2020,Manitoba,,Non-Indigenous population aged 15 years and over,Food secure,46,85.5
2020,Manitoba,,Non-Indigenous population aged 15 years and over,Food insecure,46,14.5
2020,Manitoba,,Non-Indigenous population aged 15 years and over,"Food insecure, marginal",46,4.3
2020,Manitoba,,Non-Indigenous population aged 15 years and over,"Food insecure, moderate or severe",46,10.3
2020,Manitoba,,Non-Indigenous population aged 15 years and over,"Food insecure, moderate",46,7.1
2020,Manitoba,,Non-Indigenous population aged 15 years and over,"Food insecure, severe",46,3.1
2020,Manitoba,,Immigrants aged 15 years and over,Food secure,46,81.0
2020,Manitoba,,Immigrants aged 15 years and over,Food insecure,46,19.0
2020,Manitoba,,Immigrants aged 15 years and over,"Food insecure, marginal",46,6.1
2020,Manitoba,,Immigrants aged 15 years and over,"Food insecure, moderate or severe",46,12.9
2020,Manitoba,,Immigrants aged 15 years and over,"Food insecure, moderate",46,10.3
2020,Manitoba,,Immigrants aged 15 years and over,"Food insecure, severe",46,2.6
2020,Manitoba,,Recent immigrants (10 years or less) aged 15 years and over,Food secure,46,76.5
2020,Manitoba,,Recent immigrants (10 years or less) aged 15 years and over,Food insecure,46,23.5
2020,Manitoba,,Recent immigrants (10 years or less) aged 15 years and over,"Food insecure, marginal",46,7.5
2020,Manitoba,,Recent immigrants (10 years or less) aged 15 years and over,"Food insecure, moderate or severe",46,15.9
2020,Manitoba,,Recent immigrants (10 years or less) aged 15 years and over,"Food insecure, moderate",46,12.7
2020,Manitoba,,Recent immigrants (10 years or less) aged 15 years and over,"Food insecure, severe",46,
2020,Manitoba,,Very recent immigrants (5 years or less) aged 15 years and over,Food secure,46,78.4
2020,Manitoba,,Very recent immigrants (5 years or less) aged 15 years and over,Food insecure,46,21.6
2020,Manitoba,,Very recent immigrants (5 years or less) aged 15 years and over,"Food insecure, marginal",46,8.3
2020,Manitoba,,Very recent immigrants (5 years or less) aged 15 years and over,"Food insecure, moderate or severe",46,13.3
2020,Manitoba,,Very recent immigrants (5 years or less) aged 15 years and over,"Food insecure, moderate",46,9.0
2020,Manitoba,,Very recent immigrants (5 years or less) aged 15 years and over,"Food insecure, severe",46,
2020,Manitoba,,Persons aged 15 years and over born in Canada,Food secure,46,85.2
2020,Manitoba,,Persons aged 15 years and over born in Canada,Food insecure,46,14.8
2020,Manitoba,,Persons aged 15 years and over born in Canada,"Food insecure, marginal",46,4.1
2020,Manitoba,,Persons aged 15 years and over born in Canada,"Food insecure, moderate or severe",46,10.6
2020,Manitoba,,Persons aged 15 years and over born in Canada,"Food insecure, moderate",46,6.5
2020,Manitoba,,Persons aged 15 years and over born in Canada,"Food insecure, severe",46,4.2
2020,Saskatchewan,,All persons,Food secure,47,81.5
2020,Saskatchewan,,All persons,Food insecure,47,18.5
2020,Saskatchewan,,All persons,"Food insecure, marginal",47,5.7
2020,Saskatchewan,,All persons,"Food insecure, moderate or severe",47,12.9
2020,Saskatchewan,,All persons,"Food insecure, moderate",47,8.0
2020,Saskatchewan,,All persons,"Food insecure, severe",47,4.8
2020,Saskatchewan,,Persons under 18 years,Food secure,47,77.5
2020,Saskatchewan,,Persons under 18 years,Food insecure,47,22.5
2020,Saskatchewan,,Persons under 18 years,"Food insecure, marginal",47,6.9
2020,Saskatchewan,,Persons under 18 years,"Food insecure, moderate or severe",47,15.7
2020,Saskatchewan,,Persons under 18 years,"Food insecure, moderate",47,10.1
2020,Saskatchewan,,Persons under 18 years,"Food insecure, severe",47,5.6
2020,Saskatchewan,,Persons 18 to 64 years,Food secure,47,80.0
2020,Saskatchewan,,Persons 18 to 64 years,Food insecure,47,20.0
2020,Saskatchewan,,Persons 18 to 64 years,"Food insecure, marginal",47,5.9
2020,Saskatchewan,,Persons 18 to 64 years,"Food insecure, moderate or severe",47,14.1
2020,Saskatchewan,,Persons 18 to 64 years,"Food insecure, moderate",47,8.6
2020,Saskatchewan,,Persons 18 to 64 years,"Food insecure, severe",47,5.5
2020,Saskatchewan,,Persons 18 to 24 years,Food secure,47,79.3
2020,Saskatchewan,,Persons 18 to 24 years,Food insecure,47,20.7
2020,Saskatchewan,,Persons 18 to 24 years,"Food insecure, marginal",47,5.9
2020,Saskatchewan,,Persons 18 to 24 years,"Food insecure, moderate or severe",47,14.8
2020,Saskatchewan,,Persons 18 to 24 years,"Food insecure, moderate",47,6.9
2020,Saskatchewan,,Persons 18 to 24 years,"Food insecure, severe",47,7.8
2020,Saskatchewan,,Persons 25 to 34 years,Food secure,47,77.1
2020,Saskatchewan,,Persons 25 to 34 years,Food insecure,47,22.9
2020,Saskatchewan,,Persons 25 to 34 years,"Food insecure, marginal",47,7.9
2020,Saskatchewan,,Persons 25 to 34 years,"Food insecure, moderate or severe",47,15.0
2020,Saskatchewan,,Persons 25 to 34 years,"Food insecure, moderate",47,9.6
2020,Saskatchewan,,Persons 25 to 34 years,"Food insecure, severe",47,5.4
2020,Saskatchewan,,Persons 35 to 44 years,Food secure,47,78.7
2020,Saskatchewan,,Persons 35 to 44 years,Food insecure,47,21.3
2020,Saskatchewan,,Persons 35 to 44 years,"Food insecure, marginal",47,6.2
2020,Saskatchewan,,Persons 35 to 44 years,"Food insecure, moderate or severe",47,15.1
2020,Saskatchewan,,Persons 35 to 44 years,"Food insecure, moderate",47,10.2
2020,Saskatchewan,,Persons 35 to 44 years,"Food insecure, severe",47,4.9
2020,Saskatchewan,,Persons 45 to 54 years,Food secure,47,81.9
2020,Saskatchewan,,Persons 45 to 54 years,Food insecure,47,18.1
2020,Saskatchewan,,Persons 45 to 54 years,"Food insecure, marginal",47,5.0
2020,Saskatchewan,,Persons 45 to 54 years,"Food insecure, moderate or severe",47,13.2
2020,Saskatchewan,,Persons 45 to 54 years,"Food insecure, moderate",47,7.1
2020,Saskatchewan,,Persons 45 to 54 years,"Food insecure, severe",47,6.0
2020,Saskatchewan,,Persons 55 to 64 years,Food secure,47,83.3
2020,Saskatchewan,,Persons 55 to 64 years,Food insecure,47,16.7
2020,Saskatchewan,,Persons 55 to 64 years,"Food insecure, marginal",47,4.4
2020,Saskatchewan,,Persons 55 to 64 years,"Food insecure, moderate or severe",47,12.4
2020,Saskatchewan,,Persons 55 to 64 years,"Food insecure, moderate",47,8.2
2020,Saskatchewan,,Persons 55 to 64 years,"Food insecure, severe",47,4.2
2020,Saskatchewan,,Persons 65 years and over,Food secure,47,92.4
2020,Saskatchewan,,Persons 65 years and over,Food insecure,47,7.6
2020,Saskatchewan,,Persons 65 years and over,"Food insecure, marginal",47,3.2
2020,Saskatchewan,,Persons 65 years and over,"Food insecure, moderate or severe",47,4.3
2020,Saskatchewan,,Persons 65 years and over,"Food insecure, moderate",47,3.1
2020,Saskatchewan,,Persons 65 years and over,"Food insecure, severe",47,1.3
2020,Saskatchewan,,Males,Food secure,47,81.5
2020,Saskatchewan,,Males,Food insecure,47,18.5
2020,Saskatchewan,,Males,"Food insecure, marginal",47,5.4
2020,Saskatchewan,,Males,"Food insecure, moderate or severe",47,13.1
2020,Saskatchewan,,Males,"Food insecure, moderate",47,7.6
2020,Saskatchewan,,Males,"Food insecure, severe",47,5.4
2020,Saskatchewan,,"Males, under 18 years",Food secure,47,76.9
2020,Saskatchewan,,"Males, under 18 years",Food insecure,47,23.1
2020,Saskatchewan,,"Males, under 18 years","Food insecure, marginal",47,6.0
2020,Saskatchewan,,"Males, under 18 years","Food insecure, moderate or severe",47,17.1
2020,Saskatchewan,,"Males, under 18 years","Food insecure, moderate",47,10.2
2020,Saskatchewan,,"Males, under 18 years","Food insecure, severe",47,6.9
2020,Saskatchewan,,"Males, 18 to 64 years",Food secure,47,80.4
2020,Saskatchewan,,"Males, 18 to 64 years",Food insecure,47,19.6
2020,Saskatchewan,,"Males, 18 to 64 years","Food insecure, marginal",47,6.0
2020,Saskatchewan,,"Males, 18 to 64 years","Food insecure, moderate or severe",47,13.6
2020,Saskatchewan,,"Males, 18 to 64 years","Food insecure, moderate",47,7.8
2020,Saskatchewan,,"Males, 18 to 64 years","Food insecure, severe",47,5.9
2020,Saskatchewan,,"Males, 65 years and over",Food secure,47,93.1
2020,Saskatchewan,,"Males, 65 years and over",Food insecure,47,6.9
2020,Saskatchewan,,"Males, 65 years and over","Food insecure, marginal",47,2.0
2020,Saskatchewan,,"Males, 65 years and over","Food insecure, moderate or severe",47,4.9
2020,Saskatchewan,,"Males, 65 years and over","Food insecure, moderate",47,3.2
2020,Saskatchewan,,"Males, 65 years and over","Food insecure, severe",47,1.7
2020,Saskatchewan,,Females,Food secure,47,81.4
2020,Saskatchewan,,Females,Food insecure,47,18.6
2020,Saskatchewan,,Females,"Food insecure, marginal",47,6.0
2020,Saskatchewan,,Females,"Food insecure, moderate or severe",47,12.6
2020,Saskatchewan,,Females,"Food insecure, moderate",47,8.4
2020,Saskatchewan,,Females,"Food insecure, severe",47,4.2
2020,Saskatchewan,,"Females, under 18 years",Food secure,47,78.0
2020,Saskatchewan,,"Females, under 18 years",Food insecure,47,22.0
2020,Saskatchewan,,"Females, under 18 years","Food insecure, marginal",47,7.7
2020,Saskatchewan,,"Females, under 18 years","Food insecure, moderate or severe",47,14.3
2020,Saskatchewan,,"Females, under 18 years","Food insecure, moderate",47,10.0
2020,Saskatchewan,,"Females, under 18 years","Food insecure, severe",47,4.3
2020,Saskatchewan,,"Females, 18 to 64 years",Food secure,47,79.6
2020,Saskatchewan,,"Females, 18 to 64 years",Food insecure,47,20.4
2020,Saskatchewan,,"Females, 18 to 64 years","Food insecure, marginal",47,5.8
2020,Saskatchewan,,"Females, 18 to 64 years","Food insecure, moderate or severe",47,14.5
2020,Saskatchewan,,"Females, 18 to 64 years","Food insecure, moderate",47,9.4
2020,Saskatchewan,,"Females, 18 to 64 years","Food insecure, severe",47,5.1
2020,Saskatchewan,,"Females, 65 years and over",Food secure,47,91.9
2020,Saskatchewan,,"Females, 65 years and over",Food insecure,47,8.1
2020,Saskatchewan,,"Females, 65 years and over","Food insecure, marginal",47,4.3
2020,Saskatchewan,,"Females, 65 years and over","Food insecure, moderate or severe",47,3.8
2020,Saskatchewan,,"Females, 65 years and over","Food insecure, moderate",47,3.0
2020,Saskatchewan,,"Females, 65 years and over","Food insecure, severe",47,
2020,Saskatchewan,,Visible minority population,Food secure,47,74.2
2020,Saskatchewan,,Visible minority population,Food insecure,47,25.8
2020,Saskatchewan,,Visible minority population,"Food insecure, marginal",47,10.1
2020,Saskatchewan,,Visible minority population,"Food insecure, moderate or severe",47,15.8
2020,Saskatchewan,,Visible minority population,"Food insecure, moderate",47,12.6
2020,Saskatchewan,,Visible minority population,"Food insecure, severe",47,
2020,Saskatchewan,,South Asian,Food secure,47,82.6
2020,Saskatchewan,,South Asian,Food insecure,47,17.4
2020,Saskatchewan,,South Asian,"Food insecure, marginal",47,
2020,Saskatchewan,,South Asian,"Food insecure, moderate or severe",47,
2020,Saskatchewan,,South Asian,"Food insecure, moderate",47,
2020,Saskatchewan,,South Asian,"Food insecure, severe",47,
2020,Saskatchewan,,Chinese,Food secure,47,75.7
2020,Saskatchewan,,Chinese,Food insecure,47,
2020,Saskatchewan,,Chinese,"Food insecure, marginal",47,
2020,Saskatchewan,,Chinese,"Food insecure, moderate or severe",47,
2020,Saskatchewan,,Chinese,"Food insecure, moderate",47,
2020,Saskatchewan,,Chinese,"Food insecure, severe",47,
2020,Saskatchewan,,Black,Food secure,47,75.3
2020,Saskatchewan,,Black,Food insecure,47,
2020,Saskatchewan,,Black,"Food insecure, marginal",47,
2020,Saskatchewan,,Black,"Food insecure, moderate or severe",47,
2020,Saskatchewan,,Black,"Food insecure, moderate",47,
2020,Saskatchewan,,Black,"Food insecure, severe",47,
2020,Saskatchewan,,Filipino,Food secure,47,66.4
2020,Saskatchewan,,Filipino,Food insecure,47,33.6
2020,Saskatchewan,,Filipino,"Food insecure, marginal",47,
2020,Saskatchewan,,Filipino,"Food insecure, moderate or severe",47,19.3
2020,Saskatchewan,,Filipino,"Food insecure, moderate",47,15.8
2020,Saskatchewan,,Filipino,"Food insecure, severe",47,
2020,Saskatchewan,,Arab,Food secure,47,
2020,Saskatchewan,,Arab,Food insecure,47,
2020,Saskatchewan,,Arab,"Food insecure, marginal",47,
2020,Saskatchewan,,Arab,"Food insecure, moderate or severe",47,
2020,Saskatchewan,,Arab,"Food insecure, moderate",47,
2020,Saskatchewan,,Arab,"Food insecure, severe",47,
2020,Saskatchewan,,Latin American,Food secure,47,
2020,Saskatchewan,,Latin American,Food insecure,47,
2020,Saskatchewan,,Latin American,"Food insecure, marginal",47,
2020,Saskatchewan,,Latin American,"Food insecure, moderate or severe",47,
2020,Saskatchewan,,Latin American,"Food insecure, moderate",47,
2020,Saskatchewan,,Latin American,"Food insecure, severe",47,
2020,Saskatchewan,,Southeast Asian,Food secure,47,65.4
2020,Saskatchewan,,Southeast Asian,Food insecure,47,
2020,Saskatchewan,,Southeast Asian,"Food insecure, marginal",47,
2020,Saskatchewan,,Southeast Asian,"Food insecure, moderate or severe",47,
2020,Saskatchewan,,Southeast Asian,"Food insecure, moderate",47,
2020,Saskatchewan,,Southeast Asian,"Food insecure, severe",47,
2020,Saskatchewan,,Other visible minority,Food secure,47,91.2
2020,Saskatchewan,,Other visible minority,Food insecure,47,
2020,Saskatchewan,,Other visible minority,"Food insecure, marginal",47,
2020,Saskatchewan,,Other visible minority,"Food insecure, moderate or severe",47,
2020,Saskatchewan,,Other visible minority,"Food insecure, moderate",47,
2020,Saskatchewan,,Other visible minority,"Food insecure, severe",47,
2020,Saskatchewan,,Not a visible minority,Food secure,47,82.8
2020,Saskatchewan,,Not a visible minority,Food insecure,47,17.2
2020,Saskatchewan,,Not a visible minority,"Food insecure, marginal",47,4.9
2020,Saskatchewan,,Not a visible minority,"Food insecure, moderate or severe",47,12.3
2020,Saskatchewan,,Not a visible minority,"Food insecure, moderate",47,7.2
2020,Saskatchewan,,Not a visible minority,"Food insecure, severe",47,5.1
2020,Saskatchewan,,Indigenous population,Food secure,47,68.1
2020,Saskatchewan,,Indigenous population,Food insecure,47,31.9
2020,Saskatchewan,,Indigenous population,"Food insecure, marginal",47,5.3
2020,Saskatchewan,,Indigenous population,"Food insecure, moderate or severe",47,26.6
2020,Saskatchewan,,Indigenous population,"Food insecure, moderate",47,16.0
2020,Saskatchewan,,Indigenous population,"Food insecure, severe",47,10.6
2020,Saskatchewan,,Non-Indigenous population,Food secure,47,82.9
2020,Saskatchewan,,Non-Indigenous population,Food insecure,47,17.1
2020,Saskatchewan,,Non-Indigenous population,"Food insecure, marginal",47,5.7
2020,Saskatchewan,,Non-Indigenous population,"Food insecure, moderate or severe",47,11.3
2020,Saskatchewan,,Non-Indigenous population,"Food insecure, moderate",47,7.2
2020,Saskatchewan,,Non-Indigenous population,"Food insecure, severe",47,4.2
2020,Saskatchewan,,Not a visible minority nor Indigenous,Food secure,47,84.8
2020,Saskatchewan,,Not a visible minority nor Indigenous,Food insecure,47,15.2
2020,Saskatchewan,,Not a visible minority nor Indigenous,"Food insecure, marginal",47,4.8
2020,Saskatchewan,,Not a visible minority nor Indigenous,"Food insecure, moderate or severe",47,10.4
2020,Saskatchewan,,Not a visible minority nor Indigenous,"Food insecure, moderate",47,6.0
2020,Saskatchewan,,Not a visible minority nor Indigenous,"Food insecure, severe",47,4.4
2020,Saskatchewan,,All persons aged 15 years and over,Food secure,47,82.6
2020,Saskatchewan,,All persons aged 15 years and over,Food insecure,47,17.4
2020,Saskatchewan,,All persons aged 15 years and over,"Food insecure, marginal",47,5.4
2020,Saskatchewan,,All persons aged 15 years and over,"Food insecure, moderate or severe",47,12.0
2020,Saskatchewan,,All persons aged 15 years and over,"Food insecure, moderate",47,7.5
2020,Saskatchewan,,All persons aged 15 years and over,"Food insecure, severe",47,4.6
2020,Saskatchewan,,Indigenous population aged 15 years and over,Food secure,47,69.7
2020,Saskatchewan,,Indigenous population aged 15 years and over,Food insecure,47,30.3
2020,Saskatchewan,,Indigenous population aged 15 years and over,"Food insecure, marginal",47,4.8
2020,Saskatchewan,,Indigenous population aged 15 years and over,"Food insecure, moderate or severe",47,25.4
2020,Saskatchewan,,Indigenous population aged 15 years and over,"Food insecure, moderate",47,13.1
2020,Saskatchewan,,Indigenous population aged 15 years and over,"Food insecure, severe",47,12.3
2020,Saskatchewan,,First Nations aged 15 years and over,Food secure,47,71.3
2020,Saskatchewan,,First Nations aged 15 years and over,Food insecure,47,28.7
2020,Saskatchewan,,First Nations aged 15 years and over,"Food insecure, marginal",47,
2020,Saskatchewan,,First Nations aged 15 years and over,"Food insecure, moderate or severe",47,25.4
2020,Saskatchewan,,First Nations aged 15 years and over,"Food insecure, moderate",47,17.0
2020,Saskatchewan,,First Nations aged 15 years and over,"Food insecure, severe",47,
2020,Saskatchewan,,Métis aged 15 years and over,Food secure,47,68.4
2020,Saskatchewan,,Métis aged 15 years and over,Food insecure,47,31.6
2020,Saskatchewan,,Métis aged 15 years and over,"Food insecure, marginal",47,
2020,Saskatchewan,,Métis aged 15 years and over,"Food insecure, moderate or severe",47,25.2
2020,Saskatchewan,,Métis aged 15 years and over,"Food insecure, moderate",47,9.7
2020,Saskatchewan,,Métis aged 15 years and over,"Food insecure, severe",47,15.5
2020,Saskatchewan,,Non-Indigenous population aged 15 years and over,Food secure,47,83.8
2020,Saskatchewan,,Non-Indigenous population aged 15 years and over,Food insecure,47,16.2
2020,Saskatchewan,,Non-Indigenous population aged 15 years and over,"Food insecure, marginal",47,5.5
2020,Saskatchewan,,Non-Indigenous population aged 15 years and over,"Food insecure, moderate or severe",47,10.7
2020,Saskatchewan,,Non-Indigenous population aged 15 years and over,"Food insecure, moderate",47,6.9
2020,Saskatchewan,,Non-Indigenous population aged 15 years and over,"Food insecure, severe",47,3.8
2020,Saskatchewan,,Immigrants aged 15 years and over,Food secure,47,77.4
2020,Saskatchewan,,Immigrants aged 15 years and over,Food insecure,47,22.6
2020,Saskatchewan,,Immigrants aged 15 years and over,"Food insecure, marginal",47,8.1
2020,Saskatchewan,,Immigrants aged 15 years and over,"Food insecure, moderate or severe",47,14.4
2020,Saskatchewan,,Immigrants aged 15 years and over,"Food insecure, moderate",47,11.2
2020,Saskatchewan,,Immigrants aged 15 years and over,"Food insecure, severe",47,
2020,Saskatchewan,,Recent immigrants (10 years or less) aged 15 years and over,Food secure,47,73.0
2020,Saskatchewan,,Recent immigrants (10 years or less) aged 15 years and over,Food insecure,47,27.0
2020,Saskatchewan,,Recent immigrants (10 years or less) aged 15 years and over,"Food insecure, marginal",47,
2020,Saskatchewan,,Recent immigrants (10 years or less) aged 15 years and over,"Food insecure, moderate or severe",47,16.7
2020,Saskatchewan,,Recent immigrants (10 years or less) aged 15 years and over,"Food insecure, moderate",47,13.5
2020,Saskatchewan,,Recent immigrants (10 years or less) aged 15 years and over,"Food insecure, severe",47,
2020,Saskatchewan,,Very recent immigrants (5 years or less) aged 15 years and over,Food secure,47,77.5
2020,Saskatchewan,,Very recent immigrants (5 years or less) aged 15 years and over,Food insecure,47,22.5
2020,Saskatchewan,,Very recent immigrants (5 years or less) aged 15 years and over,"Food insecure, marginal",47,9.5
2020,Saskatchewan,,Very recent immigrants (5 years or less) aged 15 years and over,"Food insecure, moderate or severe",47,13.1
2020,Saskatchewan,,Very recent immigrants (5 years or less) aged 15 years and over,"Food insecure, moderate",47,10.2
2020,Saskatchewan,,Very recent immigrants (5 years or less) aged 15 years and over,"Food insecure, severe",47,
2020,Saskatchewan,,Persons aged 15 years and over born in Canada,Food secure,47,83.5
2020,Saskatchewan,,Persons aged 15 years and over born in Canada,Food insecure,47,16.5
2020,Saskatchewan,,Persons aged 15 years and over born in Canada,"Food insecure, marginal",47,4.8
2020,Saskatchewan,,Persons aged 15 years and over born in Canada,"Food insecure, moderate or severe",47,11.7
2020,Saskatchewan,,Persons aged 15 years and over born in Canada,"Food insecure, moderate",47,6.8
2020,Saskatchewan,,Persons aged 15 years and over born in Canada,"Food insecure, severe",47,4.9
2020,Alberta,,All persons,Food secure,48,80.3
2020,Alberta,,All persons,Food insecure,48,19.7
2020,Alberta,,All persons,"Food insecure, marginal",48,4.6
2020,Alberta,,All persons,"Food insecure, moderate or severe",48,15.1
2020,Alberta,,All persons,"Food insecure, moderate",48,9.7
2020,Alberta,,All persons,"Food insecure, severe",48,5.4
2020,Alberta,,Persons under 18 years,Food secure,48,78.3
2020,Alberta,,Persons under 18 years,Food insecure,48,21.7
2020,Alberta,,Persons under 18 years,"Food insecure, marginal",48,5.4
2020,Alberta,,Persons under 18 years,"Food insecure, moderate or severe",48,16.3
2020,Alberta,,Persons under 18 years,"Food insecure, moderate",48,12.5
2020,Alberta,,Persons under 18 years,"Food insecure, severe",48,3.8
2020,Alberta,,Persons 18 to 64 years,Food secure,48,79.5
2020,Alberta,,Persons 18 to 64 years,Food insecure,48,20.5
2020,Alberta,,Persons 18 to 64 years,"Food insecure, marginal",48,4.5
2020,Alberta,,Persons 18 to 64 years,"Food insecure, moderate or severe",48,16.0
2020,Alberta,,Persons 18 to 64 years,"Food insecure, moderate",48,9.8
2020,Alberta,,Persons 18 to 64 years,"Food insecure, severe",48,6.2
2020,Alberta,,Persons 18 to 24 years,Food secure,48,79.6
2020,Alberta,,Persons 18 to 24 years,Food insecure,48,20.4
2020,Alberta,,Persons 18 to 24 years,"Food insecure, marginal",48,4.5
2020,Alberta,,Persons 18 to 24 years,"Food insecure, moderate or severe",48,15.9
2020,Alberta,,Persons 18 to 24 years,"Food insecure, moderate",48,7.3
2020,Alberta,,Persons 18 to 24 years,"Food insecure, severe",48,8.6
2020,Alberta,,Persons 25 to 34 years,Food secure,48,79.8
2020,Alberta,,Persons 25 to 34 years,Food insecure,48,20.2
2020,Alberta,,Persons 25 to 34 years,"Food insecure, marginal",48,3.5
2020,Alberta,,Persons 25 to 34 years,"Food insecure, moderate or severe",48,16.7
2020,Alberta,,Persons 25 to 34 years,"Food insecure, moderate",48,11.2
2020,Alberta,,Persons 25 to 34 years,"Food insecure, severe",48,5.5
2020,Alberta,,Persons 35 to 44 years,Food secure,48,75.9
2020,Alberta,,Persons 35 to 44 years,Food insecure,48,24.1
2020,Alberta,,Persons 35 to 44 years,"Food insecure, marginal",48,6.2
2020,Alberta,,Persons 35 to 44 years,"Food insecure, moderate or severe",48,17.9
2020,Alberta,,Persons 35 to 44 years,"Food insecure, moderate",48,11.7
2020,Alberta,,Persons 35 to 44 years,"Food insecure, severe",48,6.1
2020,Alberta,,Persons 45 to 54 years,Food secure,48,79.4
2020,Alberta,,Persons 45 to 54 years,Food insecure,48,20.6
2020,Alberta,,Persons 45 to 54 years,"Food insecure, marginal",48,4.6
2020,Alberta,,Persons 45 to 54 years,"Food insecure, moderate or severe",48,15.9
2020,Alberta,,Persons 45 to 54 years,"Food insecure, moderate",48,9.3
2020,Alberta,,Persons 45 to 54 years,"Food insecure, severe",48,6.6
2020,Alberta,,Persons 55 to 64 years,Food secure,48,83.8
2020,Alberta,,Persons 55 to 64 years,Food insecure,48,16.2
2020,Alberta,,Persons 55 to 64 years,"Food insecure, marginal",48,3.5
2020,Alberta,,Persons 55 to 64 years,"Food insecure, moderate or severe",48,12.7
2020,Alberta,,Persons 55 to 64 years,"Food insecure, moderate",48,7.8
2020,Alberta,,Persons 55 to 64 years,"Food insecure, severe",48,4.9
2020,Alberta,,Persons 65 years and over,Food secure,48,87.3
2020,Alberta,,Persons 65 years and over,Food insecure,48,12.7
2020,Alberta,,Persons 65 years and over,"Food insecure, marginal",48,3.7
2020,Alberta,,Persons 65 years and over,"Food insecure, moderate or severe",48,9.0
2020,Alberta,,Persons 65 years and over,"Food insecure, moderate",48,5.0
2020,Alberta,,Persons 65 years and over,"Food insecure, severe",48,4.1
2020,Alberta,,Males,Food secure,48,80.3
2020,Alberta,,Males,Food insecure,48,19.7
2020,Alberta,,Males,"Food insecure, marginal",48,4.6
2020,Alberta,,Males,"Food insecure, moderate or severe",48,15.2
2020,Alberta,,Males,"Food insecure, moderate",48,9.5
2020,Alberta,,Males,"Food insecure, severe",48,5.7
2020,Alberta,,"Males, under 18 years",Food secure,48,78.3
2020,Alberta,,"Males, under 18 years",Food insecure,48,21.7
2020,Alberta,,"Males, under 18 years","Food insecure, marginal",48,6.0
2020,Alberta,,"Males, under 18 years","Food insecure, moderate or severe",48,15.8
2020,Alberta,,"Males, under 18 years","Food insecure, moderate",48,11.8
2020,Alberta,,"Males, under 18 years","Food insecure, severe",48,4.0
2020,Alberta,,"Males, 18 to 64 years",Food secure,48,79.3
2020,Alberta,,"Males, 18 to 64 years",Food insecure,48,20.7
2020,Alberta,,"Males, 18 to 64 years","Food insecure, marginal",48,4.2
2020,Alberta,,"Males, 18 to 64 years","Food insecure, moderate or severe",48,16.5
2020,Alberta,,"Males, 18 to 64 years","Food insecure, moderate",48,9.9
2020,Alberta,,"Males, 18 to 64 years","Food insecure, severe",48,6.6
2020,Alberta,,"Males, 65 years and over",Food secure,48,88.6
2020,Alberta,,"Males, 65 years and over",Food insecure,48,11.4
2020,Alberta,,"Males, 65 years and over","Food insecure, marginal",48,4.0
2020,Alberta,,"Males, 65 years and over","Food insecure, moderate or severe",48,7.5
2020,Alberta,,"Males, 65 years and over","Food insecure, moderate",48,3.6
2020,Alberta,,"Males, 65 years and over","Food insecure, severe",48,3.9
2020,Alberta,,Females,Food secure,48,80.4
2020,Alberta,,Females,Food insecure,48,19.6
2020,Alberta,,Females,"Food insecure, marginal",48,4.6
2020,Alberta,,Females,"Food insecure, moderate or severe",48,15.0
2020,Alberta,,Females,"Food insecure, moderate",48,9.9
2020,Alberta,,Females,"Food insecure, severe",48,5.1
2020,Alberta,,"Females, under 18 years",Food secure,48,78.3
2020,Alberta,,"Females, under 18 years",Food insecure,48,21.7
2020,Alberta,,"Females, under 18 years","Food insecure, marginal",48,4.9
2020,Alberta,,"Females, under 18 years","Food insecure, moderate or severe",48,16.8
2020,Alberta,,"Females, under 18 years","Food insecure, moderate",48,13.2
2020,Alberta,,"Females, under 18 years","Food insecure, severe",48,3.6
2020,Alberta,,"Females, 18 to 64 years",Food secure,48,79.8
2020,Alberta,,"Females, 18 to 64 years",Food insecure,48,20.2
2020,Alberta,,"Females, 18 to 64 years","Food insecure, marginal",48,4.8
2020,Alberta,,"Females, 18 to 64 years","Food insecure, moderate or severe",48,15.4
2020,Alberta,,"Females, 18 to 64 years","Food insecure, moderate",48,9.6
2020,Alberta,,"Females, 18 to 64 years","Food insecure, severe",48,5.8
2020,Alberta,,"Females, 65 years and over",Food secure,48,86.2
2020,Alberta,,"Females, 65 years and over",Food insecure,48,13.8
2020,Alberta,,"Females, 65 years and over","Food insecure, marginal",48,3.4
2020,Alberta,,"Females, 65 years and over","Food insecure, moderate or severe",48,10.4
2020,Alberta,,"Females, 65 years and over","Food insecure, moderate",48,6.2
2020,Alberta,,"Females, 65 years and over","Food insecure, severe",48,4.3
2020,Alberta,,Visible minority population,Food secure,48,74.7
2020,Alberta,,Visible minority population,Food insecure,48,25.3
2020,Alberta,,Visible minority population,"Food insecure, marginal",48,6.0
2020,Alberta,,Visible minority population,"Food insecure, moderate or severe",48,19.3
2020,Alberta,,Visible minority population,"Food insecure, moderate",48,14.6
2020,Alberta,,Visible minority population,"Food insecure, severe",48,4.7
2020,Alberta,,South Asian,Food secure,48,82.0
2020,Alberta,,South Asian,Food insecure,48,18.0
2020,Alberta,,South Asian,"Food insecure, marginal",48,
2020,Alberta,,South Asian,"Food insecure, moderate or severe",48,11.4
2020,Alberta,,South Asian,"Food insecure, moderate",48,
2020,Alberta,,South Asian,"Food insecure, severe",48,
2020,Alberta,,Chinese,Food secure,48,84.3
2020,Alberta,,Chinese,Food insecure,48,15.7
2020,Alberta,,Chinese,"Food insecure, marginal",48,6.6
2020,Alberta,,Chinese,"Food insecure, moderate or severe",48,9.1
2020,Alberta,,Chinese,"Food insecure, moderate",48,8.5
2020,Alberta,,Chinese,"Food insecure, severe",48,
2020,Alberta,,Black,Food secure,48,73.3
2020,Alberta,,Black,Food insecure,48,26.7
2020,Alberta,,Black,"Food insecure, marginal",48,
2020,Alberta,,Black,"Food insecure, moderate or severe",48,20.9
2020,Alberta,,Black,"Food insecure, moderate",48,14.9
2020,Alberta,,Black,"Food insecure, severe",48,
2020,Alberta,,Filipino,Food secure,48,64.5
2020,Alberta,,Filipino,Food insecure,48,35.5
2020,Alberta,,Filipino,"Food insecure, marginal",48,
2020,Alberta,,Filipino,"Food insecure, moderate or severe",48,30.4
2020,Alberta,,Filipino,"Food insecure, moderate",48,
2020,Alberta,,Filipino,"Food insecure, severe",48,
2020,Alberta,,Arab,Food secure,48,67.1
2020,Alberta,,Arab,Food insecure,48,32.9
2020,Alberta,,Arab,"Food insecure, marginal",48,
2020,Alberta,,Arab,"Food insecure, moderate or severe",48,
2020,Alberta,,Arab,"Food insecure, moderate",48,
2020,Alberta,,Arab,"Food insecure, severe",48,
2020,Alberta,,Latin American,Food secure,48,73.9
2020,Alberta,,Latin American,Food insecure,48,26.1
2020,Alberta,,Latin American,"Food insecure, marginal",48,
2020,Alberta,,Latin American,"Food insecure, moderate or severe",48,
2020,Alberta,,Latin American,"Food insecure, moderate",48,
2020,Alberta,,Latin American,"Food insecure, severe",48,
2020,Alberta,,Southeast Asian,Food secure,48,81.1
2020,Alberta,,Southeast Asian,Food insecure,48,
2020,Alberta,,Southeast Asian,"Food insecure, marginal",48,
2020,Alberta,,Southeast Asian,"Food insecure, moderate or severe",48,
2020,Alberta,,Southeast Asian,"Food insecure, moderate",48,
2020,Alberta,,Southeast Asian,"Food insecure, severe",48,
2020,Alberta,,Other visible minority,Food secure,48,67.9
2020,Alberta,,Other visible minority,Food insecure,48,32.1
2020,Alberta,,Other visible minority,"Food insecure, marginal",48,
2020,Alberta,,Other visible minority,"Food insecure, moderate or severe",48,
2020,Alberta,,Other visible minority,"Food insecure, moderate",48,
2020,Alberta,,Other visible minority,"Food insecure, severe",48,
2020,Alberta,,Not a visible minority,Food secure,48,82.7
2020,Alberta,,Not a visible minority,Food insecure,48,17.3
2020,Alberta,,Not a visible minority,"Food insecure, marginal",48,4.0
2020,Alberta,,Not a visible minority,"Food insecure, moderate or severe",48,13.3
2020,Alberta,,Not a visible minority,"Food insecure, moderate",48,7.7
2020,Alberta,,Not a visible minority,"Food insecure, severe",48,5.6
2020,Alberta,,Indigenous population,Food secure,48,69.3
2020,Alberta,,Indigenous population,Food insecure,48,30.7
2020,Alberta,,Indigenous population,"Food insecure, marginal",48,
2020,Alberta,,Indigenous population,"Food insecure, moderate or severe",48,27.7
2020,Alberta,,Indigenous population,"Food insecure, moderate",48,20.5
2020,Alberta,,Indigenous population,"Food insecure, severe",48,7.3
2020,Alberta,,Non-Indigenous population,Food secure,48,80.8
2020,Alberta,,Non-Indigenous population,Food insecure,48,19.2
2020,Alberta,,Non-Indigenous population,"Food insecure, marginal",48,4.6
2020,Alberta,,Non-Indigenous population,"Food insecure, moderate or severe",48,14.6
2020,Alberta,,Non-Indigenous population,"Food insecure, moderate",48,9.3
2020,Alberta,,Non-Indigenous population,"Food insecure, severe",48,5.3
2020,Alberta,,Not a visible minority nor Indigenous,Food secure,48,83.4
2020,Alberta,,Not a visible minority nor Indigenous,Food insecure,48,16.6
2020,Alberta,,Not a visible minority nor Indigenous,"Food insecure, marginal",48,4.1
2020,Alberta,,Not a visible minority nor Indigenous,"Food insecure, moderate or severe",48,12.5
2020,Alberta,,Not a visible minority nor Indigenous,"Food insecure, moderate",48,6.9
2020,Alberta,,Not a visible minority nor Indigenous,"Food insecure, severe",48,5.5
2020,Alberta,,All persons aged 15 years and over,Food secure,48,80.9
2020,Alberta,,All persons aged 15 years and over,Food insecure,48,19.1
2020,Alberta,,All persons aged 15 years and over,"Food insecure, marginal",48,4.4
2020,Alberta,,All persons aged 15 years and over,"Food insecure, moderate or severe",48,14.7
2020,Alberta,,All persons aged 15 years and over,"Food insecure, moderate",48,8.9
2020,Alberta,,All persons aged 15 years and over,"Food insecure, severe",48,5.9
2020,Alberta,,Indigenous population aged 15 years and over,Food secure,48,73.2
2020,Alberta,,Indigenous population aged 15 years and over,Food insecure,48,26.8
2020,Alberta,,Indigenous population aged 15 years and over,"Food insecure, marginal",48,
2020,Alberta,,Indigenous population aged 15 years and over,"Food insecure, moderate or severe",48,23.6
2020,Alberta,,Indigenous population aged 15 years and over,"Food insecure, moderate",48,15.4
2020,Alberta,,Indigenous population aged 15 years and over,"Food insecure, severe",48,8.1
2020,Alberta,,First Nations aged 15 years and over,Food secure,48,66.5
2020,Alberta,,First Nations aged 15 years and over,Food insecure,48,33.5
2020,Alberta,,First Nations aged 15 years and over,"Food insecure, marginal",48,
2020,Alberta,,First Nations aged 15 years and over,"Food insecure, moderate or severe",48,28.4
2020,Alberta,,First Nations aged 15 years and over,"Food insecure, moderate",48,22.0
2020,Alberta,,First Nations aged 15 years and over,"Food insecure, severe",48,
2020,Alberta,,Métis aged 15 years and over,Food secure,48,76.9
2020,Alberta,,Métis aged 15 years and over,Food insecure,48,23.1
2020,Alberta,,Métis aged 15 years and over,"Food insecure, marginal",48,
2020,Alberta,,Métis aged 15 years and over,"Food insecure, moderate or severe",48,20.8
2020,Alberta,,Métis aged 15 years and over,"Food insecure, moderate",48,12.0
2020,Alberta,,Métis aged 15 years and over,"Food insecure, severe",48,8.8
2020,Alberta,,Non-Indigenous population aged 15 years and over,Food secure,48,81.2
2020,Alberta,,Non-Indigenous population aged 15 years and over,Food insecure,48,18.8
2020,Alberta,,Non-Indigenous population aged 15 years and over,"Food insecure, marginal",48,4.4
2020,Alberta,,Non-Indigenous population aged 15 years and over,"Food insecure, moderate or severe",48,14.4
2020,Alberta,,Non-Indigenous population aged 15 years and over,"Food insecure, moderate",48,8.6
2020,Alberta,,Non-Indigenous population aged 15 years and over,"Food insecure, severe",48,5.8
2020,Alberta,,Immigrants aged 15 years and over,Food secure,48,77.1
2020,Alberta,,Immigrants aged 15 years and over,Food insecure,48,22.9
2020,Alberta,,Immigrants aged 15 years and over,"Food insecure, marginal",48,5.4
2020,Alberta,,Immigrants aged 15 years and over,"Food insecure, moderate or severe",48,17.5
2020,Alberta,,Immigrants aged 15 years and over,"Food insecure, moderate",48,12.3
2020,Alberta,,Immigrants aged 15 years and over,"Food insecure, severe",48,5.3
2020,Alberta,,Recent immigrants (10 years or less) aged 15 years and over,Food secure,48,68.9
2020,Alberta,,Recent immigrants (10 years or less) aged 15 years and over,Food insecure,48,31.1
2020,Alberta,,Recent immigrants (10 years or less) aged 15 years and over,"Food insecure, marginal",48,7.3
2020,Alberta,,Recent immigrants (10 years or less) aged 15 years and over,"Food insecure, moderate or severe",48,23.8
2020,Alberta,,Recent immigrants (10 years or less) aged 15 years and over,"Food insecure, moderate",48,16.8
2020,Alberta,,Recent immigrants (10 years or less) aged 15 years and over,"Food insecure, severe",48,
2020,Alberta,,Very recent immigrants (5 years or less) aged 15 years and over,Food secure,48,66.2
2020,Alberta,,Very recent immigrants (5 years or less) aged 15 years and over,Food insecure,48,33.8
2020,Alberta,,Very recent immigrants (5 years or less) aged 15 years and over,"Food insecure, marginal",48,10.7
2020,Alberta,,Very recent immigrants (5 years or less) aged 15 years and over,"Food insecure, moderate or severe",48,23.1
2020,Alberta,,Very recent immigrants (5 years or less) aged 15 years and over,"Food insecure, moderate",48,
2020,Alberta,,Very recent immigrants (5 years or less) aged 15 years and over,"Food insecure, severe",48,
2020,Alberta,,Persons aged 15 years and over born in Canada,Food secure,48,82.3
2020,Alberta,,Persons aged 15 years and over born in Canada,Food insecure,48,17.7
2020,Alberta,,Persons aged 15 years and over born in Canada,"Food insecure, marginal",48,3.9
2020,Alberta,,Persons aged 15 years and over born in Canada,"Food insecure, moderate or severe",48,13.8
2020,Alberta,,Persons aged 15 years and over born in Canada,"Food insecure, moderate",48,7.5
2020,Alberta,,Persons aged 15 years and over born in Canada,"Food insecure, severe",48,6.3
2020,British Columbia,,All persons,Food secure,59,85.4
2020,British Columbia,,All persons,Food insecure,59,14.6
2020,British Columbia,,All persons,"Food insecure, marginal",59,4.6
2020,British Columbia,,All persons,"Food insecure, moderate or severe",59,10.0
2020,British Columbia,,All persons,"Food insecure, moderate",59,7.3
2020,British Columbia,,All persons,"Food insecure, severe",59,2.7
2020,British Columbia,,Persons under 18 years,Food secure,59,83.1
2020,British Columbia,,Persons under 18 years,Food insecure,59,16.9
2020,British Columbia,,Persons under 18 years,"Food insecure, marginal",59,5.9
2020,British Columbia,,Persons under 18 years,"Food insecure, moderate or severe",59,11.0
2020,British Columbia,,Persons under 18 years,"Food insecure, moderate",59,8.0
2020,British Columbia,,Persons under 18 years,"Food insecure, severe",59,2.9
2020,British Columbia,,Persons 18 to 64 years,Food secure,59,84.4
2020,British Columbia,,Persons 18 to 64 years,Food insecure,59,15.6
2020,British Columbia,,Persons 18 to 64 years,"Food insecure, marginal",59,4.7
2020,British Columbia,,Persons 18 to 64 years,"Food insecure, moderate or severe",59,10.9
2020,British Columbia,,Persons 18 to 64 years,"Food insecure, moderate",59,7.8
2020,British Columbia,,Persons 18 to 64 years,"Food insecure, severe",59,3.1
2020,British Columbia,,Persons 18 to 24 years,Food secure,59,80.0
2020,British Columbia,,Persons 18 to 24 years,Food insecure,59,20.0
2020,British Columbia,,Persons 18 to 24 years,"Food insecure, marginal",59,3.9
2020,British Columbia,,Persons 18 to 24 years,"Food insecure, moderate or severe",59,16.1
2020,British Columbia,,Persons 18 to 24 years,"Food insecure, moderate",59,12.9
2020,British Columbia,,Persons 18 to 24 years,"Food insecure, severe",59,3.3
2020,British Columbia,,Persons 25 to 34 years,Food secure,59,80.5
2020,British Columbia,,Persons 25 to 34 years,Food insecure,59,19.5
2020,British Columbia,,Persons 25 to 34 years,"Food insecure, marginal",59,6.1
2020,British Columbia,,Persons 25 to 34 years,"Food insecure, moderate or severe",59,13.4
2020,British Columbia,,Persons 25 to 34 years,"Food insecure, moderate",59,8.9
2020,British Columbia,,Persons 25 to 34 years,"Food insecure, severe",59,4.5
2020,British Columbia,,Persons 35 to 44 years,Food secure,59,85.6
2020,British Columbia,,Persons 35 to 44 years,Food insecure,59,14.4
2020,British Columbia,,Persons 35 to 44 years,"Food insecure, marginal",59,4.5
2020,British Columbia,,Persons 35 to 44 years,"Food insecure, moderate or severe",59,9.8
2020,British Columbia,,Persons 35 to 44 years,"Food insecure, moderate",59,7.0
2020,British Columbia,,Persons 35 to 44 years,"Food insecure, severe",59,2.9
2020,British Columbia,,Persons 45 to 54 years,Food secure,59,87.5
2020,British Columbia,,Persons 45 to 54 years,Food insecure,59,12.5
2020,British Columbia,,Persons 45 to 54 years,"Food insecure, marginal",59,5.1
2020,British Columbia,,Persons 45 to 54 years,"Food insecure, moderate or severe",59,7.4
2020,British Columbia,,Persons 45 to 54 years,"Food insecure, moderate",59,5.2
2020,British Columbia,,Persons 45 to 54 years,"Food insecure, severe",59,2.2
2020,British Columbia,,Persons 55 to 64 years,Food secure,59,87.1
2020,British Columbia,,Persons 55 to 64 years,Food insecure,59,12.9
2020,British Columbia,,Persons 55 to 64 years,"Food insecure, marginal",59,3.4
2020,British Columbia,,Persons 55 to 64 years,"Food insecure, moderate or severe",59,9.4
2020,British Columbia,,Persons 55 to 64 years,"Food insecure, moderate",59,6.7
2020,British Columbia,,Persons 55 to 64 years,"Food insecure, severe",59,2.7
2020,British Columbia,,Persons 65 years and over,Food secure,59,91.0
2020,British Columbia,,Persons 65 years and over,Food insecure,59,9.0
2020,British Columbia,,Persons 65 years and over,"Food insecure, marginal",59,3.1
2020,British Columbia,,Persons 65 years and over,"Food insecure, moderate or severe",59,6.0
2020,British Columbia,,Persons 65 years and over,"Food insecure, moderate",59,4.7
2020,British Columbia,,Persons 65 years and over,"Food insecure, severe",59,1.2
2020,British Columbia,,Males,Food secure,59,86.2
2020,British Columbia,,Males,Food insecure,59,13.8
2020,British Columbia,,Males,"Food insecure, marginal",59,4.3
2020,British Columbia,,Males,"Food insecure, moderate or severe",59,9.5
2020,British Columbia,,Males,"Food insecure, moderate",59,6.7
2020,British Columbia,,Males,"Food insecure, severe",59,2.8
2020,British Columbia,,"Males, under 18 years",Food secure,59,83.1
2020,British Columbia,,"Males, under 18 years",Food insecure,59,16.9
2020,British Columbia,,"Males, under 18 years","Food insecure, marginal",59,6.3
2020,British Columbia,,"Males, under 18 years","Food insecure, moderate or severe",59,10.7
2020,British Columbia,,"Males, under 18 years","Food insecure, moderate",59,7.7
2020,British Columbia,,"Males, under 18 years","Food insecure, severe",59,3.0
2020,British Columbia,,"Males, 18 to 64 years",Food secure,59,85.5
2020,British Columbia,,"Males, 18 to 64 years",Food insecure,59,14.5
2020,British Columbia,,"Males, 18 to 64 years","Food insecure, marginal",59,4.1
2020,British Columbia,,"Males, 18 to 64 years","Food insecure, moderate or severe",59,10.4
2020,British Columbia,,"Males, 18 to 64 years","Food insecure, moderate",59,7.1
2020,British Columbia,,"Males, 18 to 64 years","Food insecure, severe",59,3.3
2020,British Columbia,,"Males, 65 years and over",Food secure,59,91.8
2020,British Columbia,,"Males, 65 years and over",Food insecure,59,8.2
2020,British Columbia,,"Males, 65 years and over","Food insecure, marginal",59,
2020,British Columbia,,"Males, 65 years and over","Food insecure, moderate or severe",59,5.3
2020,British Columbia,,"Males, 65 years and over","Food insecure, moderate",59,4.4
2020,British Columbia,,"Males, 65 years and over","Food insecure, severe",59,0.9
2020,British Columbia,,Females,Food secure,59,84.7
2020,British Columbia,,Females,Food insecure,59,15.3
2020,British Columbia,,Females,"Food insecure, marginal",59,4.9
2020,British Columbia,,Females,"Food insecure, moderate or severe",59,10.4
2020,British Columbia,,Females,"Food insecure, moderate",59,7.8
2020,British Columbia,,Females,"Food insecure, severe",59,2.7
2020,British Columbia,,"Females, under 18 years",Food secure,59,83.2
2020,British Columbia,,"Females, under 18 years",Food insecure,59,16.8
2020,British Columbia,,"Females, under 18 years","Food insecure, marginal",59,5.5
2020,British Columbia,,"Females, under 18 years","Food insecure, moderate or severe",59,11.3
2020,British Columbia,,"Females, under 18 years","Food insecure, moderate",59,8.3
2020,British Columbia,,"Females, under 18 years","Food insecure, severe",59,2.9
2020,British Columbia,,"Females, 18 to 64 years",Food secure,59,83.4
2020,British Columbia,,"Females, 18 to 64 years",Food insecure,59,16.6
2020,British Columbia,,"Females, 18 to 64 years","Food insecure, marginal",59,5.2
2020,British Columbia,,"Females, 18 to 64 years","Food insecure, moderate or severe",59,11.4
2020,British Columbia,,"Females, 18 to 64 years","Food insecure, moderate",59,8.5
2020,British Columbia,,"Females, 18 to 64 years","Food insecure, severe",59,2.9
2020,British Columbia,,"Females, 65 years and over",Food secure,59,90.2
2020,British Columbia,,"Females, 65 years and over",Food insecure,59,9.8
2020,British Columbia,,"Females, 65 years and over","Food insecure, marginal",59,3.2
2020,British Columbia,,"Females, 65 years and over","Food insecure, moderate or severe",59,6.6
2020,British Columbia,,"Females, 65 years and over","Food insecure, moderate",59,5.0
2020,British Columbia,,"Females, 65 years and over","Food insecure, severe",59,1.6
2020,British Columbia,,Visible minority population,Food secure,59,85.3
2020,British Columbia,,Visible minority population,Food insecure,59,14.7
2020,British Columbia,,Visible minority population,"Food insecure, marginal",59,4.9
2020,British Columbia,,Visible minority population,"Food insecure, moderate or severe",59,9.8
2020,British Columbia,,Visible minority population,"Food insecure, moderate",59,8.0
2020,British Columbia,,Visible minority population,"Food insecure, severe",59,1.8
2020,British Columbia,,South Asian,Food secure,59,90.5
2020,British Columbia,,South Asian,Food insecure,59,9.5
2020,British Columbia,,South Asian,"Food insecure, marginal",59,
2020,British Columbia,,South Asian,"Food insecure, moderate or severe",59,4.6
2020,British Columbia,,South Asian,"Food insecure, moderate",59,4.5
2020,British Columbia,,South Asian,"Food insecure, severe",59,
2020,British Columbia,,Chinese,Food secure,59,85.9
2020,British Columbia,,Chinese,Food insecure,59,14.1
2020,British Columbia,,Chinese,"Food insecure, marginal",59,
2020,British Columbia,,Chinese,"Food insecure, moderate or severe",59,8.5
2020,British Columbia,,Chinese,"Food insecure, moderate",59,6.5
2020,British Columbia,,Chinese,"Food insecure, severe",59,
2020,British Columbia,,Black,Food secure,59,86.7
2020,British Columbia,,Black,Food insecure,59,
2020,British Columbia,,Black,"Food insecure, marginal",59,
2020,British Columbia,,Black,"Food insecure, moderate or severe",59,
2020,British Columbia,,Black,"Food insecure, moderate",59,
2020,British Columbia,,Black,"Food insecure, severe",59,
2020,British Columbia,,Filipino,Food secure,59,72.7
2020,British Columbia,,Filipino,Food insecure,59,27.3
2020,British Columbia,,Filipino,"Food insecure, marginal",59,
2020,British Columbia,,Filipino,"Food insecure, moderate or severe",59,
2020,British Columbia,,Filipino,"Food insecure, moderate",59,
2020,British Columbia,,Filipino,"Food insecure, severe",59,
2020,British Columbia,,Arab,Food secure,59,73.3
2020,British Columbia,,Arab,Food insecure,59,
2020,British Columbia,,Arab,"Food insecure, marginal",59,
2020,British Columbia,,Arab,"Food insecure, moderate or severe",59,
2020,British Columbia,,Arab,"Food insecure, moderate",59,
2020,British Columbia,,Arab,"Food insecure, severe",59,
2020,British Columbia,,Latin American,Food secure,59,91.0
2020,British Columbia,,Latin American,Food insecure,59,
2020,British Columbia,,Latin American,"Food insecure, marginal",59,
2020,British Columbia,,Latin American,"Food insecure, moderate or severe",59,
2020,British Columbia,,Latin American,"Food insecure, moderate",59,
2020,British Columbia,,Latin American,"Food insecure, severe",59,
2020,British Columbia,,Southeast Asian,Food secure,59,80.9
2020,British Columbia,,Southeast Asian,Food insecure,59,19.1
2020,British Columbia,,Southeast Asian,"Food insecure, marginal",59,
2020,British Columbia,,Southeast Asian,"Food insecure, moderate or severe",59,
2020,British Columbia,,Southeast Asian,"Food insecure, moderate",59,
2020,British Columbia,,Southeast Asian,"Food insecure, severe",59,
2020,British Columbia,,Other visible minority,Food secure,59,86.0
2020,British Columbia,,Other visible minority,Food insecure,59,14.0
2020,British Columbia,,Other visible minority,"Food insecure, marginal",59,
2020,British Columbia,,Other visible minority,"Food insecure, moderate or severe",59,9.5
2020,British Columbia,,Other visible minority,"Food insecure, moderate",59,8.4
2020,British Columbia,,Other visible minority,"Food insecure, severe",59,
2020,British Columbia,,Not a visible minority,Food secure,59,85.5
2020,British Columbia,,Not a visible minority,Food insecure,59,14.5
2020,British Columbia,,Not a visible minority,"Food insecure, marginal",59,4.4
2020,British Columbia,,Not a visible minority,"Food insecure, moderate or severe",59,10.1
2020,British Columbia,,Not a visible minority,"Food insecure, moderate",59,6.9
2020,British Columbia,,Not a visible minority,"Food insecure, severe",59,3.2
2020,British Columbia,,Indigenous population,Food secure,59,62.3
2020,British Columbia,,Indigenous population,Food insecure,59,37.7
2020,British Columbia,,Indigenous population,"Food insecure, marginal",59,
2020,British Columbia,,Indigenous population,"Food insecure, moderate or severe",59,29.3
2020,British Columbia,,Indigenous population,"Food insecure, moderate",59,21.2
2020,British Columbia,,Indigenous population,"Food insecure, severe",59,8.1
2020,British Columbia,,Non-Indigenous population,Food secure,59,86.3
2020,British Columbia,,Non-Indigenous population,Food insecure,59,13.7
2020,British Columbia,,Non-Indigenous population,"Food insecure, marginal",59,4.4
2020,British Columbia,,Non-Indigenous population,"Food insecure, moderate or severe",59,9.2
2020,British Columbia,,Non-Indigenous population,"Food insecure, moderate",59,6.7
2020,British Columbia,,Non-Indigenous population,"Food insecure, severe",59,2.5
2020,British Columbia,,Not a visible minority nor Indigenous,Food secure,59,86.9
2020,British Columbia,,Not a visible minority nor Indigenous,Food insecure,59,13.1
2020,British Columbia,,Not a visible minority nor Indigenous,"Food insecure, marginal",59,4.2
2020,British Columbia,,Not a visible minority nor Indigenous,"Food insecure, moderate or severe",59,8.9
2020,British Columbia,,Not a visible minority nor Indigenous,"Food insecure, moderate",59,6.0
2020,British Columbia,,Not a visible minority nor Indigenous,"Food insecure, severe",59,2.9
2020,British Columbia,,All persons aged 15 years and over,Food secure,59,85.9
2020,British Columbia,,All persons aged 15 years and over,Food insecure,59,14.1
2020,British Columbia,,All persons aged 15 years and over,"Food insecure, marginal",59,4.3
2020,British Columbia,,All persons aged 15 years and over,"Food insecure, moderate or severe",59,9.8
2020,British Columbia,,All persons aged 15 years and over,"Food insecure, moderate",59,7.1
2020,British Columbia,,All persons aged 15 years and over,"Food insecure, severe",59,2.7
2020,British Columbia,,Indigenous population aged 15 years and over,Food secure,59,68.0
2020,British Columbia,,Indigenous population aged 15 years and over,Food insecure,59,32.0
2020,British Columbia,,Indigenous population aged 15 years and over,"Food insecure, marginal",59,5.9
2020,British Columbia,,Indigenous population aged 15 years and over,"Food insecure, moderate or severe",59,26.1
2020,British Columbia,,Indigenous population aged 15 years and over,"Food insecure, moderate",59,16.6
2020,British Columbia,,Indigenous population aged 15 years and over,"Food insecure, severe",59,9.5
2020,British Columbia,,First Nations aged 15 years and over,Food secure,59,69.2
2020,British Columbia,,First Nations aged 15 years and over,Food insecure,59,30.8
2020,British Columbia,,First Nations aged 15 years and over,"Food insecure, marginal",59,
2020,British Columbia,,First Nations aged 15 years and over,"Food insecure, moderate or severe",59,24.6
2020,British Columbia,,First Nations aged 15 years and over,"Food insecure, moderate",59,
2020,British Columbia,,First Nations aged 15 years and over,"Food insecure, severe",59,
2020,British Columbia,,Métis aged 15 years and over,Food secure,59,68.4
2020,British Columbia,,Métis aged 15 years and over,Food insecure,59,31.6
2020,British Columbia,,Métis aged 15 years and over,"Food insecure, marginal",59,
2020,British Columbia,,Métis aged 15 years and over,"Food insecure, moderate or severe",59,26.2
2020,British Columbia,,Métis aged 15 years and over,"Food insecure, moderate",59,17.1
2020,British Columbia,,Métis aged 15 years and over,"Food insecure, severe",59,
2020,British Columbia,,Non-Indigenous population aged 15 years and over,Food secure,59,86.4
2020,British Columbia,,Non-Indigenous population aged 15 years and over,Food insecure,59,13.6
2020,British Columbia,,Non-Indigenous population aged 15 years and over,"Food insecure, marginal",59,4.3
2020,British Columbia,,Non-Indigenous population aged 15 years and over,"Food insecure, moderate or severe",59,9.3
2020,British Columbia,,Non-Indigenous population aged 15 years and over,"Food insecure, moderate",59,6.8
2020,British Columbia,,Non-Indigenous population aged 15 years and over,"Food insecure, severe",59,2.5
2020,British Columbia,,Immigrants aged 15 years and over,Food secure,59,87.6
2020,British Columbia,,Immigrants aged 15 years and over,Food insecure,59,12.4
2020,British Columbia,,Immigrants aged 15 years and over,"Food insecure, marginal",59,4.1
2020,British Columbia,,Immigrants aged 15 years and over,"Food insecure, moderate or severe",59,8.3
2020,British Columbia,,Immigrants aged 15 years and over,"Food insecure, moderate",59,6.6
2020,British Columbia,,Immigrants aged 15 years and over,"Food insecure, severe",59,1.7
2020,British Columbia,,Recent immigrants (10 years or less) aged 15 years and over,Food secure,59,85.8
2020,British Columbia,,Recent immigrants (10 years or less) aged 15 years and over,Food insecure,59,14.2
2020,British Columbia,,Recent immigrants (10 years or less) aged 15 years and over,"Food insecure, marginal",59,4.4
2020,British Columbia,,Recent immigrants (10 years or less) aged 15 years and over,"Food insecure, moderate or severe",59,9.8
2020,British Columbia,,Recent immigrants (10 years or less) aged 15 years and over,"Food insecure, moderate",59,9.1
2020,British Columbia,,Recent immigrants (10 years or less) aged 15 years and over,"Food insecure, severe",59,
2020,British Columbia,,Very recent immigrants (5 years or less) aged 15 years and over,Food secure,59,87.8
2020,British Columbia,,Very recent immigrants (5 years or less) aged 15 years and over,Food insecure,59,12.2
2020,British Columbia,,Very recent immigrants (5 years or less) aged 15 years and over,"Food insecure, marginal",59,3.4
2020,British Columbia,,Very recent immigrants (5 years or less) aged 15 years and over,"Food insecure, moderate or severe",59,
2020,British Columbia,,Very recent immigrants (5 years or less) aged 15 years and over,"Food insecure, moderate",59,
2020,British Columbia,,Very recent immigrants (5 years or less) aged 15 years and over,"Food insecure, severe",59,
2020,British Columbia,,Persons aged 15 years and over born in Canada,Food secure,59,85.6
2020,British Columbia,,Persons aged 15 years and over born in Canada,Food insecure,59,14.4
2020,British Columbia,,Persons aged 15 years and over born in Canada,"Food insecure, marginal",59,4.1
2020,British Columbia,,Persons aged 15 years and over born in Canada,"Food insecure, moderate or severe",59,10.3
2020,British Columbia,,Persons aged 15 years and over born in Canada,"Food insecure, moderate",59,7.1
2020,British Columbia,,Persons aged 15 years and over born in Canada,"Food insecure, severe",59,3.2
2021,Canada,,Persons under 18 years,Food secure,,75.7
2021,Canada,,Persons under 18 years,Food insecure,,24.3
2021,Canada,,Persons under 18 years,"Food insecure, marginal",,7.5
2021,Canada,,Persons under 18 years,"Food insecure, moderate",,12.6
2021,Canada,,Persons under 18 years,"Food insecure, severe",,4.2
2021,Canada,,Persons 18 to 64 years,Food secure,,81.0
2021,Canada,,Persons 18 to 64 years,Food insecure,,19.0
2021,Canada,,Persons 18 to 64 years,"Food insecure, marginal",,5.4
2021,Canada,,Persons 18 to 64 years,"Food insecure, moderate",,9.0
2021,Canada,,Persons 18 to 64 years,"Food insecure, severe",,4.6
2021,Canada,,Persons 18 to 24 years,Food secure,,80.2
2021,Canada,,Persons 18 to 24 years,Food insecure,,19.8
2021,Canada,,Persons 18 to 24 years,"Food insecure, marginal",,6.2
2021,Canada,,Persons 18 to 24 years,"Food insecure, moderate",,8.9
2021,Canada,,Persons 18 to 24 years,"Food insecure, severe",,4.6
2021,Canada,,Persons 25 to 34 years,Food secure,,80.1
2021,Canada,,Persons 25 to 34 years,Food insecure,,19.9
2021,Canada,,Persons 25 to 34 years,"Food insecure, marginal",,5.1
2021,Canada,,Persons 25 to 34 years,"Food insecure, moderate",,9.6
2021,Canada,,Persons 25 to 34 years,"Food insecure, severe",,5.2
2021,Canada,,Persons 35 to 44 years,Food secure,,78.8
2021,Canada,,Persons 35 to 44 years,Food insecure,,21.2
2021,Canada,,Persons 35 to 44 years,"Food insecure, marginal",,6.5
2021,Canada,,Persons 35 to 44 years,"Food insecure, moderate",,10.3
2021,Canada,,Persons 35 to 44 years,"Food insecure, severe",,4.5
2021,Canada,,Persons 45 to 54 years,Food secure,,80.9
2021,Canada,,Persons 45 to 54 years,Food insecure,,19.1
2021,Canada,,Persons 45 to 54 years,"Food insecure, marginal",,5.4
2021,Canada,,Persons 45 to 54 years,"Food insecure, moderate",,9.2
2021,Canada,,Persons 45 to 54 years,"Food insecure, severe",,4.5
2021,Canada,,Persons 55 to 64 years,Food secure,,84.6
2021,Canada,,Persons 55 to 64 years,Food insecure,,15.4
2021,Canada,,Persons 55 to 64 years,"Food insecure, marginal",,4.4
2021,Canada,,Persons 55 to 64 years,"Food insecure, moderate",,6.9
2021,Canada,,Persons 55 to 64 years,"Food insecure, severe",,4.2
2021,Canada,,Persons 65 years and over,Food secure,,89.7
2021,Canada,,Persons 65 years and over,Food insecure,,10.3
2021,Canada,,Persons 65 years and over,"Food insecure, marginal",,4.0
2021,Canada,,Persons 65 years and over,"Food insecure, moderate",,4.6
2021,Canada,,Persons 65 years and over,"Food insecure, severe",,1.7
2021,Canada,,Males,Food secure,,81.8
2021,Canada,,Males,Food insecure,,18.2
2021,Canada,,Males,"Food insecure, marginal",,5.5
2021,Canada,,Males,"Food insecure, moderate",,8.7
2021,Canada,,Males,"Food insecure, severe",,4.0
2021,Canada,,"Males, under 18 years",Food secure,,74.8
2021,Canada,,"Males, under 18 years",Food insecure,,25.2
2021,Canada,,"Males, under 18 years","Food insecure, marginal",,8.1
2021,Canada,,"Males, under 18 years","Food insecure, moderate",,13.1
2021,Canada,,"Males, under 18 years","Food insecure, severe",,4.1
2021,Canada,,"Males, 18 to 64 years",Food secure,,81.8
2021,Canada,,"Males, 18 to 64 years",Food insecure,,18.2
2021,Canada,,"Males, 18 to 64 years","Food insecure, marginal",,5.1
2021,Canada,,"Males, 18 to 64 years","Food insecure, moderate",,8.5
2021,Canada,,"Males, 18 to 64 years","Food insecure, severe",,4.6
2021,Canada,,"Males, 65 years and over",Food secure,,90.1
2021,Canada,,"Males, 65 years and over",Food insecure,,9.9
2021,Canada,,"Males, 65 years and over","Food insecure, marginal",,4.0
2021,Canada,,"Males, 65 years and over","Food insecure, moderate",,4.2
2021,Canada,,"Males, 65 years and over","Food insecure, severe",,1.8
2021,Canada,,Females,Food secure,,81.3
2021,Canada,,Females,Food insecure,,18.7
2021,Canada,,Females,"Food insecure, marginal",,5.6
2021,Canada,,Females,"Food insecure, moderate",,9.1
2021,Canada,,Females,"Food insecure, severe",,4.0
2021,Canada,,"Females, under 18 years",Food secure,,76.6
2021,Canada,,"Females, under 18 years",Food insecure,,23.4
2021,Canada,,"Females, under 18 years","Food insecure, marginal",,6.9
2021,Canada,,"Females, under 18 years","Food insecure, moderate",,12.2
2021,Canada,,"Females, under 18 years","Food insecure, severe",,4.3
2021,Canada,,"Females, 18 to 64 years",Food secure,,80.2
2021,Canada,,"Females, 18 to 64 years",Food insecure,,19.8
2021,Canada,,"Females, 18 to 64 years","Food insecure, marginal",,5.8
2021,Canada,,"Females, 18 to 64 years","Food insecure, moderate",,9.4
2021,Canada,,"Females, 18 to 64 years","Food insecure, severe",,4.6
2021,Canada,,"Females, 65 years and over",Food secure,,89.4
2021,Canada,,"Females, 65 years and over",Food insecure,,10.6
2021,Canada,,"Females, 65 years and over","Food insecure, marginal",,4.0
2021,Canada,,"Females, 65 years and over","Food insecure, moderate",,5.0
2021,Canada,,"Females, 65 years and over","Food insecure, severe",,1.6
2021,Canada,,Visible minority population,Food secure,,75.5
2021,Canada,,Visible minority population,Food insecure,,24.5
2021,Canada,,Visible minority population,"Food insecure, marginal",,7.7
2021,Canada,,Visible minority population,"Food insecure, moderate",,12.8
2021,Canada,,Visible minority population,"Food insecure, severe",,4.0
2021,Canada,,South Asian,Food secure,,79.0
2021,Canada,,South Asian,Food insecure,,21.0
2021,Canada,,South Asian,"Food insecure, marginal",,5.9
2021,Canada,,South Asian,"Food insecure, moderate",,12.8
2021,Canada,,South Asian,"Food insecure, severe",,2.3
2021,Canada,,Chinese,Food secure,,82.1
2021,Canada,,Chinese,Food insecure,,17.9
2021,Canada,,Chinese,"Food insecure, marginal",,4.8
2021,Canada,,Chinese,"Food insecure, moderate",,9.8
2021,Canada,,Chinese,"Food insecure, severe",,3.2
2021,Canada,,Black,Food secure,,60.8
2021,Canada,,Black,Food insecure,,39.2
2021,Canada,,Black,"Food insecure, marginal",,12.0
2021,Canada,,Black,"Food insecure, moderate",,17.9
2021,Canada,,Black,"Food insecure, severe",,9.4
2021,Canada,,Filipino,Food secure,,70.8
2021,Canada,,Filipino,Food insecure,,29.2
2021,Canada,,Filipino,"Food insecure, marginal",,10.5
2021,Canada,,Filipino,"Food insecure, moderate",,14.3
2021,Canada,,Filipino,"Food insecure, severe",,
2021,Canada,,Arab,Food secure,,73.0
2021,Canada,,Arab,Food insecure,,27.0
2021,Canada,,Arab,"Food insecure, marginal",,13.8
2021,Canada,,Arab,"Food insecure, moderate",,10.4
2021,Canada,,Arab,"Food insecure, severe",,
2021,Canada,,Latin American,Food secure,,80.0
2021,Canada,,Latin American,Food insecure,,20.0
2021,Canada,,Latin American,"Food insecure, marginal",,4.6
2021,Canada,,Latin American,"Food insecure, moderate",,11.5
2021,Canada,,Latin American,"Food insecure, severe",,3.9
2021,Canada,,Southeast Asian,Food secure,,78.0
2021,Canada,,Southeast Asian,Food insecure,,22.0
2021,Canada,,Southeast Asian,"Food insecure, marginal",,4.2
2021,Canada,,Southeast Asian,"Food insecure, moderate",,13.9
2021,Canada,,Southeast Asian,"Food insecure, severe",,3.9
2021,Canada,,Other visible minority,Food secure,,77.9
2021,Canada,,Other visible minority,Food insecure,,22.1
2021,Canada,,Other visible minority,"Food insecure, marginal",,7.2
2021,Canada,,Other visible minority,"Food insecure, moderate",,11.5
2021,Canada,,Other visible minority,"Food insecure, severe",,
2021,Canada,,Not a visible minority,Food secure,,84.0
2021,Canada,,Not a visible minority,Food insecure,,16.0
2021,Canada,,Not a visible minority,"Food insecure, marginal",,4.7
2021,Canada,,Not a visible minority,"Food insecure, moderate",,7.3
2021,Canada,,Not a visible minority,"Food insecure, severe",,4.0
2021,Canada,,Indigenous population,Food secure,,66.6
2021,Canada,,Indigenous population,Food insecure,,33.4
2021,Canada,,Indigenous population,"Food insecure, marginal",,7.9
2021,Canada,,Indigenous population,"Food insecure, moderate",,13.9
2021,Canada,,Indigenous population,"Food insecure, severe",,11.6
2021,Canada,,Non-Indigenous population,Food secure,,82.0
2021,Canada,,Non-Indigenous population,Food insecure,,18.0
2021,Canada,,Non-Indigenous population,"Food insecure, marginal",,5.5
2021,Canada,,Non-Indigenous population,"Food insecure, moderate",,8.7
2021,Canada,,Non-Indigenous population,"Food insecure, severe",,3.8
2021,Canada,,Not a visible minority nor Indigenous,Food secure,,84.7
2021,Canada,,Not a visible minority nor Indigenous,Food insecure,,15.3
2021,Canada,,Not a visible minority nor Indigenous,"Food insecure, marginal",,4.6
2021,Canada,,Not a visible minority nor Indigenous,"Food insecure, moderate",,7.0
2021,Canada,,Not a visible minority nor Indigenous,"Food insecure, severe",,3.7
2021,Canada,,All persons aged 15 years and over,Food secure,,82.8
2021,Canada,,All persons aged 15 years and over,Food insecure,,17.2
2021,Canada,,All persons aged 15 years and over,"Food insecure, marginal",,5.2
2021,Canada,,All persons aged 15 years and over,"Food insecure, moderate",,8.1
2021,Canada,,All persons aged 15 years and over,"Food insecure, severe",,3.9
2021,Canada,,Indigenous population aged 15 years and over,Food secure,,69.1
2021,Canada,,Indigenous population aged 15 years and over,Food insecure,,30.9
2021,Canada,,Indigenous population aged 15 years and over,"Food insecure, marginal",,6.8
2021,Canada,,Indigenous population aged 15 years and over,"Food insecure, moderate",,13.0
2021,Canada,,Indigenous population aged 15 years and over,"Food insecure, severe",,11.1
2021,Canada,,First Nations aged 15 years and over,Food secure,,64.4
2021,Canada,,First Nations aged 15 years and over,Food insecure,,35.6
2021,Canada,,First Nations aged 15 years and over,"Food insecure, marginal",,6.2
2021,Canada,,First Nations aged 15 years and over,"Food insecure, moderate",,15.2
2021,Canada,,First Nations aged 15 years and over,"Food insecure, severe",,14.3
2021,Canada,,Métis aged 15 years and over,Food secure,,73.5
2021,Canada,,Métis aged 15 years and over,Food insecure,,26.5
2021,Canada,,Métis aged 15 years and over,"Food insecure, marginal",,6.6
2021,Canada,,Métis aged 15 years and over,"Food insecure, moderate",,11.5
2021,Canada,,Métis aged 15 years and over,"Food insecure, severe",,8.3
2021,Canada,,Non-Indigenous population aged 15 years and over,Food secure,,83.1
2021,Canada,,Non-Indigenous population aged 15 years and over,Food insecure,,16.9
2021,Canada,,Non-Indigenous population aged 15 years and over,"Food insecure, marginal",,5.1
2021,Canada,,Non-Indigenous population aged 15 years and over,"Food insecure, moderate",,8.0
2021,Canada,,Non-Indigenous population aged 15 years and over,"Food insecure, severe",,3.8
2021,Canada,,Immigrants aged 15 years and over,Food secure,,78.8
2021,Canada,,Immigrants aged 15 years and over,Food insecure,,21.2
2021,Canada,,Immigrants aged 15 years and over,"Food insecure, marginal",,7.1
2021,Canada,,Immigrants aged 15 years and over,"Food insecure, moderate",,10.5
2021,Canada,,Immigrants aged 15 years and over,"Food insecure, severe",,3.5
2021,Canada,,Recent immigrants (10 years or less) aged 15 years and over,Food secure,,73.8
2021,Canada,,Recent immigrants (10 years or less) aged 15 years and over,Food insecure,,26.2
2021,Canada,,Recent immigrants (10 years or less) aged 15 years and over,"Food insecure, marginal",,9.3
2021,Canada,,Recent immigrants (10 years or less) aged 15 years and over,"Food insecure, moderate",,12.1
2021,Canada,,Recent immigrants (10 years or less) aged 15 years and over,"Food insecure, severe",,4.8
2021,Canada,,Very recent immigrants (5 years or less) aged 15 years and over,Food secure,,74.2
2021,Canada,,Very recent immigrants (5 years or less) aged 15 years and over,Food insecure,,25.8
2021,Canada,,Very recent immigrants (5 years or less) aged 15 years and over,"Food insecure, marginal",,8.0
2021,Canada,,Very recent immigrants (5 years or less) aged 15 years and over,"Food insecure, moderate",,12.4
2021,Canada,,Very recent immigrants (5 years or less) aged 15 years and over,"Food insecure, severe",,5.4
2021,Canada,,Persons aged 15 years and over born in Canada,Food secure,,84.4
2021,Canada,,Persons aged 15 years and over born in Canada,Food insecure,,15.6
2021,Canada,,Persons aged 15 years and over born in Canada,"Food insecure, marginal",,4.4
2021,Canada,,Persons aged 15 years and over born in Canada,"Food insecure, moderate",,7.1
2021,Canada,,Persons aged 15 years and over born in Canada,"Food insecure, severe",,4.1
2021,Atlantic provinces,,All persons,Food secure,,77.5
2021,Atlantic provinces,,All persons,Food insecure,,22.5
2021,Atlantic provinces,,All persons,"Food insecure, marginal",,5.9
2021,Atlantic provinces,,All persons,"Food insecure, moderate or severe",,16.5
2021,Atlantic provinces,,All persons,"Food insecure, moderate",,11.8
2021,Atlantic provinces,,All persons,"Food insecure, severe",,4.7
2021,Atlantic provinces,,Persons under 18 years,Food secure,,69.5
2021,Atlantic provinces,,Persons under 18 years,Food insecure,,30.5
2021,Atlantic provinces,,Persons under 18 years,"Food insecure, marginal",,6.3
2021,Atlantic provinces,,Persons under 18 years,"Food insecure, moderate or severe",,24.3
2021,Atlantic provinces,,Persons under 18 years,"Food insecure, moderate",,18.2
2021,Atlantic provinces,,Persons under 18 years,"Food insecure, severe",,6.1
2021,Atlantic provinces,,Persons 18 to 64 years,Food secure,,76.6
2021,Atlantic provinces,,Persons 18 to 64 years,Food insecure,,23.4
2021,Atlantic provinces,,Persons 18 to 64 years,"Food insecure, marginal",,6.0
2021,Atlantic provinces,,Persons 18 to 64 years,"Food insecure, moderate or severe",,17.5
2021,Atlantic provinces,,Persons 18 to 64 years,"Food insecure, moderate",,12.1
2021,Atlantic provinces,,Persons 18 to 64 years,"Food insecure, severe",,5.4
2021,Atlantic provinces,,Persons 18 to 24 years,Food secure,,77.4
2021,Atlantic provinces,,Persons 18 to 24 years,Food insecure,,22.6
2021,Atlantic provinces,,Persons 18 to 24 years,"Food insecure, marginal",,5.4
2021,Atlantic provinces,,Persons 18 to 24 years,"Food insecure, moderate or severe",,17.2
2021,Atlantic provinces,,Persons 18 to 24 years,"Food insecure, moderate",,12.4
2021,Atlantic provinces,,Persons 18 to 24 years,"Food insecure, severe",,4.8
2021,Atlantic provinces,,Persons 25 to 34 years,Food secure,,71.9
2021,Atlantic provinces,,Persons 25 to 34 years,Food insecure,,28.1
2021,Atlantic provinces,,Persons 25 to 34 years,"Food insecure, marginal",,6.9
2021,Atlantic provinces,,Persons 25 to 34 years,"Food insecure, moderate or severe",,21.1
2021,Atlantic provinces,,Persons 25 to 34 years,"Food insecure, moderate",,14.1
2021,Atlantic provinces,,Persons 25 to 34 years,"Food insecure, severe",,7.1
2021,Atlantic provinces,,Persons 35 to 44 years,Food secure,,72.2
2021,Atlantic provinces,,Persons 35 to 44 years,Food insecure,,27.8
2021,Atlantic provinces,,Persons 35 to 44 years,"Food insecure, marginal",,7.2
2021,Atlantic provinces,,Persons 35 to 44 years,"Food insecure, moderate or severe",,20.5
2021,Atlantic provinces,,Persons 35 to 44 years,"Food insecure, moderate",,14.4
2021,Atlantic provinces,,Persons 35 to 44 years,"Food insecure, severe",,6.1
2021,Atlantic provinces,,Persons 45 to 54 years,Food secure,,76.7
2021,Atlantic provinces,,Persons 45 to 54 years,Food insecure,,23.3
2021,Atlantic provinces,,Persons 45 to 54 years,"Food insecure, marginal",,6.0
2021,Atlantic provinces,,Persons 45 to 54 years,"Food insecure, moderate or severe",,17.3
2021,Atlantic provinces,,Persons 45 to 54 years,"Food insecure, moderate",,12.1
2021,Atlantic provinces,,Persons 45 to 54 years,"Food insecure, severe",,5.2
2021,Atlantic provinces,,Persons 55 to 64 years,Food secure,,82.8
2021,Atlantic provinces,,Persons 55 to 64 years,Food insecure,,17.2
2021,Atlantic provinces,,Persons 55 to 64 years,"Food insecure, marginal",,4.5
2021,Atlantic provinces,,Persons 55 to 64 years,"Food insecure, moderate or severe",,12.7
2021,Atlantic provinces,,Persons 55 to 64 years,"Food insecure, moderate",,8.6
2021,Atlantic provinces,,Persons 55 to 64 years,"Food insecure, severe",,4.1
2021,Atlantic provinces,,Persons 65 years and over,Food secure,,86.4
2021,Atlantic provinces,,Persons 65 years and over,Food insecure,,13.6
2021,Atlantic provinces,,Persons 65 years and over,"Food insecure, marginal",,5.5
2021,Atlantic provinces,,Persons 65 years and over,"Food insecure, moderate or severe",,8.0
2021,Atlantic provinces,,Persons 65 years and over,"Food insecure, moderate",,6.1
2021,Atlantic provinces,,Persons 65 years and over,"Food insecure, severe",,1.9
2021,Atlantic provinces,,Males,Food secure,,78.1
2021,Atlantic provinces,,Males,Food insecure,,21.9
2021,Atlantic provinces,,Males,"Food insecure, marginal",,5.8
2021,Atlantic provinces,,Males,"Food insecure, moderate or severe",,16.1
2021,Atlantic provinces,,Males,"Food insecure, moderate",,11.7
2021,Atlantic provinces,,Males,"Food insecure, severe",,4.4
2021,Atlantic provinces,,"Males, under 18 years",Food secure,,69.3
2021,Atlantic provinces,,"Males, under 18 years",Food insecure,,30.7
2021,Atlantic provinces,,"Males, under 18 years","Food insecure, marginal",,6.6
2021,Atlantic provinces,,"Males, under 18 years","Food insecure, moderate or severe",,24.2
2021,Atlantic provinces,,"Males, under 18 years","Food insecure, moderate",,17.9
2021,Atlantic provinces,,"Males, under 18 years","Food insecure, severe",,6.2
2021,Atlantic provinces,,"Males, 18 to 64 years",Food secure,,77.7
2021,Atlantic provinces,,"Males, 18 to 64 years",Food insecure,,22.3
2021,Atlantic provinces,,"Males, 18 to 64 years","Food insecure, marginal",,5.7
2021,Atlantic provinces,,"Males, 18 to 64 years","Food insecure, moderate or severe",,16.5
2021,Atlantic provinces,,"Males, 18 to 64 years","Food insecure, moderate",,11.8
2021,Atlantic provinces,,"Males, 18 to 64 years","Food insecure, severe",,4.7
2021,Atlantic provinces,,"Males, 65 years and over",Food secure,,86.4
2021,Atlantic provinces,,"Males, 65 years and over",Food insecure,,13.6
2021,Atlantic provinces,,"Males, 65 years and over","Food insecure, marginal",,5.5
2021,Atlantic provinces,,"Males, 65 years and over","Food insecure, moderate or severe",,8.1
2021,Atlantic provinces,,"Males, 65 years and over","Food insecure, moderate",,6.2
2021,Atlantic provinces,,"Males, 65 years and over","Food insecure, severe",,1.8
2021,Atlantic provinces,,Females,Food secure,,77.0
2021,Atlantic provinces,,Females,Food insecure,,23.0
2021,Atlantic provinces,,Females,"Food insecure, marginal",,6.0
2021,Atlantic provinces,,Females,"Food insecure, moderate or severe",,17.0
2021,Atlantic provinces,,Females,"Food insecure, moderate",,11.8
2021,Atlantic provinces,,Females,"Food insecure, severe",,5.1
2021,Atlantic provinces,,"Females, under 18 years",Food secure,,69.7
2021,Atlantic provinces,,"Females, under 18 years",Food insecure,,30.3
2021,Atlantic provinces,,"Females, under 18 years","Food insecure, marginal",,5.9
2021,Atlantic provinces,,"Females, under 18 years","Food insecure, moderate or severe",,24.4
2021,Atlantic provinces,,"Females, under 18 years","Food insecure, moderate",,18.5
2021,Atlantic provinces,,"Females, under 18 years","Food insecure, severe",,5.9
2021,Atlantic provinces,,"Females, 18 to 64 years",Food secure,,75.4
2021,Atlantic provinces,,"Females, 18 to 64 years",Food insecure,,24.6
2021,Atlantic provinces,,"Females, 18 to 64 years","Food insecure, marginal",,6.2
2021,Atlantic provinces,,"Females, 18 to 64 years","Food insecure, moderate or severe",,18.4
2021,Atlantic provinces,,"Females, 18 to 64 years","Food insecure, moderate",,12.3
2021,Atlantic provinces,,"Females, 18 to 64 years","Food insecure, severe",,6.1
2021,Atlantic provinces,,"Females, 65 years and over",Food secure,,86.4
2021,Atlantic provinces,,"Females, 65 years and over",Food insecure,,13.6
2021,Atlantic provinces,,"Females, 65 years and over","Food insecure, marginal",,5.6
2021,Atlantic provinces,,"Females, 65 years and over","Food insecure, moderate or severe",,8.0
2021,Atlantic provinces,,"Females, 65 years and over","Food insecure, moderate",,6.0
2021,Atlantic provinces,,"Females, 65 years and over","Food insecure, severe",,2.0
2021,Atlantic provinces,,Visible minority population,Food secure,,73.5
2021,Atlantic provinces,,Visible minority population,Food insecure,,26.5
2021,Atlantic provinces,,Visible minority population,"Food insecure, marginal",,9.3
2021,Atlantic provinces,,Visible minority population,"Food insecure, moderate or severe",,17.2
2021,Atlantic provinces,,Visible minority population,"Food insecure, moderate",,15.2
2021,Atlantic provinces,,Visible minority population,"Food insecure, severe",,
2021,Atlantic provinces,,South Asian,Food secure,,77.8
2021,Atlantic provinces,,South Asian,Food insecure,,
2021,Atlantic provinces,,South Asian,"Food insecure, marginal",,
2021,Atlantic provinces,,South Asian,"Food insecure, moderate or severe",,
2021,Atlantic provinces,,South Asian,"Food insecure, moderate",,
2021,Atlantic provinces,,South Asian,"Food insecure, severe",,
2021,Atlantic provinces,,Chinese,Food secure,,80.3
2021,Atlantic provinces,,Chinese,Food insecure,,
2021,Atlantic provinces,,Chinese,"Food insecure, marginal",,
2021,Atlantic provinces,,Chinese,"Food insecure, moderate or severe",,
2021,Atlantic provinces,,Chinese,"Food insecure, moderate",,
2021,Atlantic provinces,,Chinese,"Food insecure, severe",,
2021,Atlantic provinces,,Black,Food secure,,60.5
2021,Atlantic provinces,,Black,Food insecure,,39.5
2021,Atlantic provinces,,Black,"Food insecure, marginal",,
2021,Atlantic provinces,,Black,"Food insecure, moderate or severe",,
2021,Atlantic provinces,,Black,"Food insecure, moderate",,
2021,Atlantic provinces,,Black,"Food insecure, severe",,
2021,Atlantic provinces,,Filipino,Food secure,,81.6
2021,Atlantic provinces,,Filipino,Food insecure,,
2021,Atlantic provinces,,Filipino,"Food insecure, marginal",,
2021,Atlantic provinces,,Filipino,"Food insecure, moderate or severe",,
2021,Atlantic provinces,,Filipino,"Food insecure, moderate",,
2021,Atlantic provinces,,Filipino,"Food insecure, severe",,
2021,Atlantic provinces,,Arab,Food secure,,84.2
2021,Atlantic provinces,,Arab,Food insecure,,
2021,Atlantic provinces,,Arab,"Food insecure, marginal",,
2021,Atlantic provinces,,Arab,"Food insecure, moderate or severe",,
2021,Atlantic provinces,,Arab,"Food insecure, moderate",,
2021,Atlantic provinces,,Arab,"Food insecure, severe",,
2021,Atlantic provinces,,Latin American,Food secure,,74.6
2021,Atlantic provinces,,Latin American,Food insecure,,
2021,Atlantic provinces,,Latin American,"Food insecure, marginal",,
2021,Atlantic provinces,,Latin American,"Food insecure, moderate or severe",,
2021,Atlantic provinces,,Latin American,"Food insecure, moderate",,
2021,Atlantic provinces,,Latin American,"Food insecure, severe",,
2021,Atlantic provinces,,Southeast Asian,Food secure,,
2021,Atlantic provinces,,Southeast Asian,Food insecure,,55.6
2021,Atlantic provinces,,Southeast Asian,"Food insecure, marginal",,
2021,Atlantic provinces,,Southeast Asian,"Food insecure, moderate or severe",,
2021,Atlantic provinces,,Southeast Asian,"Food insecure, moderate",,
2021,Atlantic provinces,,Southeast Asian,"Food insecure, severe",,
2021,Atlantic provinces,,Other visible minority,Food secure,,71.4
2021,Atlantic provinces,,Other visible minority,Food insecure,,28.6
2021,Atlantic provinces,,Other visible minority,"Food insecure, marginal",,
2021,Atlantic provinces,,Other visible minority,"Food insecure, moderate or severe",,
2021,Atlantic provinces,,Other visible minority,"Food insecure, moderate",,
2021,Atlantic provinces,,Other visible minority,"Food insecure, severe",,
2021,Atlantic provinces,,Not a visible minority,Food secure,,77.9
2021,Atlantic provinces,,Not a visible minority,Food insecure,,22.1
2021,Atlantic provinces,,Not a visible minority,"Food insecure, marginal",,5.6
2021,Atlantic provinces,,Not a visible minority,"Food insecure, moderate or severe",,16.5
2021,Atlantic provinces,,Not a visible minority,"Food insecure, moderate",,11.5
2021,Atlantic provinces,,Not a visible minority,"Food insecure, severe",,5.0
2021,Atlantic provinces,,Indigenous population,Food secure,,67.7
2021,Atlantic provinces,,Indigenous population,Food insecure,,32.3
2021,Atlantic provinces,,Indigenous population,"Food insecure, marginal",,3.5
2021,Atlantic provinces,,Indigenous population,"Food insecure, moderate or severe",,28.8
2021,Atlantic provinces,,Indigenous population,"Food insecure, moderate",,16.8
2021,Atlantic provinces,,Indigenous population,"Food insecure, severe",,12.0
2021,Atlantic provinces,,Non-Indigenous population,Food secure,,77.9
2021,Atlantic provinces,,Non-Indigenous population,Food insecure,,22.1
2021,Atlantic provinces,,Non-Indigenous population,"Food insecure, marginal",,6.0
2021,Atlantic provinces,,Non-Indigenous population,"Food insecure, moderate or severe",,16.1
2021,Atlantic provinces,,Non-Indigenous population,"Food insecure, moderate",,11.6
2021,Atlantic provinces,,Non-Indigenous population,"Food insecure, severe",,4.5
2021,Atlantic provinces,,Not a visible minority nor Indigenous,Food secure,,78.3
2021,Atlantic provinces,,Not a visible minority nor Indigenous,Food insecure,,21.7
2021,Atlantic provinces,,Not a visible minority nor Indigenous,"Food insecure, marginal",,5.7
2021,Atlantic provinces,,Not a visible minority nor Indigenous,"Food insecure, moderate or severe",,16.0
2021,Atlantic provinces,,Not a visible minority nor Indigenous,"Food insecure, moderate",,11.3
2021,Atlantic provinces,,Not a visible minority nor Indigenous,"Food insecure, severe",,4.7
2021,Atlantic provinces,,All persons aged 15 years and over,Food secure,,79.0
2021,Atlantic provinces,,All persons aged 15 years and over,Food insecure,,21.0
2021,Atlantic provinces,,All persons aged 15 years and over,"Food insecure, marginal",,5.9
2021,Atlantic provinces,,All persons aged 15 years and over,"Food insecure, moderate or severe",,15.2
2021,Atlantic provinces,,All persons aged 15 years and over,"Food insecure, moderate",,10.7
2021,Atlantic provinces,,All persons aged 15 years and over,"Food insecure, severe",,4.5
2021,Atlantic provinces,,Indigenous population aged 15 years and over,Food secure,,70.8
2021,Atlantic provinces,,Indigenous population aged 15 years and over,Food insecure,,29.2
2021,Atlantic provinces,,Indigenous population aged 15 years and over,"Food insecure, marginal",,4.6
2021,Atlantic provinces,,Indigenous population aged 15 years and over,"Food insecure, moderate or severe",,24.6
2021,Atlantic provinces,,Indigenous population aged 15 years and over,"Food insecure, moderate",,14.3
2021,Atlantic provinces,,Indigenous population aged 15 years and over,"Food insecure, severe",,10.3
2021,Atlantic provinces,,First Nations aged 15 years and over,Food secure,,68.7
2021,Atlantic provinces,,First Nations aged 15 years and over,Food insecure,,31.3
2021,Atlantic provinces,,First Nations aged 15 years and over,"Food insecure, marginal",,
2021,Atlantic provinces,,First Nations aged 15 years and over,"Food insecure, moderate or severe",,26.4
2021,Atlantic provinces,,First Nations aged 15 years and over,"Food insecure, moderate",,11.7
2021,Atlantic provinces,,First Nations aged 15 years and over,"Food insecure, severe",,14.7
2021,Atlantic provinces,,Métis aged 15 years and over,Food secure,,71.0
2021,Atlantic provinces,,Métis aged 15 years and over,Food insecure,,29.0
2021,Atlantic provinces,,Métis aged 15 years and over,"Food insecure, marginal",,
2021,Atlantic provinces,,Métis aged 15 years and over,"Food insecure, moderate or severe",,24.6
2021,Atlantic provinces,,Métis aged 15 years and over,"Food insecure, moderate",,19.8
2021,Atlantic provinces,,Métis aged 15 years and over,"Food insecure, severe",,
2021,Atlantic provinces,,Non-Indigenous population aged 15 years and over,Food secure,,79.2
2021,Atlantic provinces,,Non-Indigenous population aged 15 years and over,Food insecure,,20.8
2021,Atlantic provinces,,Non-Indigenous population aged 15 years and over,"Food insecure, marginal",,5.9
2021,Atlantic provinces,,Non-Indigenous population aged 15 years and over,"Food insecure, moderate or severe",,14.9
2021,Atlantic provinces,,Non-Indigenous population aged 15 years and over,"Food insecure, moderate",,10.6
2021,Atlantic provinces,,Non-Indigenous population aged 15 years and over,"Food insecure, severe",,4.3
2021,Atlantic provinces,,Immigrants aged 15 years and over,Food secure,,78.2
2021,Atlantic provinces,,Immigrants aged 15 years and over,Food insecure,,21.8
2021,Atlantic provinces,,Immigrants aged 15 years and over,"Food insecure, marginal",,6.7
2021,Atlantic provinces,,Immigrants aged 15 years and over,"Food insecure, moderate or severe",,15.1
2021,Atlantic provinces,,Immigrants aged 15 years and over,"Food insecure, moderate",,12.8
2021,Atlantic provinces,,Immigrants aged 15 years and over,"Food insecure, severe",,2.4
2021,Atlantic provinces,,Recent immigrants (10 years or less) aged 15 years and over,Food secure,,73.3
2021,Atlantic provinces,,Recent immigrants (10 years or less) aged 15 years and over,Food insecure,,26.7
2021,Atlantic provinces,,Recent immigrants (10 years or less) aged 15 years and over,"Food insecure, marginal",,5.5
2021,Atlantic provinces,,Recent immigrants (10 years or less) aged 15 years and over,"Food insecure, moderate or severe",,21.2
2021,Atlantic provinces,,Recent immigrants (10 years or less) aged 15 years and over,"Food insecure, moderate",,19.2
2021,Atlantic provinces,,Recent immigrants (10 years or less) aged 15 years and over,"Food insecure, severe",,
2021,Atlantic provinces,,Very recent immigrants (5 years or less) aged 15 years and over,Food secure,,73.6
2021,Atlantic provinces,,Very recent immigrants (5 years or less) aged 15 years and over,Food insecure,,26.4
2021,Atlantic provinces,,Very recent immigrants (5 years or less) aged 15 years and over,"Food insecure, marginal",,
2021,Atlantic provinces,,Very recent immigrants (5 years or less) aged 15 years and over,"Food insecure, moderate or severe",,
2021,Atlantic provinces,,Very recent immigrants (5 years or less) aged 15 years and over,"Food insecure, moderate",,
2021,Atlantic provinces,,Very recent immigrants (5 years or less) aged 15 years and over,"Food insecure, severe",,
2021,Atlantic provinces,,Persons aged 15 years and over born in Canada,Food secure,,78.9
2021,Atlantic provinces,,Persons aged 15 years and over born in Canada,Food insecure,,21.1
2021,Atlantic provinces,,Persons aged 15 years and over born in Canada,"Food insecure, marginal",,5.7
2021,Atlantic provinces,,Persons aged 15 years and over born in Canada,"Food insecure, moderate or severe",,15.4
2021,Atlantic provinces,,Persons aged 15 years and over born in Canada,"Food insecure, moderate",,10.7
2021,Atlantic provinces,,Persons aged 15 years and over born in Canada,"Food insecure, severe",,4.7
2021,Newfoundland and Labrador,,All persons,Food secure,10,77.5
2021,Newfoundland and Labrador,,All persons,Food insecure,10,22.5
2021,Newfoundland and Labrador,,All persons,"Food insecure, marginal",10,7.4
2021,Newfoundland and Labrador,,All persons,"Food insecure, moderate or severe",10,15.1
2021,Newfoundland and Labrador,,All persons,"Food insecure, moderate",10,10.1
2021,Newfoundland and Labrador,,All persons,"Food insecure, severe",10,5.1
2021,Newfoundland and Labrador,,Persons under 18 years,Food secure,10,71.2
2021,Newfoundland and Labrador,,Persons under 18 years,Food insecure,10,28.8
2021,Newfoundland and Labrador,,Persons under 18 years,"Food insecure, marginal",10,9.4
2021,Newfoundland and Labrador,,Persons under 18 years,"Food insecure, moderate or severe",10,19.4
2021,Newfoundland and Labrador,,Persons under 18 years,"Food insecure, moderate",10,14.0
2021,Newfoundland and Labrador,,Persons under 18 years,"Food insecure, severe",10,
2021,Newfoundland and Labrador,,Persons 18 to 64 years,Food secure,10,77.3
2021,Newfoundland and Labrador,,Persons 18 to 64 years,Food insecure,10,22.7
2021,Newfoundland and Labrador,,Persons 18 to 64 years,"Food insecure, marginal",10,7.2
2021,Newfoundland and Labrador,,Persons 18 to 64 years,"Food insecure, moderate or severe",10,15.5
2021,Newfoundland and Labrador,,Persons 18 to 64 years,"Food insecure, moderate",10,9.9
2021,Newfoundland and Labrador,,Persons 18 to 64 years,"Food insecure, severe",10,5.6
2021,Newfoundland and Labrador,,Persons 18 to 24 years,Food secure,10,81.1
2021,Newfoundland and Labrador,,Persons 18 to 24 years,Food insecure,10,18.9
2021,Newfoundland and Labrador,,Persons 18 to 24 years,"Food insecure, marginal",10,
2021,Newfoundland and Labrador,,Persons 18 to 24 years,"Food insecure, moderate or severe",10,15.6
2021,Newfoundland and Labrador,,Persons 18 to 24 years,"Food insecure, moderate",10,9.1
2021,Newfoundland and Labrador,,Persons 18 to 24 years,"Food insecure, severe",10,
2021,Newfoundland and Labrador,,Persons 25 to 34 years,Food secure,10,77.0
2021,Newfoundland and Labrador,,Persons 25 to 34 years,Food insecure,10,23.0
2021,Newfoundland and Labrador,,Persons 25 to 34 years,"Food insecure, marginal",10,11.0
2021,Newfoundland and Labrador,,Persons 25 to 34 years,"Food insecure, moderate or severe",10,12.0
2021,Newfoundland and Labrador,,Persons 25 to 34 years,"Food insecure, moderate",10,6.0
2021,Newfoundland and Labrador,,Persons 25 to 34 years,"Food insecure, severe",10,6.0
2021,Newfoundland and Labrador,,Persons 35 to 44 years,Food secure,10,69.5
2021,Newfoundland and Labrador,,Persons 35 to 44 years,Food insecure,10,30.5
2021,Newfoundland and Labrador,,Persons 35 to 44 years,"Food insecure, marginal",10,9.6
2021,Newfoundland and Labrador,,Persons 35 to 44 years,"Food insecure, moderate or severe",10,21.0
2021,Newfoundland and Labrador,,Persons 35 to 44 years,"Food insecure, moderate",10,15.2
2021,Newfoundland and Labrador,,Persons 35 to 44 years,"Food insecure, severe",10,5.7
2021,Newfoundland and Labrador,,Persons 45 to 54 years,Food secure,10,75.4
2021,Newfoundland and Labrador,,Persons 45 to 54 years,Food insecure,10,24.6
2021,Newfoundland and Labrador,,Persons 45 to 54 years,"Food insecure, marginal",10,7.3
2021,Newfoundland and Labrador,,Persons 45 to 54 years,"Food insecure, moderate or severe",10,17.3
2021,Newfoundland and Labrador,,Persons 45 to 54 years,"Food insecure, moderate",10,12.1
2021,Newfoundland and Labrador,,Persons 45 to 54 years,"Food insecure, severe",10,5.2
2021,Newfoundland and Labrador,,Persons 55 to 64 years,Food secure,10,82.8
2021,Newfoundland and Labrador,,Persons 55 to 64 years,Food insecure,10,17.2
2021,Newfoundland and Labrador,,Persons 55 to 64 years,"Food insecure, marginal",10,4.8
2021,Newfoundland and Labrador,,Persons 55 to 64 years,"Food insecure, moderate or severe",10,12.4
2021,Newfoundland and Labrador,,Persons 55 to 64 years,"Food insecure, moderate",10,7.2
2021,Newfoundland and Labrador,,Persons 55 to 64 years,"Food insecure, severe",10,5.3
2021,Newfoundland and Labrador,,Persons 65 years and over,Food secure,10,82.4
2021,Newfoundland and Labrador,,Persons 65 years and over,Food insecure,10,17.6
2021,Newfoundland and Labrador,,Persons 65 years and over,"Food insecure, marginal",10,6.4
2021,Newfoundland and Labrador,,Persons 65 years and over,"Food insecure, moderate or severe",10,11.2
2021,Newfoundland and Labrador,,Persons 65 years and over,"Food insecure, moderate",10,7.8
2021,Newfoundland and Labrador,,Persons 65 years and over,"Food insecure, severe",10,3.3
2021,Newfoundland and Labrador,,Males,Food secure,10,77.9
2021,Newfoundland and Labrador,,Males,Food insecure,10,22.1
2021,Newfoundland and Labrador,,Males,"Food insecure, marginal",10,6.5
2021,Newfoundland and Labrador,,Males,"Food insecure, moderate or severe",10,15.6
2021,Newfoundland and Labrador,,Males,"Food insecure, moderate",10,10.9
2021,Newfoundland and Labrador,,Males,"Food insecure, severe",10,4.7
2021,Newfoundland and Labrador,,"Males, under 18 years",Food secure,10,73.2
2021,Newfoundland and Labrador,,"Males, under 18 years",Food insecure,10,26.8
2021,Newfoundland and Labrador,,"Males, under 18 years","Food insecure, marginal",10,
2021,Newfoundland and Labrador,,"Males, under 18 years","Food insecure, moderate or severe",10,19.0
2021,Newfoundland and Labrador,,"Males, under 18 years","Food insecure, moderate",10,15.2
2021,Newfoundland and Labrador,,"Males, under 18 years","Food insecure, severe",10,
2021,Newfoundland and Labrador,,"Males, 18 to 64 years",Food secure,10,78.2
2021,Newfoundland and Labrador,,"Males, 18 to 64 years",Food insecure,10,21.8
2021,Newfoundland and Labrador,,"Males, 18 to 64 years","Food insecure, marginal",10,5.9
2021,Newfoundland and Labrador,,"Males, 18 to 64 years","Food insecure, moderate or severe",10,15.9
2021,Newfoundland and Labrador,,"Males, 18 to 64 years","Food insecure, moderate",10,10.6
2021,Newfoundland and Labrador,,"Males, 18 to 64 years","Food insecure, severe",10,5.3
2021,Newfoundland and Labrador,,"Males, 65 years and over",Food secure,10,80.5
2021,Newfoundland and Labrador,,"Males, 65 years and over",Food insecure,10,19.5
2021,Newfoundland and Labrador,,"Males, 65 years and over","Food insecure, marginal",10,7.1
2021,Newfoundland and Labrador,,"Males, 65 years and over","Food insecure, moderate or severe",10,12.4
2021,Newfoundland and Labrador,,"Males, 65 years and over","Food insecure, moderate",10,8.8
2021,Newfoundland and Labrador,,"Males, 65 years and over","Food insecure, severe",10,3.6
2021,Newfoundland and Labrador,,Females,Food secure,10,77.1
2021,Newfoundland and Labrador,,Females,Food insecure,10,22.9
2021,Newfoundland and Labrador,,Females,"Food insecure, marginal",10,8.3
2021,Newfoundland and Labrador,,Females,"Food insecure, moderate or severe",10,14.6
2021,Newfoundland and Labrador,,Females,"Food insecure, moderate",10,9.2
2021,Newfoundland and Labrador,,Females,"Food insecure, severe",10,5.4
2021,Newfoundland and Labrador,,"Females, under 18 years",Food secure,10,69.0
2021,Newfoundland and Labrador,,"Females, under 18 years",Food insecure,10,31.0
2021,Newfoundland and Labrador,,"Females, under 18 years","Food insecure, marginal",10,11.1
2021,Newfoundland and Labrador,,"Females, under 18 years","Food insecure, moderate or severe",10,19.8
2021,Newfoundland and Labrador,,"Females, under 18 years","Food insecure, moderate",10,12.7
2021,Newfoundland and Labrador,,"Females, under 18 years","Food insecure, severe",10,
2021,Newfoundland and Labrador,,"Females, 18 to 64 years",Food secure,10,76.3
2021,Newfoundland and Labrador,,"Females, 18 to 64 years",Food insecure,10,23.7
2021,Newfoundland and Labrador,,"Females, 18 to 64 years","Food insecure, marginal",10,8.5
2021,Newfoundland and Labrador,,"Females, 18 to 64 years","Food insecure, moderate or severe",10,15.1
2021,Newfoundland and Labrador,,"Females, 18 to 64 years","Food insecure, moderate",10,9.2
2021,Newfoundland and Labrador,,"Females, 18 to 64 years","Food insecure, severe",10,5.9
2021,Newfoundland and Labrador,,"Females, 65 years and over",Food secure,10,84.2
2021,Newfoundland and Labrador,,"Females, 65 years and over",Food insecure,10,15.8
2021,Newfoundland and Labrador,,"Females, 65 years and over","Food insecure, marginal",10,5.7
2021,Newfoundland and Labrador,,"Females, 65 years and over","Food insecure, moderate or severe",10,10.0
2021,Newfoundland and Labrador,,"Females, 65 years and over","Food insecure, moderate",10,7.0
2021,Newfoundland and Labrador,,"Females, 65 years and over","Food insecure, severe",10,3.1
2021,Newfoundland and Labrador,,Visible minority population,Food secure,10,69.3
2021,Newfoundland and Labrador,,Visible minority population,Food insecure,10,
2021,Newfoundland and Labrador,,Visible minority population,"Food insecure, marginal",10,
2021,Newfoundland and Labrador,,Visible minority population,"Food insecure, moderate or severe",10,
2021,Newfoundland and Labrador,,Visible minority population,"Food insecure, moderate",10,
2021,Newfoundland and Labrador,,Visible minority population,"Food insecure, severe",10,
2021,Newfoundland and Labrador,,South Asian,Food secure,10,
2021,Newfoundland and Labrador,,South Asian,Food insecure,10,
2021,Newfoundland and Labrador,,South Asian,"Food insecure, marginal",10,
2021,Newfoundland and Labrador,,South Asian,"Food insecure, moderate or severe",10,
2021,Newfoundland and Labrador,,South Asian,"Food insecure, moderate",10,
2021,Newfoundland and Labrador,,South Asian,"Food insecure, severe",10,
2021,Newfoundland and Labrador,,Chinese,Food secure,10,
2021,Newfoundland and Labrador,,Chinese,Food insecure,10,
2021,Newfoundland and Labrador,,Chinese,"Food insecure, marginal",10,
2021,Newfoundland and Labrador,,Chinese,"Food insecure, moderate or severe",10,
2021,Newfoundland and Labrador,,Chinese,"Food insecure, moderate",10,
2021,Newfoundland and Labrador,,Chinese,"Food insecure, severe",10,
2021,Newfoundland and Labrador,,Black,Food secure,10,
2021,Newfoundland and Labrador,,Black,Food insecure,10,
2021,Newfoundland and Labrador,,Black,"Food insecure, marginal",10,
2021,Newfoundland and Labrador,,Black,"Food insecure, moderate or severe",10,
2021,Newfoundland and Labrador,,Black,"Food insecure, moderate",10,
2021,Newfoundland and Labrador,,Black,"Food insecure, severe",10,
2021,Newfoundland and Labrador,,Filipino,Food secure,10,
2021,Newfoundland and Labrador,,Filipino,Food insecure,10,
2021,Newfoundland and Labrador,,Filipino,"Food insecure, marginal",10,
2021,Newfoundland and Labrador,,Filipino,"Food insecure, moderate or severe",10,
2021,Newfoundland and Labrador,,Filipino,"Food insecure, moderate",10,
2021,Newfoundland and Labrador,,Filipino,"Food insecure, severe",10,
2021,Newfoundland and Labrador,,Arab,Food secure,10,
2021,Newfoundland and Labrador,,Arab,Food insecure,10,
2021,Newfoundland and Labrador,,Arab,"Food insecure, marginal",10,
2021,Newfoundland and Labrador,,Arab,"Food insecure, moderate or severe",10,
2021,Newfoundland and Labrador,,Arab,"Food insecure, moderate",10,
2021,Newfoundland and Labrador,,Arab,"Food insecure, severe",10,
2021,Newfoundland and Labrador,,Latin American,Food secure,10,
2021,Newfoundland and Labrador,,Latin American,Food insecure,10,
2021,Newfoundland and Labrador,,Latin American,"Food insecure, marginal",10,
2021,Newfoundland and Labrador,,Latin American,"Food insecure, moderate or severe",10,
2021,Newfoundland and Labrador,,Latin American,"Food insecure, moderate",10,
2021,Newfoundland and Labrador,,Latin American,"Food insecure, severe",10,
2021,Newfoundland and Labrador,,Southeast Asian,Food secure,10,
2021,Newfoundland and Labrador,,Southeast Asian,Food insecure,10,
2021,Newfoundland and Labrador,,Southeast Asian,"Food insecure, marginal",10,
2021,Newfoundland and Labrador,,Southeast Asian,"Food insecure, moderate or severe",10,
2021,Newfoundland and Labrador,,Southeast Asian,"Food insecure, moderate",10,
2021,Newfoundland and Labrador,,Southeast Asian,"Food insecure, severe",10,
2021,Newfoundland and Labrador,,Other visible minority,Food secure,10,
2021,Newfoundland and Labrador,,Other visible minority,Food insecure,10,
2021,Newfoundland and Labrador,,Other visible minority,"Food insecure, marginal",10,
2021,Newfoundland and Labrador,,Other visible minority,"Food insecure, moderate or severe",10,
2021,Newfoundland and Labrador,,Other visible minority,"Food insecure, moderate",10,
2021,Newfoundland and Labrador,,Other visible minority,"Food insecure, severe",10,
2021,Newfoundland and Labrador,,Not a visible minority,Food secure,10,77.9
2021,Newfoundland and Labrador,,Not a visible minority,Food insecure,10,22.1
2021,Newfoundland and Labrador,,Not a visible minority,"Food insecure, marginal",10,6.9
2021,Newfoundland and Labrador,,Not a visible minority,"Food insecure, moderate or severe",10,15.3
2021,Newfoundland and Labrador,,Not a visible minority,"Food insecure, moderate",10,10.1
2021,Newfoundland and Labrador,,Not a visible minority,"Food insecure, severe",10,5.2
2021,Newfoundland and Labrador,,Indigenous population,Food secure,10,72.3
2021,Newfoundland and Labrador,,Indigenous population,Food insecure,10,27.7
2021,Newfoundland and Labrador,,Indigenous population,"Food insecure, marginal",10,
2021,Newfoundland and Labrador,,Indigenous population,"Food insecure, moderate or severe",10,24.1
2021,Newfoundland and Labrador,,Indigenous population,"Food insecure, moderate",10,
2021,Newfoundland and Labrador,,Indigenous population,"Food insecure, severe",10,
2021,Newfoundland and Labrador,,Non-Indigenous population,Food secure,10,77.9
2021,Newfoundland and Labrador,,Non-Indigenous population,Food insecure,10,22.1
2021,Newfoundland and Labrador,,Non-Indigenous population,"Food insecure, marginal",10,7.7
2021,Newfoundland and Labrador,,Non-Indigenous population,"Food insecure, moderate or severe",10,14.4
2021,Newfoundland and Labrador,,Non-Indigenous population,"Food insecure, moderate",10,9.7
2021,Newfoundland and Labrador,,Non-Indigenous population,"Food insecure, severe",10,4.7
2021,Newfoundland and Labrador,,Not a visible minority nor Indigenous,Food secure,10,78.3
2021,Newfoundland and Labrador,,Not a visible minority nor Indigenous,Food insecure,10,21.7
2021,Newfoundland and Labrador,,Not a visible minority nor Indigenous,"Food insecure, marginal",10,7.1
2021,Newfoundland and Labrador,,Not a visible minority nor Indigenous,"Food insecure, moderate or severe",10,14.5
2021,Newfoundland and Labrador,,Not a visible minority nor Indigenous,"Food insecure, moderate",10,9.8
2021,Newfoundland and Labrador,,Not a visible minority nor Indigenous,"Food insecure, severe",10,4.8
2021,Newfoundland and Labrador,,All persons aged 15 years and over,Food secure,10,78.5
2021,Newfoundland and Labrador,,All persons aged 15 years and over,Food insecure,10,21.5
2021,Newfoundland and Labrador,,All persons aged 15 years and over,"Food insecure, marginal",10,7.0
2021,Newfoundland and Labrador,,All persons aged 15 years and over,"Food insecure, moderate or severe",10,14.5
2021,Newfoundland and Labrador,,All persons aged 15 years and over,"Food insecure, moderate",10,9.3
2021,Newfoundland and Labrador,,All persons aged 15 years and over,"Food insecure, severe",10,5.1
2021,Newfoundland and Labrador,,Indigenous population aged 15 years and over,Food secure,10,76.4
2021,Newfoundland and Labrador,,Indigenous population aged 15 years and over,Food insecure,10,23.6
2021,Newfoundland and Labrador,,Indigenous population aged 15 years and over,"Food insecure, marginal",10,
2021,Newfoundland and Labrador,,Indigenous population aged 15 years and over,"Food insecure, moderate or severe",10,18.7
2021,Newfoundland and Labrador,,Indigenous population aged 15 years and over,"Food insecure, moderate",10,
2021,Newfoundland and Labrador,,Indigenous population aged 15 years and over,"Food insecure, severe",10,
2021,Newfoundland and Labrador,,First Nations aged 15 years and over,Food secure,10,73.7
2021,Newfoundland and Labrador,,First Nations aged 15 years and over,Food insecure,10,26.3
2021,Newfoundland and Labrador,,First Nations aged 15 years and over,"Food insecure, marginal",10,
2021,Newfoundland and Labrador,,First Nations aged 15 years and over,"Food insecure, moderate or severe",10,20.7
2021,Newfoundland and Labrador,,First Nations aged 15 years and over,"Food insecure, moderate",10,
2021,Newfoundland and Labrador,,First Nations aged 15 years and over,"Food insecure, severe",10,
2021,Newfoundland and Labrador,,Métis aged 15 years and over,Food secure,10,
2021,Newfoundland and Labrador,,Métis aged 15 years and over,Food insecure,10,
2021,Newfoundland and Labrador,,Métis aged 15 years and over,"Food insecure, marginal",10,
2021,Newfoundland and Labrador,,Métis aged 15 years and over,"Food insecure, moderate or severe",10,
2021,Newfoundland and Labrador,,Métis aged 15 years and over,"Food insecure, moderate",10,
2021,Newfoundland and Labrador,,Métis aged 15 years and over,"Food insecure, severe",10,
2021,Newfoundland and Labrador,,Non-Indigenous population aged 15 years and over,Food secure,10,78.7
2021,Newfoundland and Labrador,,Non-Indigenous population aged 15 years and over,Food insecure,10,21.3
2021,Newfoundland and Labrador,,Non-Indigenous population aged 15 years and over,"Food insecure, marginal",10,7.2
2021,Newfoundland and Labrador,,Non-Indigenous population aged 15 years and over,"Food insecure, moderate or severe",10,14.2
2021,Newfoundland and Labrador,,Non-Indigenous population aged 15 years and over,"Food insecure, moderate",10,9.3
2021,Newfoundland and Labrador,,Non-Indigenous population aged 15 years and over,"Food insecure, severe",10,4.9
2021,Newfoundland and Labrador,,Immigrants aged 15 years and over,Food secure,10,81.0
2021,Newfoundland and Labrador,,Immigrants aged 15 years and over,Food insecure,10,
2021,Newfoundland and Labrador,,Immigrants aged 15 years and over,"Food insecure, marginal",10,
2021,Newfoundland and Labrador,,Immigrants aged 15 years and over,"Food insecure, moderate or severe",10,
2021,Newfoundland and Labrador,,Immigrants aged 15 years and over,"Food insecure, moderate",10,
2021,Newfoundland and Labrador,,Immigrants aged 15 years and over,"Food insecure, severe",10,
2021,Newfoundland and Labrador,,Recent immigrants (10 years or less) aged 15 years and over,Food secure,10,71.0
2021,Newfoundland and Labrador,,Recent immigrants (10 years or less) aged 15 years and over,Food insecure,10,
2021,Newfoundland and Labrador,,Recent immigrants (10 years or less) aged 15 years and over,"Food insecure, marginal",10,
2021,Newfoundland and Labrador,,Recent immigrants (10 years or less) aged 15 years and over,"Food insecure, moderate or severe",10,
2021,Newfoundland and Labrador,,Recent immigrants (10 years or less) aged 15 years and over,"Food insecure, moderate",10,
2021,Newfoundland and Labrador,,Recent immigrants (10 years or less) aged 15 years and over,"Food insecure, severe",10,
2021,Newfoundland and Labrador,,Very recent immigrants (5 years or less) aged 15 years and over,Food secure,10,72.0
2021,Newfoundland and Labrador,,Very recent immigrants (5 years or less) aged 15 years and over,Food insecure,10,
2021,Newfoundland and Labrador,,Very recent immigrants (5 years or less) aged 15 years and over,"Food insecure, marginal",10,
2021,Newfoundland and Labrador,,Very recent immigrants (5 years or less) aged 15 years and over,"Food insecure, moderate or severe",10,
2021,Newfoundland and Labrador,,Very recent immigrants (5 years or less) aged 15 years and over,"Food insecure, moderate",10,
2021,Newfoundland and Labrador,,Very recent immigrants (5 years or less) aged 15 years and over,"Food insecure, severe",10,
2021,Newfoundland and Labrador,,Persons aged 15 years and over born in Canada,Food secure,10,78.4
2021,Newfoundland and Labrador,,Persons aged 15 years and over born in Canada,Food insecure,10,21.6
2021,Newfoundland and Labrador,,Persons aged 15 years and over born in Canada,"Food insecure, marginal",10,6.9
2021,Newfoundland and Labrador,,Persons aged 15 years and over born in Canada,"Food insecure, moderate or severe",10,14.6
2021,Newfoundland and Labrador,,Persons aged 15 years and over born in Canada,"Food insecure, moderate",10,9.4
2021,Newfoundland and Labrador,,Persons aged 15 years and over born in Canada,"Food insecure, severe",10,5.2
2021,Prince Edward Island,,All persons,Food secure,11,76.4
2021,Prince Edward Island,,All persons,Food insecure,11,23.6
2021,Prince Edward Island,,All persons,"Food insecure, marginal",11,8.5
2021,Prince Edward Island,,All persons,"Food insecure, moderate or severe",11,15.1
2021,Prince Edward Island,,All persons,"Food insecure, moderate",11,9.5
2021,Prince Edward Island,,All persons,"Food insecure, severe",11,5.5
2021,Prince Edward Island,,Persons under 18 years,Food secure,11,64.9
2021,Prince Edward Island,,Persons under 18 years,Food insecure,11,35.1
2021,Prince Edward Island,,Persons under 18 years,"Food insecure, marginal",11,12.4
2021,Prince Edward Island,,Persons under 18 years,"Food insecure, moderate or severe",11,22.6
2021,Prince Edward Island,,Persons under 18 years,"Food insecure, moderate",11,16.5
2021,Prince Edward Island,,Persons under 18 years,"Food insecure, severe",11,
2021,Prince Edward Island,,Persons 18 to 64 years,Food secure,11,75.7
2021,Prince Edward Island,,Persons 18 to 64 years,Food insecure,11,24.3
2021,Prince Edward Island,,Persons 18 to 64 years,"Food insecure, marginal",11,8.7
2021,Prince Edward Island,,Persons 18 to 64 years,"Food insecure, moderate or severe",11,15.6
2021,Prince Edward Island,,Persons 18 to 64 years,"Food insecure, moderate",11,9.2
2021,Prince Edward Island,,Persons 18 to 64 years,"Food insecure, severe",11,6.3
2021,Prince Edward Island,,Persons 18 to 24 years,Food secure,11,70.1
2021,Prince Edward Island,,Persons 18 to 24 years,Food insecure,11,29.9
2021,Prince Edward Island,,Persons 18 to 24 years,"Food insecure, marginal",11,10.7
2021,Prince Edward Island,,Persons 18 to 24 years,"Food insecure, moderate or severe",11,19.3
2021,Prince Edward Island,,Persons 18 to 24 years,"Food insecure, moderate",11,10.2
2021,Prince Edward Island,,Persons 18 to 24 years,"Food insecure, severe",11,
2021,Prince Edward Island,,Persons 25 to 34 years,Food secure,11,75.1
2021,Prince Edward Island,,Persons 25 to 34 years,Food insecure,11,24.9
2021,Prince Edward Island,,Persons 25 to 34 years,"Food insecure, marginal",11,
2021,Prince Edward Island,,Persons 25 to 34 years,"Food insecure, moderate or severe",11,17.6
2021,Prince Edward Island,,Persons 25 to 34 years,"Food insecure, moderate",11,10.0
2021,Prince Edward Island,,Persons 25 to 34 years,"Food insecure, severe",11,7.6
2021,Prince Edward Island,,Persons 35 to 44 years,Food secure,11,67.7
2021,Prince Edward Island,,Persons 35 to 44 years,Food insecure,11,32.3
2021,Prince Edward Island,,Persons 35 to 44 years,"Food insecure, marginal",11,11.5
2021,Prince Edward Island,,Persons 35 to 44 years,"Food insecure, moderate or severe",11,20.8
2021,Prince Edward Island,,Persons 35 to 44 years,"Food insecure, moderate",11,13.9
2021,Prince Edward Island,,Persons 35 to 44 years,"Food insecure, severe",11,
2021,Prince Edward Island,,Persons 45 to 54 years,Food secure,11,77.5
2021,Prince Edward Island,,Persons 45 to 54 years,Food insecure,11,22.5
2021,Prince Edward Island,,Persons 45 to 54 years,"Food insecure, marginal",11,9.5
2021,Prince Edward Island,,Persons 45 to 54 years,"Food insecure, moderate or severe",11,13.0
2021,Prince Edward Island,,Persons 45 to 54 years,"Food insecure, moderate",11,7.1
2021,Prince Edward Island,,Persons 45 to 54 years,"Food insecure, severe",11,6.0
2021,Prince Edward Island,,Persons 55 to 64 years,Food secure,11,85.3
2021,Prince Edward Island,,Persons 55 to 64 years,Food insecure,11,14.7
2021,Prince Edward Island,,Persons 55 to 64 years,"Food insecure, marginal",11,5.6
2021,Prince Edward Island,,Persons 55 to 64 years,"Food insecure, moderate or severe",11,9.1
2021,Prince Edward Island,,Persons 55 to 64 years,"Food insecure, moderate",11,6.0
2021,Prince Edward Island,,Persons 55 to 64 years,"Food insecure, severe",11,
2021,Prince Edward Island,,Persons 65 years and over,Food secure,11,89.2
2021,Prince Edward Island,,Persons 65 years and over,Food insecure,11,10.8
2021,Prince Edward Island,,Persons 65 years and over,"Food insecure, marginal",11,4.3
2021,Prince Edward Island,,Persons 65 years and over,"Food insecure, moderate or severe",11,6.4
2021,Prince Edward Island,,Persons 65 years and over,"Food insecure, moderate",11,3.9
2021,Prince Edward Island,,Persons 65 years and over,"Food insecure, severe",11,
2021,Prince Edward Island,,Males,Food secure,11,76.3
2021,Prince Edward Island,,Males,Food insecure,11,23.7
2021,Prince Edward Island,,Males,"Food insecure, marginal",11,9.1
2021,Prince Edward Island,,Males,"Food insecure, moderate or severe",11,14.6
2021,Prince Edward Island,,Males,"Food insecure, moderate",11,9.7
2021,Prince Edward Island,,Males,"Food insecure, severe",11,4.8
2021,Prince Edward Island,,"Males, under 18 years",Food secure,11,63.1
2021,Prince Edward Island,,"Males, under 18 years",Food insecure,11,36.9
2021,Prince Edward Island,,"Males, under 18 years","Food insecure, marginal",11,14.0
2021,Prince Edward Island,,"Males, under 18 years","Food insecure, moderate or severe",11,22.9
2021,Prince Edward Island,,"Males, under 18 years","Food insecure, moderate",11,16.5
2021,Prince Edward Island,,"Males, under 18 years","Food insecure, severe",11,
2021,Prince Edward Island,,"Males, 18 to 64 years",Food secure,11,77.1
2021,Prince Edward Island,,"Males, 18 to 64 years",Food insecure,11,22.9
2021,Prince Edward Island,,"Males, 18 to 64 years","Food insecure, marginal",11,8.7
2021,Prince Edward Island,,"Males, 18 to 64 years","Food insecure, moderate or severe",11,14.2
2021,Prince Edward Island,,"Males, 18 to 64 years","Food insecure, moderate",11,8.9
2021,Prince Edward Island,,"Males, 18 to 64 years","Food insecure, severe",11,5.3
2021,Prince Edward Island,,"Males, 65 years and over",Food secure,11,87.8
2021,Prince Edward Island,,"Males, 65 years and over",Food insecure,11,12.2
2021,Prince Edward Island,,"Males, 65 years and over","Food insecure, marginal",11,
2021,Prince Edward Island,,"Males, 65 years and over","Food insecure, moderate or severe",11,6.9
2021,Prince Edward Island,,"Males, 65 years and over","Food insecure, moderate",11,5.2
2021,Prince Edward Island,,"Males, 65 years and over","Food insecure, severe",11,
2021,Prince Edward Island,,Females,Food secure,11,76.5
2021,Prince Edward Island,,Females,Food insecure,11,23.5
2021,Prince Edward Island,,Females,"Food insecure, marginal",11,7.9
2021,Prince Edward Island,,Females,"Food insecure, moderate or severe",11,15.6
2021,Prince Edward Island,,Females,"Food insecure, moderate",11,9.4
2021,Prince Edward Island,,Females,"Food insecure, severe",11,6.2
2021,Prince Edward Island,,"Females, under 18 years",Food secure,11,66.9
2021,Prince Edward Island,,"Females, under 18 years",Food insecure,11,33.1
2021,Prince Edward Island,,"Females, under 18 years","Food insecure, marginal",11,10.7
2021,Prince Edward Island,,"Females, under 18 years","Food insecure, moderate or severe",11,22.4
2021,Prince Edward Island,,"Females, under 18 years","Food insecure, moderate",11,16.6
2021,Prince Edward Island,,"Females, under 18 years","Food insecure, severe",11,
2021,Prince Edward Island,,"Females, 18 to 64 years",Food secure,11,74.4
2021,Prince Edward Island,,"Females, 18 to 64 years",Food insecure,11,25.6
2021,Prince Edward Island,,"Females, 18 to 64 years","Food insecure, marginal",11,8.7
2021,Prince Edward Island,,"Females, 18 to 64 years","Food insecure, moderate or severe",11,16.9
2021,Prince Edward Island,,"Females, 18 to 64 years","Food insecure, moderate",11,9.5
2021,Prince Edward Island,,"Females, 18 to 64 years","Food insecure, severe",11,7.4
2021,Prince Edward Island,,"Females, 65 years and over",Food secure,11,90.5
2021,Prince Edward Island,,"Females, 65 years and over",Food insecure,11,9.5
2021,Prince Edward Island,,"Females, 65 years and over","Food insecure, marginal",11,3.5
2021,Prince Edward Island,,"Females, 65 years and over","Food insecure, moderate or severe",11,6.0
2021,Prince Edward Island,,"Females, 65 years and over","Food insecure, moderate",11,
2021,Prince Edward Island,,"Females, 65 years and over","Food insecure, severe",11,
2021,Prince Edward Island,,Visible minority population,Food secure,11,68.8
2021,Prince Edward Island,,Visible minority population,Food insecure,11,31.2
2021,Prince Edward Island,,Visible minority population,"Food insecure, marginal",11,21.7
2021,Prince Edward Island,,Visible minority population,"Food insecure, moderate or severe",11,
2021,Prince Edward Island,,Visible minority population,"Food insecure, moderate",11,
2021,Prince Edward Island,,Visible minority population,"Food insecure, severe",11,
2021,Prince Edward Island,,South Asian,Food secure,11,97.0
2021,Prince Edward Island,,South Asian,Food insecure,11,
2021,Prince Edward Island,,South Asian,"Food insecure, marginal",11,
2021,Prince Edward Island,,South Asian,"Food insecure, moderate or severe",11,
2021,Prince Edward Island,,South Asian,"Food insecure, moderate",11,
2021,Prince Edward Island,,South Asian,"Food insecure, severe",11,
2021,Prince Edward Island,,Chinese,Food secure,11,80.4
2021,Prince Edward Island,,Chinese,Food insecure,11,
2021,Prince Edward Island,,Chinese,"Food insecure, marginal",11,
2021,Prince Edward Island,,Chinese,"Food insecure, moderate or severe",11,
2021,Prince Edward Island,,Chinese,"Food insecure, moderate",11,
2021,Prince Edward Island,,Chinese,"Food insecure, severe",11,
2021,Prince Edward Island,,Black,Food secure,11,
2021,Prince Edward Island,,Black,Food insecure,11,
2021,Prince Edward Island,,Black,"Food insecure, marginal",11,
2021,Prince Edward Island,,Black,"Food insecure, moderate or severe",11,
2021,Prince Edward Island,,Black,"Food insecure, moderate",11,
2021,Prince Edward Island,,Black,"Food insecure, severe",11,
2021,Prince Edward Island,,Filipino,Food secure,11,
2021,Prince Edward Island,,Filipino,Food insecure,11,
2021,Prince Edward Island,,Filipino,"Food insecure, marginal",11,
2021,Prince Edward Island,,Filipino,"Food insecure, moderate or severe",11,
2021,Prince Edward Island,,Filipino,"Food insecure, moderate",11,
2021,Prince Edward Island,,Filipino,"Food insecure, severe",11,
2021,Prince Edward Island,,Arab,Food secure,11,
2021,Prince Edward Island,,Arab,Food insecure,11,
2021,Prince Edward Island,,Arab,"Food insecure, marginal",11,
2021,Prince Edward Island,,Arab,"Food insecure, moderate or severe",11,
2021,Prince Edward Island,,Arab,"Food insecure, moderate",11,
2021,Prince Edward Island,,Arab,"Food insecure, severe",11,
2021,Prince Edward Island,,Latin American,Food secure,11,
2021,Prince Edward Island,,Latin American,Food insecure,11,
2021,Prince Edward Island,,Latin American,"Food insecure, marginal",11,
2021,Prince Edward Island,,Latin American,"Food insecure, moderate or severe",11,
2021,Prince Edward Island,,Latin American,"Food insecure, moderate",11,
2021,Prince Edward Island,,Latin American,"Food insecure, severe",11,
2021,Prince Edward Island,,Southeast Asian,Food secure,11,
2021,Prince Edward Island,,Southeast Asian,Food insecure,11,
2021,Prince Edward Island,,Southeast Asian,"Food insecure, marginal",11,
2021,Prince Edward Island,,Southeast Asian,"Food insecure, moderate or severe",11,
2021,Prince Edward Island,,Southeast Asian,"Food insecure, moderate",11,
2021,Prince Edward Island,,Southeast Asian,"Food insecure, severe",11,
2021,Prince Edward Island,,Other visible minority,Food secure,11,
2021,Prince Edward Island,,Other visible minority,Food insecure,11,
2021,Prince Edward Island,,Other visible minority,"Food insecure, marginal",11,
2021,Prince Edward Island,,Other visible minority,"Food insecure, moderate or severe",11,
2021,Prince Edward Island,,Other visible minority,"Food insecure, moderate",11,
2021,Prince Edward Island,,Other visible minority,"Food insecure, severe",11,
2021,Prince Edward Island,,Not a visible minority,Food secure,11,77.5
2021,Prince Edward Island,,Not a visible minority,Food insecure,11,22.5
2021,Prince Edward Island,,Not a visible minority,"Food insecure, marginal",11,6.6
2021,Prince Edward Island,,Not a visible minority,"Food insecure, moderate or severe",11,15.9
2021,Prince Edward Island,,Not a visible minority,"Food insecure, moderate",11,10.4
2021,Prince Edward Island,,Not a visible minority,"Food insecure, severe",11,5.5
2021,Prince Edward Island,,Indigenous population,Food secure,11,
2021,Prince Edward Island,,Indigenous population,Food insecure,11,64.3
2021,Prince Edward Island,,Indigenous population,"Food insecure, marginal",11,
2021,Prince Edward Island,,Indigenous population,"Food insecure, moderate or severe",11,
2021,Prince Edward Island,,Indigenous population,"Food insecure, moderate",11,
2021,Prince Edward Island,,Indigenous population,"Food insecure, severe",11,
2021,Prince Edward Island,,Non-Indigenous population,Food secure,11,77.0
2021,Prince Edward Island,,Non-Indigenous population,Food insecure,11,23.0
2021,Prince Edward Island,,Non-Indigenous population,"Food insecure, marginal",11,8.4
2021,Prince Edward Island,,Non-Indigenous population,"Food insecure, moderate or severe",11,14.5
2021,Prince Edward Island,,Non-Indigenous population,"Food insecure, moderate",11,9.4
2021,Prince Edward Island,,Non-Indigenous population,"Food insecure, severe",11,5.1
2021,Prince Edward Island,,Not a visible minority nor Indigenous,Food secure,11,78.2
2021,Prince Edward Island,,Not a visible minority nor Indigenous,Food insecure,11,21.8
2021,Prince Edward Island,,Not a visible minority nor Indigenous,"Food insecure, marginal",11,6.5
2021,Prince Edward Island,,Not a visible minority nor Indigenous,"Food insecure, moderate or severe",11,15.3
2021,Prince Edward Island,,Not a visible minority nor Indigenous,"Food insecure, moderate",11,10.3
2021,Prince Edward Island,,Not a visible minority nor Indigenous,"Food insecure, severe",11,5.0
2021,Prince Edward Island,,All persons aged 15 years and over,Food secure,11,78.6
2021,Prince Edward Island,,All persons aged 15 years and over,Food insecure,11,21.4
2021,Prince Edward Island,,All persons aged 15 years and over,"Food insecure, marginal",11,8.1
2021,Prince Edward Island,,All persons aged 15 years and over,"Food insecure, moderate or severe",11,13.3
2021,Prince Edward Island,,All persons aged 15 years and over,"Food insecure, moderate",11,8.1
2021,Prince Edward Island,,All persons aged 15 years and over,"Food insecure, severe",11,5.2
2021,Prince Edward Island,,Indigenous population aged 15 years and over,Food secure,11,
2021,Prince Edward Island,,Indigenous population aged 15 years and over,Food insecure,11,
2021,Prince Edward Island,,Indigenous population aged 15 years and over,"Food insecure, marginal",11,
2021,Prince Edward Island,,Indigenous population aged 15 years and over,"Food insecure, moderate or severe",11,
2021,Prince Edward Island,,Indigenous population aged 15 years and over,"Food insecure, moderate",11,
2021,Prince Edward Island,,Indigenous population aged 15 years and over,"Food insecure, severe",11,
2021,Prince Edward Island,,First Nations aged 15 years and over,Food secure,11,
2021,Prince Edward Island,,First Nations aged 15 years and over,Food insecure,11,
2021,Prince Edward Island,,First Nations aged 15 years and over,"Food insecure, marginal",11,
2021,Prince Edward Island,,First Nations aged 15 years and over,"Food insecure, moderate or severe",11,
2021,Prince Edward Island,,First Nations aged 15 years and over,"Food insecure, moderate",11,
2021,Prince Edward Island,,First Nations aged 15 years and over,"Food insecure, severe",11,
2021,Prince Edward Island,,Métis aged 15 years and over,Food secure,11,
2021,Prince Edward Island,,Métis aged 15 years and over,Food insecure,11,
2021,Prince Edward Island,,Métis aged 15 years and over,"Food insecure, marginal",11,
2021,Prince Edward Island,,Métis aged 15 years and over,"Food insecure, moderate or severe",11,
2021,Prince Edward Island,,Métis aged 15 years and over,"Food insecure, moderate",11,
2021,Prince Edward Island,,Métis aged 15 years and over,"Food insecure, severe",11,
2021,Prince Edward Island,,Non-Indigenous population aged 15 years and over,Food secure,11,78.9
2021,Prince Edward Island,,Non-Indigenous population aged 15 years and over,Food insecure,11,21.1
2021,Prince Edward Island,,Non-Indigenous population aged 15 years and over,"Food insecure, marginal",11,8.0
2021,Prince Edward Island,,Non-Indigenous population aged 15 years and over,"Food insecure, moderate or severe",11,13.1
2021,Prince Edward Island,,Non-Indigenous population aged 15 years and over,"Food insecure, moderate",11,8.0
2021,Prince Edward Island,,Non-Indigenous population aged 15 years and over,"Food insecure, severe",11,5.1
2021,Prince Edward Island,,Immigrants aged 15 years and over,Food secure,11,76.8
2021,Prince Edward Island,,Immigrants aged 15 years and over,Food insecure,11,23.2
2021,Prince Edward Island,,Immigrants aged 15 years and over,"Food insecure, marginal",11,
2021,Prince Edward Island,,Immigrants aged 15 years and over,"Food insecure, moderate or severe",11,
2021,Prince Edward Island,,Immigrants aged 15 years and over,"Food insecure, moderate",11,
2021,Prince Edward Island,,Immigrants aged 15 years and over,"Food insecure, severe",11,
2021,Prince Edward Island,,Recent immigrants (10 years or less) aged 15 years and over,Food secure,11,71.6
2021,Prince Edward Island,,Recent immigrants (10 years or less) aged 15 years and over,Food insecure,11,28.4
2021,Prince Edward Island,,Recent immigrants (10 years or less) aged 15 years and over,"Food insecure, marginal",11,
2021,Prince Edward Island,,Recent immigrants (10 years or less) aged 15 years and over,"Food insecure, moderate or severe",11,
2021,Prince Edward Island,,Recent immigrants (10 years or less) aged 15 years and over,"Food insecure, moderate",11,
2021,Prince Edward Island,,Recent immigrants (10 years or less) aged 15 years and over,"Food insecure, severe",11,
2021,Prince Edward Island,,Very recent immigrants (5 years or less) aged 15 years and over,Food secure,11,78.7
2021,Prince Edward Island,,Very recent immigrants (5 years or less) aged 15 years and over,Food insecure,11,
2021,Prince Edward Island,,Very recent immigrants (5 years or less) aged 15 years and over,"Food insecure, marginal",11,
2021,Prince Edward Island,,Very recent immigrants (5 years or less) aged 15 years and over,"Food insecure, moderate or severe",11,
2021,Prince Edward Island,,Very recent immigrants (5 years or less) aged 15 years and over,"Food insecure, moderate",11,
2021,Prince Edward Island,,Very recent immigrants (5 years or less) aged 15 years and over,"Food insecure, severe",11,
2021,Prince Edward Island,,Persons aged 15 years and over born in Canada,Food secure,11,78.8
2021,Prince Edward Island,,Persons aged 15 years and over born in Canada,Food insecure,11,21.2
2021,Prince Edward Island,,Persons aged 15 years and over born in Canada,"Food insecure, marginal",11,7.0
2021,Prince Edward Island,,Persons aged 15 years and over born in Canada,"Food insecure, moderate or severe",11,14.2
2021,Prince Edward Island,,Persons aged 15 years and over born in Canada,"Food insecure, moderate",11,9.1
2021,Prince Edward Island,,Persons aged 15 years and over born in Canada,"Food insecure, severe",11,5.1
2021,Nova Scotia,,All persons,Food secure,12,78.0
2021,Nova Scotia,,All persons,Food insecure,12,22.0
2021,Nova Scotia,,All persons,"Food insecure, marginal",12,5.1
2021,Nova Scotia,,All persons,"Food insecure, moderate or severe",12,16.9
2021,Nova Scotia,,All persons,"Food insecure, moderate",12,12.2
2021,Nova Scotia,,All persons,"Food insecure, severe",12,4.7
2021,Nova Scotia,,Persons under 18 years,Food secure,12,68.6
2021,Nova Scotia,,Persons under 18 years,Food insecure,12,31.4
2021,Nova Scotia,,Persons under 18 years,"Food insecure, marginal",12,4.4
2021,Nova Scotia,,Persons under 18 years,"Food insecure, moderate or severe",12,27.0
2021,Nova Scotia,,Persons under 18 years,"Food insecure, moderate",12,20.1
2021,Nova Scotia,,Persons under 18 years,"Food insecure, severe",12,6.9
2021,Nova Scotia,,Persons 18 to 64 years,Food secure,12,77.3
2021,Nova Scotia,,Persons 18 to 64 years,Food insecure,12,22.7
2021,Nova Scotia,,Persons 18 to 64 years,"Food insecure, marginal",12,5.1
2021,Nova Scotia,,Persons 18 to 64 years,"Food insecure, moderate or severe",12,17.6
2021,Nova Scotia,,Persons 18 to 64 years,"Food insecure, moderate",12,12.4
2021,Nova Scotia,,Persons 18 to 64 years,"Food insecure, severe",12,5.2
2021,Nova Scotia,,Persons 18 to 24 years,Food secure,12,78.7
2021,Nova Scotia,,Persons 18 to 24 years,Food insecure,12,21.3
2021,Nova Scotia,,Persons 18 to 24 years,"Food insecure, marginal",12,5.8
2021,Nova Scotia,,Persons 18 to 24 years,"Food insecure, moderate or severe",12,15.6
2021,Nova Scotia,,Persons 18 to 24 years,"Food insecure, moderate",12,12.1
2021,Nova Scotia,,Persons 18 to 24 years,"Food insecure, severe",12,
2021,Nova Scotia,,Persons 25 to 34 years,Food secure,12,69.5
2021,Nova Scotia,,Persons 25 to 34 years,Food insecure,12,30.5
2021,Nova Scotia,,Persons 25 to 34 years,"Food insecure, marginal",12,5.6
2021,Nova Scotia,,Persons 25 to 34 years,"Food insecure, moderate or severe",12,24.9
2021,Nova Scotia,,Persons 25 to 34 years,"Food insecure, moderate",12,15.9
2021,Nova Scotia,,Persons 25 to 34 years,"Food insecure, severe",12,9.0
2021,Nova Scotia,,Persons 35 to 44 years,Food secure,12,75.0
2021,Nova Scotia,,Persons 35 to 44 years,Food insecure,12,25.0
2021,Nova Scotia,,Persons 35 to 44 years,"Food insecure, marginal",12,5.0
2021,Nova Scotia,,Persons 35 to 44 years,"Food insecure, moderate or severe",12,20.0
2021,Nova Scotia,,Persons 35 to 44 years,"Food insecure, moderate",12,13.3
2021,Nova Scotia,,Persons 35 to 44 years,"Food insecure, severe",12,6.7
2021,Nova Scotia,,Persons 45 to 54 years,Food secure,12,78.1
2021,Nova Scotia,,Persons 45 to 54 years,Food insecure,12,21.9
2021,Nova Scotia,,Persons 45 to 54 years,"Food insecure, marginal",12,5.4
2021,Nova Scotia,,Persons 45 to 54 years,"Food insecure, moderate or severe",12,16.4
2021,Nova Scotia,,Persons 45 to 54 years,"Food insecure, moderate",12,11.9
2021,Nova Scotia,,Persons 45 to 54 years,"Food insecure, severe",12,4.6
2021,Nova Scotia,,Persons 55 to 64 years,Food secure,12,84.1
2021,Nova Scotia,,Persons 55 to 64 years,Food insecure,12,15.9
2021,Nova Scotia,,Persons 55 to 64 years,"Food insecure, marginal",12,4.3
2021,Nova Scotia,,Persons 55 to 64 years,"Food insecure, moderate or severe",12,11.6
2021,Nova Scotia,,Persons 55 to 64 years,"Food insecure, moderate",12,9.3
2021,Nova Scotia,,Persons 55 to 64 years,"Food insecure, severe",12,2.4
2021,Nova Scotia,,Persons 65 years and over,Food secure,12,87.1
2021,Nova Scotia,,Persons 65 years and over,Food insecure,12,12.9
2021,Nova Scotia,,Persons 65 years and over,"Food insecure, marginal",12,5.7
2021,Nova Scotia,,Persons 65 years and over,"Food insecure, moderate or severe",12,7.1
2021,Nova Scotia,,Persons 65 years and over,"Food insecure, moderate",12,5.6
2021,Nova Scotia,,Persons 65 years and over,"Food insecure, severe",12,1.5
2021,Nova Scotia,,Males,Food secure,12,79.4
2021,Nova Scotia,,Males,Food insecure,12,20.6
2021,Nova Scotia,,Males,"Food insecure, marginal",12,5.1
2021,Nova Scotia,,Males,"Food insecure, moderate or severe",12,15.5
2021,Nova Scotia,,Males,"Food insecure, moderate",12,11.3
2021,Nova Scotia,,Males,"Food insecure, severe",12,4.1
2021,Nova Scotia,,"Males, under 18 years",Food secure,12,70.2
2021,Nova Scotia,,"Males, under 18 years",Food insecure,12,29.8
2021,Nova Scotia,,"Males, under 18 years","Food insecure, marginal",12,4.3
2021,Nova Scotia,,"Males, under 18 years","Food insecure, moderate or severe",12,25.5
2021,Nova Scotia,,"Males, under 18 years","Food insecure, moderate",12,17.3
2021,Nova Scotia,,"Males, under 18 years","Food insecure, severe",12,8.2
2021,Nova Scotia,,"Males, 18 to 64 years",Food secure,12,79.3
2021,Nova Scotia,,"Males, 18 to 64 years",Food insecure,12,20.7
2021,Nova Scotia,,"Males, 18 to 64 years","Food insecure, marginal",12,5.2
2021,Nova Scotia,,"Males, 18 to 64 years","Food insecure, moderate or severe",12,15.5
2021,Nova Scotia,,"Males, 18 to 64 years","Food insecure, moderate",12,11.5
2021,Nova Scotia,,"Males, 18 to 64 years","Food insecure, severe",12,4.0
2021,Nova Scotia,,"Males, 65 years and over",Food secure,12,87.6
2021,Nova Scotia,,"Males, 65 years and over",Food insecure,12,12.4
2021,Nova Scotia,,"Males, 65 years and over","Food insecure, marginal",12,5.5
2021,Nova Scotia,,"Males, 65 years and over","Food insecure, moderate or severe",12,6.9
2021,Nova Scotia,,"Males, 65 years and over","Food insecure, moderate",12,5.7
2021,Nova Scotia,,"Males, 65 years and over","Food insecure, severe",12,
2021,Nova Scotia,,Females,Food secure,12,76.6
2021,Nova Scotia,,Females,Food insecure,12,23.4
2021,Nova Scotia,,Females,"Food insecure, marginal",12,5.2
2021,Nova Scotia,,Females,"Food insecure, moderate or severe",12,18.3
2021,Nova Scotia,,Females,"Food insecure, moderate",12,13.1
2021,Nova Scotia,,Females,"Food insecure, severe",12,5.2
2021,Nova Scotia,,"Females, under 18 years",Food secure,12,66.9
2021,Nova Scotia,,"Females, under 18 years",Food insecure,12,33.1
2021,Nova Scotia,,"Females, under 18 years","Food insecure, marginal",12,
2021,Nova Scotia,,"Females, under 18 years","Food insecure, moderate or severe",12,28.5
2021,Nova Scotia,,"Females, under 18 years","Food insecure, moderate",12,22.9
2021,Nova Scotia,,"Females, under 18 years","Food insecure, severe",12,5.6
2021,Nova Scotia,,"Females, 18 to 64 years",Food secure,12,75.4
2021,Nova Scotia,,"Females, 18 to 64 years",Food insecure,12,24.6
2021,Nova Scotia,,"Females, 18 to 64 years","Food insecure, marginal",12,5.0
2021,Nova Scotia,,"Females, 18 to 64 years","Food insecure, moderate or severe",12,19.6
2021,Nova Scotia,,"Females, 18 to 64 years","Food insecure, moderate",12,13.2
2021,Nova Scotia,,"Females, 18 to 64 years","Food insecure, severe",12,6.4
2021,Nova Scotia,,"Females, 65 years and over",Food secure,12,86.7
2021,Nova Scotia,,"Females, 65 years and over",Food insecure,12,13.3
2021,Nova Scotia,,"Females, 65 years and over","Food insecure, marginal",12,5.9
2021,Nova Scotia,,"Females, 65 years and over","Food insecure, moderate or severe",12,7.3
2021,Nova Scotia,,"Females, 65 years and over","Food insecure, moderate",12,5.5
2021,Nova Scotia,,"Females, 65 years and over","Food insecure, severe",12,1.8
2021,Nova Scotia,,Visible minority population,Food secure,12,74.3
2021,Nova Scotia,,Visible minority population,Food insecure,12,25.7
2021,Nova Scotia,,Visible minority population,"Food insecure, marginal",12,
2021,Nova Scotia,,Visible minority population,"Food insecure, moderate or severe",12,
2021,Nova Scotia,,Visible minority population,"Food insecure, moderate",12,
2021,Nova Scotia,,Visible minority population,"Food insecure, severe",12,
2021,Nova Scotia,,South Asian,Food secure,12,77.4
2021,Nova Scotia,,South Asian,Food insecure,12,
2021,Nova Scotia,,South Asian,"Food insecure, marginal",12,
2021,Nova Scotia,,South Asian,"Food insecure, moderate or severe",12,
2021,Nova Scotia,,South Asian,"Food insecure, moderate",12,
2021,Nova Scotia,,South Asian,"Food insecure, severe",12,
2021,Nova Scotia,,Chinese,Food secure,12,87.5
2021,Nova Scotia,,Chinese,Food insecure,12,
2021,Nova Scotia,,Chinese,"Food insecure, marginal",12,
2021,Nova Scotia,,Chinese,"Food insecure, moderate or severe",12,
2021,Nova Scotia,,Chinese,"Food insecure, moderate",12,
2021,Nova Scotia,,Chinese,"Food insecure, severe",12,
2021,Nova Scotia,,Black,Food secure,12,58.3
2021,Nova Scotia,,Black,Food insecure,12,
2021,Nova Scotia,,Black,"Food insecure, marginal",12,
2021,Nova Scotia,,Black,"Food insecure, moderate or severe",12,
2021,Nova Scotia,,Black,"Food insecure, moderate",12,
2021,Nova Scotia,,Black,"Food insecure, severe",12,
2021,Nova Scotia,,Filipino,Food secure,12,
2021,Nova Scotia,,Filipino,Food insecure,12,
2021,Nova Scotia,,Filipino,"Food insecure, marginal",12,
2021,Nova Scotia,,Filipino,"Food insecure, moderate or severe",12,
2021,Nova Scotia,,Filipino,"Food insecure, moderate",12,
2021,Nova Scotia,,Filipino,"Food insecure, severe",12,
2021,Nova Scotia,,Arab,Food secure,12,92.3
2021,Nova Scotia,,Arab,Food insecure,12,
2021,Nova Scotia,,Arab,"Food insecure, marginal",12,
2021,Nova Scotia,,Arab,"Food insecure, moderate or severe",12,
2021,Nova Scotia,,Arab,"Food insecure, moderate",12,
2021,Nova Scotia,,Arab,"Food insecure, severe",12,
2021,Nova Scotia,,Latin American,Food secure,12,
2021,Nova Scotia,,Latin American,Food insecure,12,
2021,Nova Scotia,,Latin American,"Food insecure, marginal",12,
2021,Nova Scotia,,Latin American,"Food insecure, moderate or severe",12,
2021,Nova Scotia,,Latin American,"Food insecure, moderate",12,
2021,Nova Scotia,,Latin American,"Food insecure, severe",12,
2021,Nova Scotia,,Southeast Asian,Food secure,12,
2021,Nova Scotia,,Southeast Asian,Food insecure,12,
2021,Nova Scotia,,Southeast Asian,"Food insecure, marginal",12,
2021,Nova Scotia,,Southeast Asian,"Food insecure, moderate or severe",12,
2021,Nova Scotia,,Southeast Asian,"Food insecure, moderate",12,
2021,Nova Scotia,,Southeast Asian,"Food insecure, severe",12,
2021,Nova Scotia,,Other visible minority,Food secure,12,63.5
2021,Nova Scotia,,Other visible minority,Food insecure,12,
2021,Nova Scotia,,Other visible minority,"Food insecure, marginal",12,
2021,Nova Scotia,,Other visible minority,"Food insecure, moderate or severe",12,
2021,Nova Scotia,,Other visible minority,"Food insecure, moderate",12,
2021,Nova Scotia,,Other visible minority,"Food insecure, severe",12,
2021,Nova Scotia,,Not a visible minority,Food secure,12,78.4
2021,Nova Scotia,,Not a visible minority,Food insecure,12,21.6
2021,Nova Scotia,,Not a visible minority,"Food insecure, marginal",12,4.8
2021,Nova Scotia,,Not a visible minority,"Food insecure, moderate or severe",12,16.9
2021,Nova Scotia,,Not a visible minority,"Food insecure, moderate",12,11.8
2021,Nova Scotia,,Not a visible minority,"Food insecure, severe",12,5.1
2021,Nova Scotia,,Indigenous population,Food secure,12,67.3
2021,Nova Scotia,,Indigenous population,Food insecure,12,32.7
2021,Nova Scotia,,Indigenous population,"Food insecure, marginal",12,
2021,Nova Scotia,,Indigenous population,"Food insecure, moderate or severe",12,30.5
2021,Nova Scotia,,Indigenous population,"Food insecure, moderate",12,17.3
2021,Nova Scotia,,Indigenous population,"Food insecure, severe",12,
2021,Nova Scotia,,Non-Indigenous population,Food secure,12,78.3
2021,Nova Scotia,,Non-Indigenous population,Food insecure,12,21.7
2021,Nova Scotia,,Non-Indigenous population,"Food insecure, marginal",12,5.2
2021,Nova Scotia,,Non-Indigenous population,"Food insecure, moderate or severe",12,16.5
2021,Nova Scotia,,Non-Indigenous population,"Food insecure, moderate",12,12.1
2021,Nova Scotia,,Non-Indigenous population,"Food insecure, severe",12,4.4
2021,Nova Scotia,,Not a visible minority nor Indigenous,Food secure,12,78.7
2021,Nova Scotia,,Not a visible minority nor Indigenous,Food insecure,12,21.3
2021,Nova Scotia,,Not a visible minority nor Indigenous,"Food insecure, marginal",12,4.8
2021,Nova Scotia,,Not a visible minority nor Indigenous,"Food insecure, moderate or severe",12,16.4
2021,Nova Scotia,,Not a visible minority nor Indigenous,"Food insecure, moderate",12,11.6
2021,Nova Scotia,,Not a visible minority nor Indigenous,"Food insecure, severe",12,4.8
2021,Nova Scotia,,All persons aged 15 years and over,Food secure,12,79.6
2021,Nova Scotia,,All persons aged 15 years and over,Food insecure,12,20.4
2021,Nova Scotia,,All persons aged 15 years and over,"Food insecure, marginal",12,5.2
2021,Nova Scotia,,All persons aged 15 years and over,"Food insecure, moderate or severe",12,15.1
2021,Nova Scotia,,All persons aged 15 years and over,"Food insecure, moderate",12,10.8
2021,Nova Scotia,,All persons aged 15 years and over,"Food insecure, severe",12,4.3
2021,Nova Scotia,,Indigenous population aged 15 years and over,Food secure,12,71.6
2021,Nova Scotia,,Indigenous population aged 15 years and over,Food insecure,12,28.4
2021,Nova Scotia,,Indigenous population aged 15 years and over,"Food insecure, marginal",12,
2021,Nova Scotia,,Indigenous population aged 15 years and over,"Food insecure, moderate or severe",12,25.7
2021,Nova Scotia,,Indigenous population aged 15 years and over,"Food insecure, moderate",12,15.6
2021,Nova Scotia,,Indigenous population aged 15 years and over,"Food insecure, severe",12,10.1
2021,Nova Scotia,,First Nations aged 15 years and over,Food secure,12,57.6
2021,Nova Scotia,,First Nations aged 15 years and over,Food insecure,12,42.4
2021,Nova Scotia,,First Nations aged 15 years and over,"Food insecure, marginal",12,
2021,Nova Scotia,,First Nations aged 15 years and over,"Food insecure, moderate or severe",12,38.3
2021,Nova Scotia,,First Nations aged 15 years and over,"Food insecure, moderate",12,
2021,Nova Scotia,,First Nations aged 15 years and over,"Food insecure, severe",12,
2021,Nova Scotia,,Métis aged 15 years and over,Food secure,12,78.1
2021,Nova Scotia,,Métis aged 15 years and over,Food insecure,12,21.9
2021,Nova Scotia,,Métis aged 15 years and over,"Food insecure, marginal",12,
2021,Nova Scotia,,Métis aged 15 years and over,"Food insecure, moderate or severe",12,19.5
2021,Nova Scotia,,Métis aged 15 years and over,"Food insecure, moderate",12,
2021,Nova Scotia,,Métis aged 15 years and over,"Food insecure, severe",12,
2021,Nova Scotia,,Non-Indigenous population aged 15 years and over,Food secure,12,79.8
2021,Nova Scotia,,Non-Indigenous population aged 15 years and over,Food insecure,12,20.2
2021,Nova Scotia,,Non-Indigenous population aged 15 years and over,"Food insecure, marginal",12,5.3
2021,Nova Scotia,,Non-Indigenous population aged 15 years and over,"Food insecure, moderate or severe",12,14.8
2021,Nova Scotia,,Non-Indigenous population aged 15 years and over,"Food insecure, moderate",12,10.7
2021,Nova Scotia,,Non-Indigenous population aged 15 years and over,"Food insecure, severe",12,4.1
2021,Nova Scotia,,Immigrants aged 15 years and over,Food secure,12,78.5
2021,Nova Scotia,,Immigrants aged 15 years and over,Food insecure,12,21.5
2021,Nova Scotia,,Immigrants aged 15 years and over,"Food insecure, marginal",12,
2021,Nova Scotia,,Immigrants aged 15 years and over,"Food insecure, moderate or severe",12,
2021,Nova Scotia,,Immigrants aged 15 years and over,"Food insecure, moderate",12,
2021,Nova Scotia,,Immigrants aged 15 years and over,"Food insecure, severe",12,
2021,Nova Scotia,,Recent immigrants (10 years or less) aged 15 years and over,Food secure,12,73.3
2021,Nova Scotia,,Recent immigrants (10 years or less) aged 15 years and over,Food insecure,12,
2021,Nova Scotia,,Recent immigrants (10 years or less) aged 15 years and over,"Food insecure, marginal",12,
2021,Nova Scotia,,Recent immigrants (10 years or less) aged 15 years and over,"Food insecure, moderate or severe",12,
2021,Nova Scotia,,Recent immigrants (10 years or less) aged 15 years and over,"Food insecure, moderate",12,
2021,Nova Scotia,,Recent immigrants (10 years or less) aged 15 years and over,"Food insecure, severe",12,
2021,Nova Scotia,,Very recent immigrants (5 years or less) aged 15 years and over,Food secure,12,69.6
2021,Nova Scotia,,Very recent immigrants (5 years or less) aged 15 years and over,Food insecure,12,
2021,Nova Scotia,,Very recent immigrants (5 years or less) aged 15 years and over,"Food insecure, marginal",12,
2021,Nova Scotia,,Very recent immigrants (5 years or less) aged 15 years and over,"Food insecure, moderate or severe",12,
2021,Nova Scotia,,Very recent immigrants (5 years or less) aged 15 years and over,"Food insecure, moderate",12,
2021,Nova Scotia,,Very recent immigrants (5 years or less) aged 15 years and over,"Food insecure, severe",12,
2021,Nova Scotia,,Persons aged 15 years and over born in Canada,Food secure,12,79.6
2021,Nova Scotia,,Persons aged 15 years and over born in Canada,Food insecure,12,20.4
2021,Nova Scotia,,Persons aged 15 years and over born in Canada,"Food insecure, marginal",12,4.9
2021,Nova Scotia,,Persons aged 15 years and over born in Canada,"Food insecure, moderate or severe",12,15.5
2021,Nova Scotia,,Persons aged 15 years and over born in Canada,"Food insecure, moderate",12,10.8
2021,Nova Scotia,,Persons aged 15 years and over born in Canada,"Food insecure, severe",12,4.7
2021,New Brunswick,,All persons,Food secure,13,77.3
2021,New Brunswick,,All persons,Food insecure,13,22.7
2021,New Brunswick,,All persons,"Food insecure, marginal",13,5.4
2021,New Brunswick,,All persons,"Food insecure, moderate or severe",13,17.4
2021,New Brunswick,,All persons,"Food insecure, moderate",13,12.9
2021,New Brunswick,,All persons,"Food insecure, severe",13,4.5
2021,New Brunswick,,Persons under 18 years,Food secure,13,70.6
2021,New Brunswick,,Persons under 18 years,Food insecure,13,29.4
2021,New Brunswick,,Persons under 18 years,"Food insecure, marginal",13,5.2
2021,New Brunswick,,Persons under 18 years,"Food insecure, moderate or severe",13,24.3
2021,New Brunswick,,Persons under 18 years,"Food insecure, moderate",13,18.8
2021,New Brunswick,,Persons under 18 years,"Food insecure, severe",13,5.4
2021,New Brunswick,,Persons 18 to 64 years,Food secure,13,75.3
2021,New Brunswick,,Persons 18 to 64 years,Food insecure,13,24.7
2021,New Brunswick,,Persons 18 to 64 years,"Food insecure, marginal",13,5.6
2021,New Brunswick,,Persons 18 to 64 years,"Food insecure, moderate or severe",13,19.1
2021,New Brunswick,,Persons 18 to 64 years,"Food insecure, moderate",13,13.7
2021,New Brunswick,,Persons 18 to 64 years,"Food insecure, severe",13,5.3
2021,New Brunswick,,Persons 18 to 24 years,Food secure,13,75.1
2021,New Brunswick,,Persons 18 to 24 years,Food insecure,13,24.9
2021,New Brunswick,,Persons 18 to 24 years,"Food insecure, marginal",13,
2021,New Brunswick,,Persons 18 to 24 years,"Food insecure, moderate or severe",13,20.1
2021,New Brunswick,,Persons 18 to 24 years,"Food insecure, moderate",13,15.7
2021,New Brunswick,,Persons 18 to 24 years,"Food insecure, severe",13,
2021,New Brunswick,,Persons 25 to 34 years,Food secure,13,71.4
2021,New Brunswick,,Persons 25 to 34 years,Food insecure,13,28.6
2021,New Brunswick,,Persons 25 to 34 years,"Food insecure, marginal",13,6.2
2021,New Brunswick,,Persons 25 to 34 years,"Food insecure, moderate or severe",13,22.4
2021,New Brunswick,,Persons 25 to 34 years,"Food insecure, moderate",13,17.6
2021,New Brunswick,,Persons 25 to 34 years,"Food insecure, severe",13,4.9
2021,New Brunswick,,Persons 35 to 44 years,Food secure,13,71.5
2021,New Brunswick,,Persons 35 to 44 years,Food insecure,13,28.5
2021,New Brunswick,,Persons 35 to 44 years,"Food insecure, marginal",13,7.7
2021,New Brunswick,,Persons 35 to 44 years,"Food insecure, moderate or severe",13,20.8
2021,New Brunswick,,Persons 35 to 44 years,"Food insecure, moderate",13,15.3
2021,New Brunswick,,Persons 35 to 44 years,"Food insecure, severe",13,5.6
2021,New Brunswick,,Persons 45 to 54 years,Food secure,13,75.9
2021,New Brunswick,,Persons 45 to 54 years,Food insecure,13,24.1
2021,New Brunswick,,Persons 45 to 54 years,"Food insecure, marginal",13,5.0
2021,New Brunswick,,Persons 45 to 54 years,"Food insecure, moderate or severe",13,19.1
2021,New Brunswick,,Persons 45 to 54 years,"Food insecure, moderate",13,13.3
2021,New Brunswick,,Persons 45 to 54 years,"Food insecure, severe",13,5.8
2021,New Brunswick,,Persons 55 to 64 years,Food secure,13,80.7
2021,New Brunswick,,Persons 55 to 64 years,Food insecure,13,19.3
2021,New Brunswick,,Persons 55 to 64 years,"Food insecure, marginal",13,4.5
2021,New Brunswick,,Persons 55 to 64 years,"Food insecure, moderate or severe",13,14.8
2021,New Brunswick,,Persons 55 to 64 years,"Food insecure, moderate",13,9.3
2021,New Brunswick,,Persons 55 to 64 years,"Food insecure, severe",13,5.5
2021,New Brunswick,,Persons 65 years and over,Food secure,13,87.7
2021,New Brunswick,,Persons 65 years and over,Food insecure,13,12.3
2021,New Brunswick,,Persons 65 years and over,"Food insecure, marginal",13,4.9
2021,New Brunswick,,Persons 65 years and over,"Food insecure, moderate or severe",13,7.3
2021,New Brunswick,,Persons 65 years and over,"Food insecure, moderate",13,5.9
2021,New Brunswick,,Persons 65 years and over,"Food insecure, severe",13,
2021,New Brunswick,,Males,Food secure,13,76.8
2021,New Brunswick,,Males,Food insecure,13,23.2
2021,New Brunswick,,Males,"Food insecure, marginal",13,5.6
2021,New Brunswick,,Males,"Food insecure, moderate or severe",13,17.5
2021,New Brunswick,,Males,"Food insecure, moderate",13,13.2
2021,New Brunswick,,Males,"Food insecure, severe",13,4.3
2021,New Brunswick,,"Males, under 18 years",Food secure,13,67.2
2021,New Brunswick,,"Males, under 18 years",Food insecure,13,32.8
2021,New Brunswick,,"Males, under 18 years","Food insecure, marginal",13,6.8
2021,New Brunswick,,"Males, under 18 years","Food insecure, moderate or severe",13,26.0
2021,New Brunswick,,"Males, under 18 years","Food insecure, moderate",13,20.5
2021,New Brunswick,,"Males, under 18 years","Food insecure, severe",13,5.4
2021,New Brunswick,,"Males, 18 to 64 years",Food secure,13,75.5
2021,New Brunswick,,"Males, 18 to 64 years",Food insecure,13,24.5
2021,New Brunswick,,"Males, 18 to 64 years","Food insecure, marginal",13,5.7
2021,New Brunswick,,"Males, 18 to 64 years","Food insecure, moderate or severe",13,18.8
2021,New Brunswick,,"Males, 18 to 64 years","Food insecure, moderate",13,13.8
2021,New Brunswick,,"Males, 18 to 64 years","Food insecure, severe",13,5.0
2021,New Brunswick,,"Males, 65 years and over",Food secure,13,88.9
2021,New Brunswick,,"Males, 65 years and over",Food insecure,13,11.1
2021,New Brunswick,,"Males, 65 years and over","Food insecure, marginal",13,4.5
2021,New Brunswick,,"Males, 65 years and over","Food insecure, moderate or severe",13,6.6
2021,New Brunswick,,"Males, 65 years and over","Food insecure, moderate",13,5.3
2021,New Brunswick,,"Males, 65 years and over","Food insecure, severe",13,
2021,New Brunswick,,Females,Food secure,13,77.7
2021,New Brunswick,,Females,Food insecure,13,22.3
2021,New Brunswick,,Females,"Food insecure, marginal",13,5.1
2021,New Brunswick,,Females,"Food insecure, moderate or severe",13,17.2
2021,New Brunswick,,Females,"Food insecure, moderate",13,12.6
2021,New Brunswick,,Females,"Food insecure, severe",13,4.6
2021,New Brunswick,,"Females, under 18 years",Food secure,13,74.2
2021,New Brunswick,,"Females, under 18 years",Food insecure,13,25.8
2021,New Brunswick,,"Females, under 18 years","Food insecure, marginal",13,3.4
2021,New Brunswick,,"Females, under 18 years","Food insecure, moderate or severe",13,22.5
2021,New Brunswick,,"Females, under 18 years","Food insecure, moderate",13,17.0
2021,New Brunswick,,"Females, under 18 years","Food insecure, severe",13,5.4
2021,New Brunswick,,"Females, 18 to 64 years",Food secure,13,75.1
2021,New Brunswick,,"Females, 18 to 64 years",Food insecure,13,24.9
2021,New Brunswick,,"Females, 18 to 64 years","Food insecure, marginal",13,5.6
2021,New Brunswick,,"Females, 18 to 64 years","Food insecure, moderate or severe",13,19.3
2021,New Brunswick,,"Females, 18 to 64 years","Food insecure, moderate",13,13.7
2021,New Brunswick,,"Females, 18 to 64 years","Food insecure, severe",13,5.6
2021,New Brunswick,,"Females, 65 years and over",Food secure,13,86.7
2021,New Brunswick,,"Females, 65 years and over",Food insecure,13,13.3
2021,New Brunswick,,"Females, 65 years and over","Food insecure, marginal",13,5.3
2021,New Brunswick,,"Females, 65 years and over","Food insecure, moderate or severe",13,7.9
2021,New Brunswick,,"Females, 65 years and over","Food insecure, moderate",13,6.5
2021,New Brunswick,,"Females, 65 years and over","Food insecure, severe",13,
2021,New Brunswick,,Visible minority population,Food secure,13,75.5
2021,New Brunswick,,Visible minority population,Food insecure,13,24.5
2021,New Brunswick,,Visible minority population,"Food insecure, marginal",13,
2021,New Brunswick,,Visible minority population,"Food insecure, moderate or severe",13,22.4
2021,New Brunswick,,Visible minority population,"Food insecure, moderate",13,21.0
2021,New Brunswick,,Visible minority population,"Food insecure, severe",13,
2021,New Brunswick,,South Asian,Food secure,13,81.8
2021,New Brunswick,,South Asian,Food insecure,13,
2021,New Brunswick,,South Asian,"Food insecure, marginal",13,
2021,New Brunswick,,South Asian,"Food insecure, moderate or severe",13,
2021,New Brunswick,,South Asian,"Food insecure, moderate",13,
2021,New Brunswick,,South Asian,"Food insecure, severe",13,
2021,New Brunswick,,Chinese,Food secure,13,
2021,New Brunswick,,Chinese,Food insecure,13,
2021,New Brunswick,,Chinese,"Food insecure, marginal",13,
2021,New Brunswick,,Chinese,"Food insecure, moderate or severe",13,
2021,New Brunswick,,Chinese,"Food insecure, moderate",13,
2021,New Brunswick,,Chinese,"Food insecure, severe",13,
2021,New Brunswick,,Black,Food secure,13,69.8
2021,New Brunswick,,Black,Food insecure,13,
2021,New Brunswick,,Black,"Food insecure, marginal",13,
2021,New Brunswick,,Black,"Food insecure, moderate or severe",13,
2021,New Brunswick,,Black,"Food insecure, moderate",13,
2021,New Brunswick,,Black,"Food insecure, severe",13,
2021,New Brunswick,,Filipino,Food secure,13,
2021,New Brunswick,,Filipino,Food insecure,13,
2021,New Brunswick,,Filipino,"Food insecure, marginal",13,
2021,New Brunswick,,Filipino,"Food insecure, moderate or severe",13,
2021,New Brunswick,,Filipino,"Food insecure, moderate",13,
2021,New Brunswick,,Filipino,"Food insecure, severe",13,
2021,New Brunswick,,Arab,Food secure,13,81.4
2021,New Brunswick,,Arab,Food insecure,13,
2021,New Brunswick,,Arab,"Food insecure, marginal",13,
2021,New Brunswick,,Arab,"Food insecure, moderate or severe",13,
2021,New Brunswick,,Arab,"Food insecure, moderate",13,
2021,New Brunswick,,Arab,"Food insecure, severe",13,
2021,New Brunswick,,Latin American,Food secure,13,
2021,New Brunswick,,Latin American,Food insecure,13,
2021,New Brunswick,,Latin American,"Food insecure, marginal",13,
2021,New Brunswick,,Latin American,"Food insecure, moderate or severe",13,
2021,New Brunswick,,Latin American,"Food insecure, moderate",13,
2021,New Brunswick,,Latin American,"Food insecure, severe",13,
2021,New Brunswick,,Southeast Asian,Food secure,13,
2021,New Brunswick,,Southeast Asian,Food insecure,13,
2021,New Brunswick,,Southeast Asian,"Food insecure, marginal",13,
2021,New Brunswick,,Southeast Asian,"Food insecure, moderate or severe",13,
2021,New Brunswick,,Southeast Asian,"Food insecure, moderate",13,
2021,New Brunswick,,Southeast Asian,"Food insecure, severe",13,
2021,New Brunswick,,Other visible minority,Food secure,13,88.5
2021,New Brunswick,,Other visible minority,Food insecure,13,
2021,New Brunswick,,Other visible minority,"Food insecure, marginal",13,
2021,New Brunswick,,Other visible minority,"Food insecure, moderate or severe",13,
2021,New Brunswick,,Other visible minority,"Food insecure, moderate",13,
2021,New Brunswick,,Other visible minority,"Food insecure, severe",13,
2021,New Brunswick,,Not a visible minority,Food secure,13,77.4
2021,New Brunswick,,Not a visible minority,Food insecure,13,22.6
2021,New Brunswick,,Not a visible minority,"Food insecure, marginal",13,5.6
2021,New Brunswick,,Not a visible minority,"Food insecure, moderate or severe",13,17.0
2021,New Brunswick,,Not a visible minority,"Food insecure, moderate",13,12.3
2021,New Brunswick,,Not a visible minority,"Food insecure, severe",13,4.7
2021,New Brunswick,,Indigenous population,Food secure,13,62.1
2021,New Brunswick,,Indigenous population,Food insecure,13,37.9
2021,New Brunswick,,Indigenous population,"Food insecure, marginal",13,
2021,New Brunswick,,Indigenous population,"Food insecure, moderate or severe",13,33.8
2021,New Brunswick,,Indigenous population,"Food insecure, moderate",13,
2021,New Brunswick,,Indigenous population,"Food insecure, severe",13,
2021,New Brunswick,,Non-Indigenous population,Food secure,13,77.6
2021,New Brunswick,,Non-Indigenous population,Food insecure,13,22.4
2021,New Brunswick,,Non-Indigenous population,"Food insecure, marginal",13,5.4
2021,New Brunswick,,Non-Indigenous population,"Food insecure, moderate or severe",13,17.0
2021,New Brunswick,,Non-Indigenous population,"Food insecure, moderate",13,12.7
2021,New Brunswick,,Non-Indigenous population,"Food insecure, severe",13,4.3
2021,New Brunswick,,Not a visible minority nor Indigenous,Food secure,13,77.7
2021,New Brunswick,,Not a visible minority nor Indigenous,Food insecure,13,22.3
2021,New Brunswick,,Not a visible minority nor Indigenous,"Food insecure, marginal",13,5.7
2021,New Brunswick,,Not a visible minority nor Indigenous,"Food insecure, moderate or severe",13,16.6
2021,New Brunswick,,Not a visible minority nor Indigenous,"Food insecure, moderate",13,12.1
2021,New Brunswick,,Not a visible minority nor Indigenous,"Food insecure, severe",13,4.5
2021,New Brunswick,,All persons aged 15 years and over,Food secure,13,78.5
2021,New Brunswick,,All persons aged 15 years and over,Food insecure,13,21.5
2021,New Brunswick,,All persons aged 15 years and over,"Food insecure, marginal",13,5.4
2021,New Brunswick,,All persons aged 15 years and over,"Food insecure, moderate or severe",13,16.1
2021,New Brunswick,,All persons aged 15 years and over,"Food insecure, moderate",13,11.9
2021,New Brunswick,,All persons aged 15 years and over,"Food insecure, severe",13,4.2
2021,New Brunswick,,Indigenous population aged 15 years and over,Food secure,13,58.0
2021,New Brunswick,,Indigenous population aged 15 years and over,Food insecure,13,42.0
2021,New Brunswick,,Indigenous population aged 15 years and over,"Food insecure, marginal",13,
2021,New Brunswick,,Indigenous population aged 15 years and over,"Food insecure, moderate or severe",13,36.1
2021,New Brunswick,,Indigenous population aged 15 years and over,"Food insecure, moderate",13,
2021,New Brunswick,,Indigenous population aged 15 years and over,"Food insecure, severe",13,
2021,New Brunswick,,First Nations aged 15 years and over,Food secure,13,68.2
2021,New Brunswick,,First Nations aged 15 years and over,Food insecure,13,
2021,New Brunswick,,First Nations aged 15 years and over,"Food insecure, marginal",13,
2021,New Brunswick,,First Nations aged 15 years and over,"Food insecure, moderate or severe",13,
2021,New Brunswick,,First Nations aged 15 years and over,"Food insecure, moderate",13,
2021,New Brunswick,,First Nations aged 15 years and over,"Food insecure, severe",13,
2021,New Brunswick,,Métis aged 15 years and over,Food secure,13,44.9
2021,New Brunswick,,Métis aged 15 years and over,Food insecure,13,55.1
2021,New Brunswick,,Métis aged 15 years and over,"Food insecure, marginal",13,
2021,New Brunswick,,Métis aged 15 years and over,"Food insecure, moderate or severe",13,44.6
2021,New Brunswick,,Métis aged 15 years and over,"Food insecure, moderate",13,39.9
2021,New Brunswick,,Métis aged 15 years and over,"Food insecure, severe",13,
2021,New Brunswick,,Non-Indigenous population aged 15 years and over,Food secure,13,78.9
2021,New Brunswick,,Non-Indigenous population aged 15 years and over,Food insecure,13,21.1
2021,New Brunswick,,Non-Indigenous population aged 15 years and over,"Food insecure, marginal",13,5.4
2021,New Brunswick,,Non-Indigenous population aged 15 years and over,"Food insecure, moderate or severe",13,15.7
2021,New Brunswick,,Non-Indigenous population aged 15 years and over,"Food insecure, moderate",13,11.7
2021,New Brunswick,,Non-Indigenous population aged 15 years and over,"Food insecure, severe",13,4.0
2021,New Brunswick,,Immigrants aged 15 years and over,Food secure,13,76.6
2021,New Brunswick,,Immigrants aged 15 years and over,Food insecure,13,23.4
2021,New Brunswick,,Immigrants aged 15 years and over,"Food insecure, marginal",13,
2021,New Brunswick,,Immigrants aged 15 years and over,"Food insecure, moderate or severe",13,18.5
2021,New Brunswick,,Immigrants aged 15 years and over,"Food insecure, moderate",13,15.3
2021,New Brunswick,,Immigrants aged 15 years and over,"Food insecure, severe",13,
2021,New Brunswick,,Recent immigrants (10 years or less) aged 15 years and over,Food secure,13,74.9
2021,New Brunswick,,Recent immigrants (10 years or less) aged 15 years and over,Food insecure,13,25.1
2021,New Brunswick,,Recent immigrants (10 years or less) aged 15 years and over,"Food insecure, marginal",13,
2021,New Brunswick,,Recent immigrants (10 years or less) aged 15 years and over,"Food insecure, moderate or severe",13,
2021,New Brunswick,,Recent immigrants (10 years or less) aged 15 years and over,"Food insecure, moderate",13,
2021,New Brunswick,,Recent immigrants (10 years or less) aged 15 years and over,"Food insecure, severe",13,
2021,New Brunswick,,Very recent immigrants (5 years or less) aged 15 years and over,Food secure,13,78.3
2021,New Brunswick,,Very recent immigrants (5 years or less) aged 15 years and over,Food insecure,13,
2021,New Brunswick,,Very recent immigrants (5 years or less) aged 15 years and over,"Food insecure, marginal",13,
2021,New Brunswick,,Very recent immigrants (5 years or less) aged 15 years and over,"Food insecure, moderate or severe",13,
2021,New Brunswick,,Very recent immigrants (5 years or less) aged 15 years and over,"Food insecure, moderate",13,
2021,New Brunswick,,Very recent immigrants (5 years or less) aged 15 years and over,"Food insecure, severe",13,
2021,New Brunswick,,Persons aged 15 years and over born in Canada,Food secure,13,78.3
2021,New Brunswick,,Persons aged 15 years and over born in Canada,Food insecure,13,21.7
2021,New Brunswick,,Persons aged 15 years and over born in Canada,"Food insecure, marginal",13,5.5
2021,New Brunswick,,Persons aged 15 years and over born in Canada,"Food insecure, moderate or severe",13,16.2
2021,New Brunswick,,Persons aged 15 years and over born in Canada,"Food insecure, moderate",13,11.8
2021,New Brunswick,,Persons aged 15 years and over born in Canada,"Food insecure, severe",13,4.3
2021,Quebec,,All persons,Food secure,24,85.3
2021,Quebec,,All persons,Food insecure,24,14.7
2021,Quebec,,All persons,"Food insecure, marginal",24,5.8
2021,Quebec,,All persons,"Food insecure, moderate or severe",24,8.9
2021,Quebec,,All persons,"Food insecure, moderate",24,6.6
2021,Quebec,,All persons,"Food insecure, severe",24,2.3
2021,Quebec,,Persons under 18 years,Food secure,24,78.7
2021,Quebec,,Persons under 18 years,Food insecure,24,21.3
2021,Quebec,,Persons under 18 years,"Food insecure, marginal",24,9.8
2021,Quebec,,Persons under 18 years,"Food insecure, moderate or severe",24,11.6
2021,Quebec,,Persons under 18 years,"Food insecure, moderate",24,9.2
2021,Quebec,,Persons under 18 years,"Food insecure, severe",24,2.4
2021,Quebec,,Persons 18 to 64 years,Food secure,24,85.1
2021,Quebec,,Persons 18 to 64 years,Food insecure,24,14.9
2021,Quebec,,Persons 18 to 64 years,"Food insecure, marginal",24,5.4
2021,Quebec,,Persons 18 to 64 years,"Food insecure, moderate or severe",24,9.5
2021,Quebec,,Persons 18 to 64 years,"Food insecure, moderate",24,6.9
2021,Quebec,,Persons 18 to 64 years,"Food insecure, severe",24,2.7
2021,Quebec,,Persons 18 to 24 years,Food secure,24,85.3
2021,Quebec,,Persons 18 to 24 years,Food insecure,24,14.7
2021,Quebec,,Persons 18 to 24 years,"Food insecure, marginal",24,6.7
2021,Quebec,,Persons 18 to 24 years,"Food insecure, moderate or severe",24,7.9
2021,Quebec,,Persons 18 to 24 years,"Food insecure, moderate",24,5.4
2021,Quebec,,Persons 18 to 24 years,"Food insecure, severe",24,2.6
2021,Quebec,,Persons 25 to 34 years,Food secure,24,84.7
2021,Quebec,,Persons 25 to 34 years,Food insecure,24,15.3
2021,Quebec,,Persons 25 to 34 years,"Food insecure, marginal",24,4.0
2021,Quebec,,Persons 25 to 34 years,"Food insecure, moderate or severe",24,11.2
2021,Quebec,,Persons 25 to 34 years,"Food insecure, moderate",24,8.1
2021,Quebec,,Persons 25 to 34 years,"Food insecure, severe",24,3.1
2021,Quebec,,Persons 35 to 44 years,Food secure,24,81.1
2021,Quebec,,Persons 35 to 44 years,Food insecure,24,18.9
2021,Quebec,,Persons 35 to 44 years,"Food insecure, marginal",24,8.1
2021,Quebec,,Persons 35 to 44 years,"Food insecure, moderate or severe",24,10.8
2021,Quebec,,Persons 35 to 44 years,"Food insecure, moderate",24,7.7
2021,Quebec,,Persons 35 to 44 years,"Food insecure, severe",24,3.0
2021,Quebec,,Persons 45 to 54 years,Food secure,24,84.7
2021,Quebec,,Persons 45 to 54 years,Food insecure,24,15.3
2021,Quebec,,Persons 45 to 54 years,"Food insecure, marginal",24,5.6
2021,Quebec,,Persons 45 to 54 years,"Food insecure, moderate or severe",24,9.7
2021,Quebec,,Persons 45 to 54 years,"Food insecure, moderate",24,7.6
2021,Quebec,,Persons 45 to 54 years,"Food insecure, severe",24,2.1
2021,Quebec,,Persons 55 to 64 years,Food secure,24,89.2
2021,Quebec,,Persons 55 to 64 years,Food insecure,24,10.8
2021,Quebec,,Persons 55 to 64 years,"Food insecure, marginal",24,3.3
2021,Quebec,,Persons 55 to 64 years,"Food insecure, moderate or severe",24,7.5
2021,Quebec,,Persons 55 to 64 years,"Food insecure, moderate",24,5.1
2021,Quebec,,Persons 55 to 64 years,"Food insecure, severe",24,2.4
2021,Quebec,,Persons 65 years and over,Food secure,24,92.3
2021,Quebec,,Persons 65 years and over,Food insecure,24,7.7
2021,Quebec,,Persons 65 years and over,"Food insecure, marginal",24,3.4
2021,Quebec,,Persons 65 years and over,"Food insecure, moderate or severe",24,4.4
2021,Quebec,,Persons 65 years and over,"Food insecure, moderate",24,3.4
2021,Quebec,,Persons 65 years and over,"Food insecure, severe",24,1.0
2021,Quebec,,Males,Food secure,24,85.4
2021,Quebec,,Males,Food insecure,24,14.6
2021,Quebec,,Males,"Food insecure, marginal",24,5.9
2021,Quebec,,Males,"Food insecure, moderate or severe",24,8.7
2021,Quebec,,Males,"Food insecure, moderate",24,6.3
2021,Quebec,,Males,"Food insecure, severe",24,2.4
2021,Quebec,,"Males, under 18 years",Food secure,24,78.9
2021,Quebec,,"Males, under 18 years",Food insecure,24,21.1
2021,Quebec,,"Males, under 18 years","Food insecure, marginal",24,11.2
2021,Quebec,,"Males, under 18 years","Food insecure, moderate or severe",24,9.9
2021,Quebec,,"Males, under 18 years","Food insecure, moderate",24,8.0
2021,Quebec,,"Males, under 18 years","Food insecure, severe",24,
2021,Quebec,,"Males, 18 to 64 years",Food secure,24,85.4
2021,Quebec,,"Males, 18 to 64 years",Food insecure,24,14.6
2021,Quebec,,"Males, 18 to 64 years","Food insecure, marginal",24,4.9
2021,Quebec,,"Males, 18 to 64 years","Food insecure, moderate or severe",24,9.7
2021,Quebec,,"Males, 18 to 64 years","Food insecure, moderate",24,6.7
2021,Quebec,,"Males, 18 to 64 years","Food insecure, severe",24,2.9
2021,Quebec,,"Males, 65 years and over",Food secure,24,92.3
2021,Quebec,,"Males, 65 years and over",Food insecure,24,7.7
2021,Quebec,,"Males, 65 years and over","Food insecure, marginal",24,3.6
2021,Quebec,,"Males, 65 years and over","Food insecure, moderate or severe",24,4.1
2021,Quebec,,"Males, 65 years and over","Food insecure, moderate",24,3.2
2021,Quebec,,"Males, 65 years and over","Food insecure, severe",24,
2021,Quebec,,Females,Food secure,24,85.1
2021,Quebec,,Females,Food insecure,24,14.9
2021,Quebec,,Females,"Food insecure, marginal",24,5.8
2021,Quebec,,Females,"Food insecure, moderate or severe",24,9.1
2021,Quebec,,Females,"Food insecure, moderate",24,6.9
2021,Quebec,,Females,"Food insecure, severe",24,2.2
2021,Quebec,,"Females, under 18 years",Food secure,24,78.5
2021,Quebec,,"Females, under 18 years",Food insecure,24,21.5
2021,Quebec,,"Females, under 18 years","Food insecure, marginal",24,8.3
2021,Quebec,,"Females, under 18 years","Food insecure, moderate or severe",24,13.2
2021,Quebec,,"Females, under 18 years","Food insecure, moderate",24,10.4
2021,Quebec,,"Females, under 18 years","Food insecure, severe",24,
2021,Quebec,,"Females, 18 to 64 years",Food secure,24,84.7
2021,Quebec,,"Females, 18 to 64 years",Food insecure,24,15.3
2021,Quebec,,"Females, 18 to 64 years","Food insecure, marginal",24,6.0
2021,Quebec,,"Females, 18 to 64 years","Food insecure, moderate or severe",24,9.4
2021,Quebec,,"Females, 18 to 64 years","Food insecure, moderate",24,7.0
2021,Quebec,,"Females, 18 to 64 years","Food insecure, severe",24,2.4
2021,Quebec,,"Females, 65 years and over",Food secure,24,92.2
2021,Quebec,,"Females, 65 years and over",Food insecure,24,7.8
2021,Quebec,,"Females, 65 years and over","Food insecure, marginal",24,3.2
2021,Quebec,,"Females, 65 years and over","Food insecure, moderate or severe",24,4.6
2021,Quebec,,"Females, 65 years and over","Food insecure, moderate",24,3.6
2021,Quebec,,"Females, 65 years and over","Food insecure, severe",24,1.1
2021,Quebec,,Visible minority population,Food secure,24,70.8
2021,Quebec,,Visible minority population,Food insecure,24,29.2
2021,Quebec,,Visible minority population,"Food insecure, marginal",24,14.1
2021,Quebec,,Visible minority population,"Food insecure, moderate or severe",24,15.1
2021,Quebec,,Visible minority population,"Food insecure, moderate",24,11.4
2021,Quebec,,Visible minority population,"Food insecure, severe",24,
2021,Quebec,,South Asian,Food secure,24,89.9
2021,Quebec,,South Asian,Food insecure,24,
2021,Quebec,,South Asian,"Food insecure, marginal",24,
2021,Quebec,,South Asian,"Food insecure, moderate or severe",24,
2021,Quebec,,South Asian,"Food insecure, moderate",24,
2021,Quebec,,South Asian,"Food insecure, severe",24,
2021,Quebec,,Chinese,Food secure,24,83.0
2021,Quebec,,Chinese,Food insecure,24,
2021,Quebec,,Chinese,"Food insecure, marginal",24,
2021,Quebec,,Chinese,"Food insecure, moderate or severe",24,
2021,Quebec,,Chinese,"Food insecure, moderate",24,
2021,Quebec,,Chinese,"Food insecure, severe",24,
2021,Quebec,,Black,Food secure,24,58.0
2021,Quebec,,Black,Food insecure,24,42.0
2021,Quebec,,Black,"Food insecure, marginal",24,
2021,Quebec,,Black,"Food insecure, moderate or severe",24,22.7
2021,Quebec,,Black,"Food insecure, moderate",24,13.0
2021,Quebec,,Black,"Food insecure, severe",24,
2021,Quebec,,Filipino,Food secure,24,70.5
2021,Quebec,,Filipino,Food insecure,24,
2021,Quebec,,Filipino,"Food insecure, marginal",24,
2021,Quebec,,Filipino,"Food insecure, moderate or severe",24,
2021,Quebec,,Filipino,"Food insecure, moderate",24,
2021,Quebec,,Filipino,"Food insecure, severe",24,
2021,Quebec,,Arab,Food secure,24,72.5
2021,Quebec,,Arab,Food insecure,24,27.5
2021,Quebec,,Arab,"Food insecure, marginal",24,16.8
2021,Quebec,,Arab,"Food insecure, moderate or severe",24,
2021,Quebec,,Arab,"Food insecure, moderate",24,
2021,Quebec,,Arab,"Food insecure, severe",24,
2021,Quebec,,Latin American,Food secure,24,74.3
2021,Quebec,,Latin American,Food insecure,24,25.7
2021,Quebec,,Latin American,"Food insecure, marginal",24,
2021,Quebec,,Latin American,"Food insecure, moderate or severe",24,19.8
2021,Quebec,,Latin American,"Food insecure, moderate",24,
2021,Quebec,,Latin American,"Food insecure, severe",24,
2021,Quebec,,Southeast Asian,Food secure,24,74.6
2021,Quebec,,Southeast Asian,Food insecure,24,25.4
2021,Quebec,,Southeast Asian,"Food insecure, marginal",24,
2021,Quebec,,Southeast Asian,"Food insecure, moderate or severe",24,
2021,Quebec,,Southeast Asian,"Food insecure, moderate",24,
2021,Quebec,,Southeast Asian,"Food insecure, severe",24,
2021,Quebec,,Other visible minority,Food secure,24,76.1
2021,Quebec,,Other visible minority,Food insecure,24,23.9
2021,Quebec,,Other visible minority,"Food insecure, marginal",24,
2021,Quebec,,Other visible minority,"Food insecure, moderate or severe",24,
2021,Quebec,,Other visible minority,"Food insecure, moderate",24,
2021,Quebec,,Other visible minority,"Food insecure, severe",24,
2021,Quebec,,Not a visible minority,Food secure,24,88.6
2021,Quebec,,Not a visible minority,Food insecure,24,11.4
2021,Quebec,,Not a visible minority,"Food insecure, marginal",24,4.0
2021,Quebec,,Not a visible minority,"Food insecure, moderate or severe",24,7.4
2021,Quebec,,Not a visible minority,"Food insecure, moderate",24,5.5
2021,Quebec,,Not a visible minority,"Food insecure, severe",24,2.0
2021,Quebec,,Indigenous population,Food secure,24,72.2
2021,Quebec,,Indigenous population,Food insecure,24,27.8
2021,Quebec,,Indigenous population,"Food insecure, marginal",24,
2021,Quebec,,Indigenous population,"Food insecure, moderate or severe",24,15.3
2021,Quebec,,Indigenous population,"Food insecure, moderate",24,
2021,Quebec,,Indigenous population,"Food insecure, severe",24,
2021,Quebec,,Non-Indigenous population,Food secure,24,85.4
2021,Quebec,,Non-Indigenous population,Food insecure,24,14.6
2021,Quebec,,Non-Indigenous population,"Food insecure, marginal",24,5.8
2021,Quebec,,Non-Indigenous population,"Food insecure, moderate or severe",24,8.8
2021,Quebec,,Non-Indigenous population,"Food insecure, moderate",24,6.6
2021,Quebec,,Non-Indigenous population,"Food insecure, severe",24,2.3
2021,Quebec,,Not a visible minority nor Indigenous,Food secure,24,88.7
2021,Quebec,,Not a visible minority nor Indigenous,Food insecure,24,11.3
2021,Quebec,,Not a visible minority nor Indigenous,"Food insecure, marginal",24,3.9
2021,Quebec,,Not a visible minority nor Indigenous,"Food insecure, moderate or severe",24,7.4
2021,Quebec,,Not a visible minority nor Indigenous,"Food insecure, moderate",24,5.5
2021,Quebec,,Not a visible minority nor Indigenous,"Food insecure, severe",24,1.9
2021,Quebec,,All persons aged 15 years and over,Food secure,24,86.8
2021,Quebec,,All persons aged 15 years and over,Food insecure,24,13.2
2021,Quebec,,All persons aged 15 years and over,"Food insecure, marginal",24,5.0
2021,Quebec,,All persons aged 15 years and over,"Food insecure, moderate or severe",24,8.2
2021,Quebec,,All persons aged 15 years and over,"Food insecure, moderate",24,6.0
2021,Quebec,,All persons aged 15 years and over,"Food insecure, severe",24,2.3
2021,Quebec,,Indigenous population aged 15 years and over,Food secure,24,77.1
2021,Quebec,,Indigenous population aged 15 years and over,Food insecure,24,22.9
2021,Quebec,,Indigenous population aged 15 years and over,"Food insecure, marginal",24,
2021,Quebec,,Indigenous population aged 15 years and over,"Food insecure, moderate or severe",24,16.7
2021,Quebec,,Indigenous population aged 15 years and over,"Food insecure, moderate",24,11.4
2021,Quebec,,Indigenous population aged 15 years and over,"Food insecure, severe",24,
2021,Quebec,,First Nations aged 15 years and over,Food secure,24,84.6
2021,Quebec,,First Nations aged 15 years and over,Food insecure,24,
2021,Quebec,,First Nations aged 15 years and over,"Food insecure, marginal",24,
2021,Quebec,,First Nations aged 15 years and over,"Food insecure, moderate or severe",24,
2021,Quebec,,First Nations aged 15 years and over,"Food insecure, moderate",24,
2021,Quebec,,First Nations aged 15 years and over,"Food insecure, severe",24,
2021,Quebec,,Métis aged 15 years and over,Food secure,24,73.3
2021,Quebec,,Métis aged 15 years and over,Food insecure,24,26.7
2021,Quebec,,Métis aged 15 years and over,"Food insecure, marginal",24,
2021,Quebec,,Métis aged 15 years and over,"Food insecure, moderate or severe",24,18.2
2021,Quebec,,Métis aged 15 years and over,"Food insecure, moderate",24,
2021,Quebec,,Métis aged 15 years and over,"Food insecure, severe",24,
2021,Quebec,,Non-Indigenous population aged 15 years and over,Food secure,24,86.8
2021,Quebec,,Non-Indigenous population aged 15 years and over,Food insecure,24,13.2
2021,Quebec,,Non-Indigenous population aged 15 years and over,"Food insecure, marginal",24,5.0
2021,Quebec,,Non-Indigenous population aged 15 years and over,"Food insecure, moderate or severe",24,8.2
2021,Quebec,,Non-Indigenous population aged 15 years and over,"Food insecure, moderate",24,5.9
2021,Quebec,,Non-Indigenous population aged 15 years and over,"Food insecure, severe",24,2.2
2021,Quebec,,Immigrants aged 15 years and over,Food secure,24,77.4
2021,Quebec,,Immigrants aged 15 years and over,Food insecure,24,22.6
2021,Quebec,,Immigrants aged 15 years and over,"Food insecure, marginal",24,10.8
2021,Quebec,,Immigrants aged 15 years and over,"Food insecure, moderate or severe",24,11.8
2021,Quebec,,Immigrants aged 15 years and over,"Food insecure, moderate",24,8.5
2021,Quebec,,Immigrants aged 15 years and over,"Food insecure, severe",24,
2021,Quebec,,Recent immigrants (10 years or less) aged 15 years and over,Food secure,24,70.9
2021,Quebec,,Recent immigrants (10 years or less) aged 15 years and over,Food insecure,24,29.1
2021,Quebec,,Recent immigrants (10 years or less) aged 15 years and over,"Food insecure, marginal",24,16.9
2021,Quebec,,Recent immigrants (10 years or less) aged 15 years and over,"Food insecure, moderate or severe",24,12.2
2021,Quebec,,Recent immigrants (10 years or less) aged 15 years and over,"Food insecure, moderate",24,8.2
2021,Quebec,,Recent immigrants (10 years or less) aged 15 years and over,"Food insecure, severe",24,
2021,Quebec,,Very recent immigrants (5 years or less) aged 15 years and over,Food secure,24,69.3
2021,Quebec,,Very recent immigrants (5 years or less) aged 15 years and over,Food insecure,24,30.7
2021,Quebec,,Very recent immigrants (5 years or less) aged 15 years and over,"Food insecure, marginal",24,
2021,Quebec,,Very recent immigrants (5 years or less) aged 15 years and over,"Food insecure, moderate or severe",24,13.8
2021,Quebec,,Very recent immigrants (5 years or less) aged 15 years and over,"Food insecure, moderate",24,10.2
2021,Quebec,,Very recent immigrants (5 years or less) aged 15 years and over,"Food insecure, severe",24,
2021,Quebec,,Persons aged 15 years and over born in Canada,Food secure,24,89.3
2021,Quebec,,Persons aged 15 years and over born in Canada,Food insecure,24,10.7
2021,Quebec,,Persons aged 15 years and over born in Canada,"Food insecure, marginal",24,3.5
2021,Quebec,,Persons aged 15 years and over born in Canada,"Food insecure, moderate or severe",24,7.1
2021,Quebec,,Persons aged 15 years and over born in Canada,"Food insecure, moderate",24,5.1
2021,Quebec,,Persons aged 15 years and over born in Canada,"Food insecure, severe",24,2.0
2021,Ontario,,All persons,Food secure,35,80.8
2021,Ontario,,All persons,Food insecure,35,19.2
2021,Ontario,,All persons,"Food insecure, marginal",35,5.3
2021,Ontario,,All persons,"Food insecure, moderate or severe",35,13.9
2021,Ontario,,All persons,"Food insecure, moderate",35,9.8
2021,Ontario,,All persons,"Food insecure, severe",35,4.1
2021,Ontario,,Persons under 18 years,Food secure,35,75.4
2021,Ontario,,Persons under 18 years,Food insecure,35,24.6
2021,Ontario,,Persons under 18 years,"Food insecure, marginal",35,6.4
2021,Ontario,,Persons under 18 years,"Food insecure, moderate or severe",35,18.2
2021,Ontario,,Persons under 18 years,"Food insecure, moderate",35,14.1
2021,Ontario,,Persons under 18 years,"Food insecure, severe",35,4.2
2021,Ontario,,Persons 18 to 64 years,Food secure,35,80.1
2021,Ontario,,Persons 18 to 64 years,Food insecure,35,19.9
2021,Ontario,,Persons 18 to 64 years,"Food insecure, marginal",35,5.3
2021,Ontario,,Persons 18 to 64 years,"Food insecure, moderate or severe",35,14.5
2021,Ontario,,Persons 18 to 64 years,"Food insecure, moderate",35,9.8
2021,Ontario,,Persons 18 to 64 years,"Food insecure, severe",35,4.7
2021,Ontario,,Persons 18 to 24 years,Food secure,35,79.3
2021,Ontario,,Persons 18 to 24 years,Food insecure,35,20.7
2021,Ontario,,Persons 18 to 24 years,"Food insecure, marginal",35,5.8
2021,Ontario,,Persons 18 to 24 years,"Food insecure, moderate or severe",35,14.9
2021,Ontario,,Persons 18 to 24 years,"Food insecure, moderate",35,10.7
2021,Ontario,,Persons 18 to 24 years,"Food insecure, severe",35,4.2
2021,Ontario,,Persons 25 to 34 years,Food secure,35,78.7
2021,Ontario,,Persons 25 to 34 years,Food insecure,35,21.3
2021,Ontario,,Persons 25 to 34 years,"Food insecure, marginal",35,5.5
2021,Ontario,,Persons 25 to 34 years,"Food insecure, moderate or severe",35,15.8
2021,Ontario,,Persons 25 to 34 years,"Food insecure, moderate",35,10.4
2021,Ontario,,Persons 25 to 34 years,"Food insecure, severe",35,5.4
2021,Ontario,,Persons 35 to 44 years,Food secure,35,79.2
2021,Ontario,,Persons 35 to 44 years,Food insecure,35,20.8
2021,Ontario,,Persons 35 to 44 years,"Food insecure, marginal",35,5.4
2021,Ontario,,Persons 35 to 44 years,"Food insecure, moderate or severe",35,15.4
2021,Ontario,,Persons 35 to 44 years,"Food insecure, moderate",35,10.9
2021,Ontario,,Persons 35 to 44 years,"Food insecure, severe",35,4.5
2021,Ontario,,Persons 45 to 54 years,Food secure,35,80.1
2021,Ontario,,Persons 45 to 54 years,Food insecure,35,19.9
2021,Ontario,,Persons 45 to 54 years,"Food insecure, marginal",35,5.2
2021,Ontario,,Persons 45 to 54 years,"Food insecure, moderate or severe",35,14.7
2021,Ontario,,Persons 45 to 54 years,"Food insecure, moderate",35,9.8
2021,Ontario,,Persons 45 to 54 years,"Food insecure, severe",35,4.9
2021,Ontario,,Persons 55 to 64 years,Food secure,35,83.0
2021,Ontario,,Persons 55 to 64 years,Food insecure,35,17.0
2021,Ontario,,Persons 55 to 64 years,"Food insecure, marginal",35,5.0
2021,Ontario,,Persons 55 to 64 years,"Food insecure, moderate or severe",35,12.0
2021,Ontario,,Persons 55 to 64 years,"Food insecure, moderate",35,7.7
2021,Ontario,,Persons 55 to 64 years,"Food insecure, severe",35,4.3
2021,Ontario,,Persons 65 years and over,Food secure,35,88.8
2021,Ontario,,Persons 65 years and over,Food insecure,35,11.2
2021,Ontario,,Persons 65 years and over,"Food insecure, marginal",35,4.3
2021,Ontario,,Persons 65 years and over,"Food insecure, moderate or severe",35,7.0
2021,Ontario,,Persons 65 years and over,"Food insecure, moderate",35,5.2
2021,Ontario,,Persons 65 years and over,"Food insecure, severe",35,1.8
2021,Ontario,,Males,Food secure,35,80.8
2021,Ontario,,Males,Food insecure,35,19.2
2021,Ontario,,Males,"Food insecure, marginal",35,5.2
2021,Ontario,,Males,"Food insecure, moderate or severe",35,13.9
2021,Ontario,,Males,"Food insecure, moderate",35,9.6
2021,Ontario,,Males,"Food insecure, severe",35,4.3
2021,Ontario,,"Males, under 18 years",Food secure,35,73.4
2021,Ontario,,"Males, under 18 years",Food insecure,35,26.6
2021,Ontario,,"Males, under 18 years","Food insecure, marginal",35,7.0
2021,Ontario,,"Males, under 18 years","Food insecure, moderate or severe",35,19.7
2021,Ontario,,"Males, under 18 years","Food insecure, moderate",35,15.3
2021,Ontario,,"Males, under 18 years","Food insecure, severe",35,4.3
2021,Ontario,,"Males, 18 to 64 years",Food secure,35,80.9
2021,Ontario,,"Males, 18 to 64 years",Food insecure,35,19.1
2021,Ontario,,"Males, 18 to 64 years","Food insecure, marginal",35,5.0
2021,Ontario,,"Males, 18 to 64 years","Food insecure, moderate or severe",35,14.1
2021,Ontario,,"Males, 18 to 64 years","Food insecure, moderate",35,9.2
2021,Ontario,,"Males, 18 to 64 years","Food insecure, severe",35,4.9
2021,Ontario,,"Males, 65 years and over",Food secure,35,89.3
2021,Ontario,,"Males, 65 years and over",Food insecure,35,10.7
2021,Ontario,,"Males, 65 years and over","Food insecure, marginal",35,4.1
2021,Ontario,,"Males, 65 years and over","Food insecure, moderate or severe",35,6.6
2021,Ontario,,"Males, 65 years and over","Food insecure, moderate",35,4.7
2021,Ontario,,"Males, 65 years and over","Food insecure, severe",35,1.9
2021,Ontario,,Females,Food secure,35,80.7
2021,Ontario,,Females,Food insecure,35,19.3
2021,Ontario,,Females,"Food insecure, marginal",35,5.5
2021,Ontario,,Females,"Food insecure, moderate or severe",35,13.9
2021,Ontario,,Females,"Food insecure, moderate",35,10.0
2021,Ontario,,Females,"Food insecure, severe",35,3.9
2021,Ontario,,"Females, under 18 years",Food secure,35,77.5
2021,Ontario,,"Females, under 18 years",Food insecure,35,22.5
2021,Ontario,,"Females, under 18 years","Food insecure, marginal",35,5.7
2021,Ontario,,"Females, under 18 years","Food insecure, moderate or severe",35,16.7
2021,Ontario,,"Females, under 18 years","Food insecure, moderate",35,12.8
2021,Ontario,,"Females, under 18 years","Food insecure, severe",35,4.0
2021,Ontario,,"Females, 18 to 64 years",Food secure,35,79.3
2021,Ontario,,"Females, 18 to 64 years",Food insecure,35,20.7
2021,Ontario,,"Females, 18 to 64 years","Food insecure, marginal",35,5.7
2021,Ontario,,"Females, 18 to 64 years","Food insecure, moderate or severe",35,15.0
2021,Ontario,,"Females, 18 to 64 years","Food insecure, moderate",35,10.5
2021,Ontario,,"Females, 18 to 64 years","Food insecure, severe",35,4.5
2021,Ontario,,"Females, 65 years and over",Food secure,35,88.3
2021,Ontario,,"Females, 65 years and over",Food insecure,35,11.7
2021,Ontario,,"Females, 65 years and over","Food insecure, marginal",35,4.4
2021,Ontario,,"Females, 65 years and over","Food insecure, moderate or severe",35,7.3
2021,Ontario,,"Females, 65 years and over","Food insecure, moderate",35,5.6
2021,Ontario,,"Females, 65 years and over","Food insecure, severe",35,1.7
2021,Ontario,,Visible minority population,Food secure,35,74.6
2021,Ontario,,Visible minority population,Food insecure,35,25.4
2021,Ontario,,Visible minority population,"Food insecure, marginal",35,6.8
2021,Ontario,,Visible minority population,"Food insecure, moderate or severe",35,18.5
2021,Ontario,,Visible minority population,"Food insecure, moderate",35,14.3
2021,Ontario,,Visible minority population,"Food insecure, severe",35,4.2
2021,Ontario,,South Asian,Food secure,35,78.6
2021,Ontario,,South Asian,Food insecure,35,21.4
2021,Ontario,,South Asian,"Food insecure, marginal",35,5.1
2021,Ontario,,South Asian,"Food insecure, moderate or severe",35,16.3
2021,Ontario,,South Asian,"Food insecure, moderate",35,14.8
2021,Ontario,,South Asian,"Food insecure, severe",35,1.5
2021,Ontario,,Chinese,Food secure,35,80.2
2021,Ontario,,Chinese,Food insecure,35,19.8
2021,Ontario,,Chinese,"Food insecure, marginal",35,3.4
2021,Ontario,,Chinese,"Food insecure, moderate or severe",35,16.4
2021,Ontario,,Chinese,"Food insecure, moderate",35,13.2
2021,Ontario,,Chinese,"Food insecure, severe",35,
2021,Ontario,,Black,Food secure,35,59.9
2021,Ontario,,Black,Food insecure,35,40.1
2021,Ontario,,Black,"Food insecure, marginal",35,9.8
2021,Ontario,,Black,"Food insecure, moderate or severe",35,30.3
2021,Ontario,,Black,"Food insecure, moderate",35,21.1
2021,Ontario,,Black,"Food insecure, severe",35,9.2
2021,Ontario,,Filipino,Food secure,35,64.9
2021,Ontario,,Filipino,Food insecure,35,35.1
2021,Ontario,,Filipino,"Food insecure, marginal",35,
2021,Ontario,,Filipino,"Food insecure, moderate or severe",35,20.7
2021,Ontario,,Filipino,"Food insecure, moderate",35,14.5
2021,Ontario,,Filipino,"Food insecure, severe",35,
2021,Ontario,,Arab,Food secure,35,72.5
2021,Ontario,,Arab,Food insecure,35,27.5
2021,Ontario,,Arab,"Food insecure, marginal",35,
2021,Ontario,,Arab,"Food insecure, moderate or severe",35,
2021,Ontario,,Arab,"Food insecure, moderate",35,8.0
2021,Ontario,,Arab,"Food insecure, severe",35,
2021,Ontario,,Latin American,Food secure,35,81.2
2021,Ontario,,Latin American,Food insecure,35,18.8
2021,Ontario,,Latin American,"Food insecure, marginal",35,
2021,Ontario,,Latin American,"Food insecure, moderate or severe",35,15.8
2021,Ontario,,Latin American,"Food insecure, moderate",35,
2021,Ontario,,Latin American,"Food insecure, severe",35,
2021,Ontario,,Southeast Asian,Food secure,35,78.4
2021,Ontario,,Southeast Asian,Food insecure,35,21.6
2021,Ontario,,Southeast Asian,"Food insecure, marginal",35,
2021,Ontario,,Southeast Asian,"Food insecure, moderate or severe",35,18.3
2021,Ontario,,Southeast Asian,"Food insecure, moderate",35,12.4
2021,Ontario,,Southeast Asian,"Food insecure, severe",35,
2021,Ontario,,Other visible minority,Food secure,35,74.2
2021,Ontario,,Other visible minority,Food insecure,35,25.8
2021,Ontario,,Other visible minority,"Food insecure, marginal",35,
2021,Ontario,,Other visible minority,"Food insecure, moderate or severe",35,18.4
2021,Ontario,,Other visible minority,"Food insecure, moderate",35,13.5
2021,Ontario,,Other visible minority,"Food insecure, severe",35,
2021,Ontario,,Not a visible minority,Food secure,35,84.3
2021,Ontario,,Not a visible minority,Food insecure,35,15.7
2021,Ontario,,Not a visible minority,"Food insecure, marginal",35,4.5
2021,Ontario,,Not a visible minority,"Food insecure, moderate or severe",35,11.2
2021,Ontario,,Not a visible minority,"Food insecure, moderate",35,7.2
2021,Ontario,,Not a visible minority,"Food insecure, severe",35,4.0
2021,Ontario,,Indigenous population,Food secure,35,64.0
2021,Ontario,,Indigenous population,Food insecure,35,36.0
2021,Ontario,,Indigenous population,"Food insecure, marginal",35,5.8
2021,Ontario,,Indigenous population,"Food insecure, moderate or severe",35,30.2
2021,Ontario,,Indigenous population,"Food insecure, moderate",35,15.3
2021,Ontario,,Indigenous population,"Food insecure, severe",35,14.9
2021,Ontario,,Non-Indigenous population,Food secure,35,81.1
2021,Ontario,,Non-Indigenous population,Food insecure,35,18.9
2021,Ontario,,Non-Indigenous population,"Food insecure, marginal",35,5.3
2021,Ontario,,Non-Indigenous population,"Food insecure, moderate or severe",35,13.6
2021,Ontario,,Non-Indigenous population,"Food insecure, moderate",35,9.7
2021,Ontario,,Non-Indigenous population,"Food insecure, severe",35,3.9
2021,Ontario,,Not a visible minority nor Indigenous,Food secure,35,84.8
2021,Ontario,,Not a visible minority nor Indigenous,Food insecure,35,15.2
2021,Ontario,,Not a visible minority nor Indigenous,"Food insecure, marginal",35,4.5
2021,Ontario,,Not a visible minority nor Indigenous,"Food insecure, moderate or severe",35,10.7
2021,Ontario,,Not a visible minority nor Indigenous,"Food insecure, moderate",35,7.0
2021,Ontario,,Not a visible minority nor Indigenous,"Food insecure, severe",35,3.7
2021,Ontario,,All persons aged 15 years and over,Food secure,35,81.8
2021,Ontario,,All persons aged 15 years and over,Food insecure,35,18.2
2021,Ontario,,All persons aged 15 years and over,"Food insecure, marginal",35,5.1
2021,Ontario,,All persons aged 15 years and over,"Food insecure, moderate or severe",35,13.1
2021,Ontario,,All persons aged 15 years and over,"Food insecure, moderate",35,9.0
2021,Ontario,,All persons aged 15 years and over,"Food insecure, severe",35,4.1
2021,Ontario,,Indigenous population aged 15 years and over,Food secure,35,66.8
2021,Ontario,,Indigenous population aged 15 years and over,Food insecure,35,33.2
2021,Ontario,,Indigenous population aged 15 years and over,"Food insecure, marginal",35,4.6
2021,Ontario,,Indigenous population aged 15 years and over,"Food insecure, moderate or severe",35,28.6
2021,Ontario,,Indigenous population aged 15 years and over,"Food insecure, moderate",35,16.1
2021,Ontario,,Indigenous population aged 15 years and over,"Food insecure, severe",35,12.5
2021,Ontario,,First Nations aged 15 years and over,Food secure,35,63.9
2021,Ontario,,First Nations aged 15 years and over,Food insecure,35,36.1
2021,Ontario,,First Nations aged 15 years and over,"Food insecure, marginal",35,
2021,Ontario,,First Nations aged 15 years and over,"Food insecure, moderate or severe",35,31.6
2021,Ontario,,First Nations aged 15 years and over,"Food insecure, moderate",35,17.3
2021,Ontario,,First Nations aged 15 years and over,"Food insecure, severe",35,14.3
2021,Ontario,,Métis aged 15 years and over,Food secure,35,70.3
2021,Ontario,,Métis aged 15 years and over,Food insecure,35,29.7
2021,Ontario,,Métis aged 15 years and over,"Food insecure, marginal",35,
2021,Ontario,,Métis aged 15 years and over,"Food insecure, moderate or severe",35,25.2
2021,Ontario,,Métis aged 15 years and over,"Food insecure, moderate",35,14.5
2021,Ontario,,Métis aged 15 years and over,"Food insecure, severe",35,10.6
2021,Ontario,,Non-Indigenous population aged 15 years and over,Food secure,35,82.0
2021,Ontario,,Non-Indigenous population aged 15 years and over,Food insecure,35,18.0
2021,Ontario,,Non-Indigenous population aged 15 years and over,"Food insecure, marginal",35,5.1
2021,Ontario,,Non-Indigenous population aged 15 years and over,"Food insecure, moderate or severe",35,12.9
2021,Ontario,,Non-Indigenous population aged 15 years and over,"Food insecure, moderate",35,8.9
2021,Ontario,,Non-Indigenous population aged 15 years and over,"Food insecure, severe",35,4.0
2021,Ontario,,Immigrants aged 15 years and over,Food secure,35,78.0
2021,Ontario,,Immigrants aged 15 years and over,Food insecure,35,22.0
2021,Ontario,,Immigrants aged 15 years and over,"Food insecure, marginal",35,6.8
2021,Ontario,,Immigrants aged 15 years and over,"Food insecure, moderate or severe",35,15.2
2021,Ontario,,Immigrants aged 15 years and over,"Food insecure, moderate",35,11.8
2021,Ontario,,Immigrants aged 15 years and over,"Food insecure, severe",35,3.4
2021,Ontario,,Recent immigrants (10 years or less) aged 15 years and over,Food secure,35,72.8
2021,Ontario,,Recent immigrants (10 years or less) aged 15 years and over,Food insecure,35,27.2
2021,Ontario,,Recent immigrants (10 years or less) aged 15 years and over,"Food insecure, marginal",35,8.4
2021,Ontario,,Recent immigrants (10 years or less) aged 15 years and over,"Food insecure, moderate or severe",35,18.8
2021,Ontario,,Recent immigrants (10 years or less) aged 15 years and over,"Food insecure, moderate",35,14.3
2021,Ontario,,Recent immigrants (10 years or less) aged 15 years and over,"Food insecure, severe",35,
2021,Ontario,,Very recent immigrants (5 years or less) aged 15 years and over,Food secure,35,73.0
2021,Ontario,,Very recent immigrants (5 years or less) aged 15 years and over,Food insecure,35,27.0
2021,Ontario,,Very recent immigrants (5 years or less) aged 15 years and over,"Food insecure, marginal",35,5.8
2021,Ontario,,Very recent immigrants (5 years or less) aged 15 years and over,"Food insecure, moderate or severe",35,21.2
2021,Ontario,,Very recent immigrants (5 years or less) aged 15 years and over,"Food insecure, moderate",35,14.7
2021,Ontario,,Very recent immigrants (5 years or less) aged 15 years and over,"Food insecure, severe",35,
2021,Ontario,,Persons aged 15 years and over born in Canada,Food secure,35,84.0
2021,Ontario,,Persons aged 15 years and over born in Canada,Food insecure,35,16.0
2021,Ontario,,Persons aged 15 years and over born in Canada,"Food insecure, marginal",35,4.3
2021,Ontario,,Persons aged 15 years and over born in Canada,"Food insecure, moderate or severe",35,11.8
2021,Ontario,,Persons aged 15 years and over born in Canada,"Food insecure, moderate",35,7.4
2021,Ontario,,Persons aged 15 years and over born in Canada,"Food insecure, severe",35,4.3
2021,Prairie provinces,,All persons,Food secure,,78.9
2021,Prairie provinces,,All persons,Food insecure,,21.1
2021,Prairie provinces,,All persons,"Food insecure, marginal",,5.8
2021,Prairie provinces,,All persons,"Food insecure, moderate or severe",,15.3
2021,Prairie provinces,,All persons,"Food insecure, moderate",,9.3
2021,Prairie provinces,,All persons,"Food insecure, severe",,6.0
2021,Prairie provinces,,Persons under 18 years,Food secure,,73.2
2021,Prairie provinces,,Persons under 18 years,Food insecure,,26.8
2021,Prairie provinces,,Persons under 18 years,"Food insecure, marginal",,8.2
2021,Prairie provinces,,Persons under 18 years,"Food insecure, moderate or severe",,18.5
2021,Prairie provinces,,Persons under 18 years,"Food insecure, moderate",,12.2
2021,Prairie provinces,,Persons under 18 years,"Food insecure, severe",,6.4
2021,Prairie provinces,,Persons 18 to 64 years,Food secure,,78.5
2021,Prairie provinces,,Persons 18 to 64 years,Food insecure,,21.5
2021,Prairie provinces,,Persons 18 to 64 years,"Food insecure, marginal",,5.6
2021,Prairie provinces,,Persons 18 to 64 years,"Food insecure, moderate or severe",,15.9
2021,Prairie provinces,,Persons 18 to 64 years,"Food insecure, moderate",,9.2
2021,Prairie provinces,,Persons 18 to 64 years,"Food insecure, severe",,6.7
2021,Prairie provinces,,Persons 18 to 24 years,Food secure,,78.1
2021,Prairie provinces,,Persons 18 to 24 years,Food insecure,,21.9
2021,Prairie provinces,,Persons 18 to 24 years,"Food insecure, marginal",,5.5
2021,Prairie provinces,,Persons 18 to 24 years,"Food insecure, moderate or severe",,16.4
2021,Prairie provinces,,Persons 18 to 24 years,"Food insecure, moderate",,8.1
2021,Prairie provinces,,Persons 18 to 24 years,"Food insecure, severe",,8.3
2021,Prairie provinces,,Persons 25 to 34 years,Food secure,,78.2
2021,Prairie provinces,,Persons 25 to 34 years,Food insecure,,21.8
2021,Prairie provinces,,Persons 25 to 34 years,"Food insecure, marginal",,5.4
2021,Prairie provinces,,Persons 25 to 34 years,"Food insecure, moderate or severe",,16.4
2021,Prairie provinces,,Persons 25 to 34 years,"Food insecure, moderate",,9.7
2021,Prairie provinces,,Persons 25 to 34 years,"Food insecure, severe",,6.7
2021,Prairie provinces,,Persons 35 to 44 years,Food secure,,75.3
2021,Prairie provinces,,Persons 35 to 44 years,Food insecure,,24.7
2021,Prairie provinces,,Persons 35 to 44 years,"Food insecure, marginal",,7.4
2021,Prairie provinces,,Persons 35 to 44 years,"Food insecure, moderate or severe",,17.3
2021,Prairie provinces,,Persons 35 to 44 years,"Food insecure, moderate",,11.1
2021,Prairie provinces,,Persons 35 to 44 years,"Food insecure, severe",,6.2
2021,Prairie provinces,,Persons 45 to 54 years,Food secure,,78.2
2021,Prairie provinces,,Persons 45 to 54 years,Food insecure,,21.8
2021,Prairie provinces,,Persons 45 to 54 years,"Food insecure, marginal",,5.1
2021,Prairie provinces,,Persons 45 to 54 years,"Food insecure, moderate or severe",,16.7
2021,Prairie provinces,,Persons 45 to 54 years,"Food insecure, moderate",,9.8
2021,Prairie provinces,,Persons 45 to 54 years,"Food insecure, severe",,6.9
2021,Prairie provinces,,Persons 55 to 64 years,Food secure,,83.3
2021,Prairie provinces,,Persons 55 to 64 years,Food insecure,,16.7
2021,Prairie provinces,,Persons 55 to 64 years,"Food insecure, marginal",,4.2
2021,Prairie provinces,,Persons 55 to 64 years,"Food insecure, moderate or severe",,12.5
2021,Prairie provinces,,Persons 55 to 64 years,"Food insecure, moderate",,6.5
2021,Prairie provinces,,Persons 55 to 64 years,"Food insecure, severe",,6.0
2021,Prairie provinces,,Persons 65 years and over,Food secure,,88.8
2021,Prairie provinces,,Persons 65 years and over,Food insecure,,11.2
2021,Prairie provinces,,Persons 65 years and over,"Food insecure, marginal",,3.4
2021,Prairie provinces,,Persons 65 years and over,"Food insecure, moderate or severe",,7.8
2021,Prairie provinces,,Persons 65 years and over,"Food insecure, moderate",,5.2
2021,Prairie provinces,,Persons 65 years and over,"Food insecure, severe",,2.6
2021,Prairie provinces,,Males,Food secure,,79.6
2021,Prairie provinces,,Males,Food insecure,,20.4
2021,Prairie provinces,,Males,"Food insecure, marginal",,5.8
2021,Prairie provinces,,Males,"Food insecure, moderate or severe",,14.6
2021,Prairie provinces,,Males,"Food insecure, moderate",,8.8
2021,Prairie provinces,,Males,"Food insecure, severe",,5.7
2021,Prairie provinces,,"Males, under 18 years",Food secure,,73.9
2021,Prairie provinces,,"Males, under 18 years",Food insecure,,26.1
2021,Prairie provinces,,"Males, under 18 years","Food insecure, marginal",,8.5
2021,Prairie provinces,,"Males, under 18 years","Food insecure, moderate or severe",,17.7
2021,Prairie provinces,,"Males, under 18 years","Food insecure, moderate",,12.0
2021,Prairie provinces,,"Males, under 18 years","Food insecure, severe",,5.7
2021,Prairie provinces,,"Males, 18 to 64 years",Food secure,,79.4
2021,Prairie provinces,,"Males, 18 to 64 years",Food insecure,,20.6
2021,Prairie provinces,,"Males, 18 to 64 years","Food insecure, marginal",,5.4
2021,Prairie provinces,,"Males, 18 to 64 years","Food insecure, moderate or severe",,15.2
2021,Prairie provinces,,"Males, 18 to 64 years","Food insecure, moderate",,8.8
2021,Prairie provinces,,"Males, 18 to 64 years","Food insecure, severe",,6.4
2021,Prairie provinces,,"Males, 65 years and over",Food secure,,89.3
2021,Prairie provinces,,"Males, 65 years and over",Food insecure,,10.7
2021,Prairie provinces,,"Males, 65 years and over","Food insecure, marginal",,3.6
2021,Prairie provinces,,"Males, 65 years and over","Food insecure, moderate or severe",,7.0
2021,Prairie provinces,,"Males, 65 years and over","Food insecure, moderate",,4.1
2021,Prairie provinces,,"Males, 65 years and over","Food insecure, severe",,2.9
2021,Prairie provinces,,Females,Food secure,,78.1
2021,Prairie provinces,,Females,Food insecure,,21.9
2021,Prairie provinces,,Females,"Food insecure, marginal",,5.9
2021,Prairie provinces,,Females,"Food insecure, moderate or severe",,16.0
2021,Prairie provinces,,Females,"Food insecure, moderate",,9.7
2021,Prairie provinces,,Females,"Food insecure, severe",,6.3
2021,Prairie provinces,,"Females, under 18 years",Food secure,,72.6
2021,Prairie provinces,,"Females, under 18 years",Food insecure,,27.4
2021,Prairie provinces,,"Females, under 18 years","Food insecure, marginal",,7.9
2021,Prairie provinces,,"Females, under 18 years","Food insecure, moderate or severe",,19.4
2021,Prairie provinces,,"Females, under 18 years","Food insecure, moderate",,12.3
2021,Prairie provinces,,"Females, under 18 years","Food insecure, severe",,7.1
2021,Prairie provinces,,"Females, 18 to 64 years",Food secure,,77.5
2021,Prairie provinces,,"Females, 18 to 64 years",Food insecure,,22.5
2021,Prairie provinces,,"Females, 18 to 64 years","Food insecure, marginal",,5.8
2021,Prairie provinces,,"Females, 18 to 64 years","Food insecure, moderate or severe",,16.7
2021,Prairie provinces,,"Females, 18 to 64 years","Food insecure, moderate",,9.6
2021,Prairie provinces,,"Females, 18 to 64 years","Food insecure, severe",,7.1
2021,Prairie provinces,,"Females, 65 years and over",Food secure,,88.3
2021,Prairie provinces,,"Females, 65 years and over",Food insecure,,11.7
2021,Prairie provinces,,"Females, 65 years and over","Food insecure, marginal",,3.2
2021,Prairie provinces,,"Females, 65 years and over","Food insecure, moderate or severe",,8.5
2021,Prairie provinces,,"Females, 65 years and over","Food insecure, moderate",,6.2
2021,Prairie provinces,,"Females, 65 years and over","Food insecure, severe",,2.3
2021,Prairie provinces,,Visible minority population,Food secure,,76.2
2021,Prairie provinces,,Visible minority population,Food insecure,,23.8
2021,Prairie provinces,,Visible minority population,"Food insecure, marginal",,5.7
2021,Prairie provinces,,Visible minority population,"Food insecure, moderate or severe",,18.1
2021,Prairie provinces,,Visible minority population,"Food insecure, moderate",,12.2
2021,Prairie provinces,,Visible minority population,"Food insecure, severe",,5.9
2021,Prairie provinces,,South Asian,Food secure,,75.2
2021,Prairie provinces,,South Asian,Food insecure,,24.8
2021,Prairie provinces,,South Asian,"Food insecure, marginal",,
2021,Prairie provinces,,South Asian,"Food insecure, moderate or severe",,17.4
2021,Prairie provinces,,South Asian,"Food insecure, moderate",,12.2
2021,Prairie provinces,,South Asian,"Food insecure, severe",,
2021,Prairie provinces,,Chinese,Food secure,,89.4
2021,Prairie provinces,,Chinese,Food insecure,,10.6
2021,Prairie provinces,,Chinese,"Food insecure, marginal",,
2021,Prairie provinces,,Chinese,"Food insecure, moderate or severe",,
2021,Prairie provinces,,Chinese,"Food insecure, moderate",,
2021,Prairie provinces,,Chinese,"Food insecure, severe",,
2021,Prairie provinces,,Black,Food secure,,64.9
2021,Prairie provinces,,Black,Food insecure,,35.1
2021,Prairie provinces,,Black,"Food insecure, marginal",,
2021,Prairie provinces,,Black,"Food insecure, moderate or severe",,29.8
2021,Prairie provinces,,Black,"Food insecure, moderate",,18.9
2021,Prairie provinces,,Black,"Food insecure, severe",,
2021,Prairie provinces,,Filipino,Food secure,,73.8
2021,Prairie provinces,,Filipino,Food insecure,,26.2
2021,Prairie provinces,,Filipino,"Food insecure, marginal",,4.8
2021,Prairie provinces,,Filipino,"Food insecure, moderate or severe",,21.4
2021,Prairie provinces,,Filipino,"Food insecure, moderate",,15.5
2021,Prairie provinces,,Filipino,"Food insecure, severe",,
2021,Prairie provinces,,Arab,Food secure,,71.6
2021,Prairie provinces,,Arab,Food insecure,,28.4
2021,Prairie provinces,,Arab,"Food insecure, marginal",,
2021,Prairie provinces,,Arab,"Food insecure, moderate or severe",,
2021,Prairie provinces,,Arab,"Food insecure, moderate",,
2021,Prairie provinces,,Arab,"Food insecure, severe",,
2021,Prairie provinces,,Latin American,Food secure,,83.3
2021,Prairie provinces,,Latin American,Food insecure,,
2021,Prairie provinces,,Latin American,"Food insecure, marginal",,
2021,Prairie provinces,,Latin American,"Food insecure, moderate or severe",,
2021,Prairie provinces,,Latin American,"Food insecure, moderate",,
2021,Prairie provinces,,Latin American,"Food insecure, severe",,
2021,Prairie provinces,,Southeast Asian,Food secure,,85.4
2021,Prairie provinces,,Southeast Asian,Food insecure,,
2021,Prairie provinces,,Southeast Asian,"Food insecure, marginal",,
2021,Prairie provinces,,Southeast Asian,"Food insecure, moderate or severe",,
2021,Prairie provinces,,Southeast Asian,"Food insecure, moderate",,
2021,Prairie provinces,,Southeast Asian,"Food insecure, severe",,
2021,Prairie provinces,,Other visible minority,Food secure,,77.7
2021,Prairie provinces,,Other visible minority,Food insecure,,22.3
2021,Prairie provinces,,Other visible minority,"Food insecure, marginal",,
2021,Prairie provinces,,Other visible minority,"Food insecure, moderate or severe",,
2021,Prairie provinces,,Other visible minority,"Food insecure, moderate",,
2021,Prairie provinces,,Other visible minority,"Food insecure, severe",,
2021,Prairie provinces,,Not a visible minority,Food secure,,79.9
2021,Prairie provinces,,Not a visible minority,Food insecure,,20.1
2021,Prairie provinces,,Not a visible minority,"Food insecure, marginal",,5.9
2021,Prairie provinces,,Not a visible minority,"Food insecure, moderate or severe",,14.1
2021,Prairie provinces,,Not a visible minority,"Food insecure, moderate",,8.1
2021,Prairie provinces,,Not a visible minority,"Food insecure, severe",,6.1
2021,Prairie provinces,,Indigenous population,Food secure,,68.8
2021,Prairie provinces,,Indigenous population,Food insecure,,31.2
2021,Prairie provinces,,Indigenous population,"Food insecure, marginal",,8.1
2021,Prairie provinces,,Indigenous population,"Food insecure, moderate or severe",,23.1
2021,Prairie provinces,,Indigenous population,"Food insecure, moderate",,12.1
2021,Prairie provinces,,Indigenous population,"Food insecure, severe",,11.0
2021,Prairie provinces,,Non-Indigenous population,Food secure,,79.5
2021,Prairie provinces,,Non-Indigenous population,Food insecure,,20.5
2021,Prairie provinces,,Non-Indigenous population,"Food insecure, marginal",,5.7
2021,Prairie provinces,,Non-Indigenous population,"Food insecure, moderate or severe",,14.8
2021,Prairie provinces,,Non-Indigenous population,"Food insecure, moderate",,9.1
2021,Prairie provinces,,Non-Indigenous population,"Food insecure, severe",,5.7
2021,Prairie provinces,,Not a visible minority nor Indigenous,Food secure,,81.0
2021,Prairie provinces,,Not a visible minority nor Indigenous,Food insecure,,19.0
2021,Prairie provinces,,Not a visible minority nor Indigenous,"Food insecure, marginal",,5.7
2021,Prairie provinces,,Not a visible minority nor Indigenous,"Food insecure, moderate or severe",,13.3
2021,Prairie provinces,,Not a visible minority nor Indigenous,"Food insecure, moderate",,7.7
2021,Prairie provinces,,Not a visible minority nor Indigenous,"Food insecure, severe",,5.6
2021,Prairie provinces,,All persons aged 15 years and over,Food secure,,80.3
2021,Prairie provinces,,All persons aged 15 years and over,Food insecure,,19.7
2021,Prairie provinces,,All persons aged 15 years and over,"Food insecure, marginal",,5.3
2021,Prairie provinces,,All persons aged 15 years and over,"Food insecure, moderate or severe",,14.4
2021,Prairie provinces,,All persons aged 15 years and over,"Food insecure, moderate",,8.5
2021,Prairie provinces,,All persons aged 15 years and over,"Food insecure, severe",,5.9
2021,Prairie provinces,,Indigenous population aged 15 years and over,Food secure,,69.9
2021,Prairie provinces,,Indigenous population aged 15 years and over,Food insecure,,30.1
2021,Prairie provinces,,Indigenous population aged 15 years and over,"Food insecure, marginal",,7.1
2021,Prairie provinces,,Indigenous population aged 15 years and over,"Food insecure, moderate or severe",,23.0
2021,Prairie provinces,,Indigenous population aged 15 years and over,"Food insecure, moderate",,11.8
2021,Prairie provinces,,Indigenous population aged 15 years and over,"Food insecure, severe",,11.1
2021,Prairie provinces,,First Nations aged 15 years and over,Food secure,,57.4
2021,Prairie provinces,,First Nations aged 15 years and over,Food insecure,,42.6
2021,Prairie provinces,,First Nations aged 15 years and over,"Food insecure, marginal",,7.0
2021,Prairie provinces,,First Nations aged 15 years and over,"Food insecure, moderate or severe",,35.6
2021,Prairie provinces,,First Nations aged 15 years and over,"Food insecure, moderate",,17.7
2021,Prairie provinces,,First Nations aged 15 years and over,"Food insecure, severe",,17.9
2021,Prairie provinces,,Métis aged 15 years and over,Food secure,,76.6
2021,Prairie provinces,,Métis aged 15 years and over,Food insecure,,23.4
2021,Prairie provinces,,Métis aged 15 years and over,"Food insecure, marginal",,7.2
2021,Prairie provinces,,Métis aged 15 years and over,"Food insecure, moderate or severe",,16.2
2021,Prairie provinces,,Métis aged 15 years and over,"Food insecure, moderate",,8.7
2021,Prairie provinces,,Métis aged 15 years and over,"Food insecure, severe",,7.5
2021,Prairie provinces,,Non-Indigenous population aged 15 years and over,Food secure,,80.9
2021,Prairie provinces,,Non-Indigenous population aged 15 years and over,Food insecure,,19.1
2021,Prairie provinces,,Non-Indigenous population aged 15 years and over,"Food insecure, marginal",,5.2
2021,Prairie provinces,,Non-Indigenous population aged 15 years and over,"Food insecure, moderate or severe",,13.9
2021,Prairie provinces,,Non-Indigenous population aged 15 years and over,"Food insecure, moderate",,8.3
2021,Prairie provinces,,Non-Indigenous population aged 15 years and over,"Food insecure, severe",,5.6
2021,Prairie provinces,,Immigrants aged 15 years and over,Food secure,,77.5
2021,Prairie provinces,,Immigrants aged 15 years and over,Food insecure,,22.5
2021,Prairie provinces,,Immigrants aged 15 years and over,"Food insecure, marginal",,5.5
2021,Prairie provinces,,Immigrants aged 15 years and over,"Food insecure, moderate or severe",,17.0
2021,Prairie provinces,,Immigrants aged 15 years and over,"Food insecure, moderate",,11.3
2021,Prairie provinces,,Immigrants aged 15 years and over,"Food insecure, severe",,5.7
2021,Prairie provinces,,Recent immigrants (10 years or less) aged 15 years and over,Food secure,,70.6
2021,Prairie provinces,,Recent immigrants (10 years or less) aged 15 years and over,Food insecure,,29.4
2021,Prairie provinces,,Recent immigrants (10 years or less) aged 15 years and over,"Food insecure, marginal",,7.7
2021,Prairie provinces,,Recent immigrants (10 years or less) aged 15 years and over,"Food insecure, moderate or severe",,21.7
2021,Prairie provinces,,Recent immigrants (10 years or less) aged 15 years and over,"Food insecure, moderate",,13.3
2021,Prairie provinces,,Recent immigrants (10 years or less) aged 15 years and over,"Food insecure, severe",,
2021,Prairie provinces,,Very recent immigrants (5 years or less) aged 15 years and over,Food secure,,69.4
2021,Prairie provinces,,Very recent immigrants (5 years or less) aged 15 years and over,Food insecure,,30.6
2021,Prairie provinces,,Very recent immigrants (5 years or less) aged 15 years and over,"Food insecure, marginal",,7.6
2021,Prairie provinces,,Very recent immigrants (5 years or less) aged 15 years and over,"Food insecure, moderate or severe",,23.0
2021,Prairie provinces,,Very recent immigrants (5 years or less) aged 15 years and over,"Food insecure, moderate",,15.2
2021,Prairie provinces,,Very recent immigrants (5 years or less) aged 15 years and over,"Food insecure, severe",,
2021,Prairie provinces,,Persons aged 15 years and over born in Canada,Food secure,,81.1
2021,Prairie provinces,,Persons aged 15 years and over born in Canada,Food insecure,,18.9
2021,Prairie provinces,,Persons aged 15 years and over born in Canada,"Food insecure, marginal",,5.2
2021,Prairie provinces,,Persons aged 15 years and over born in Canada,"Food insecure, moderate or severe",,13.7
2021,Prairie provinces,,Persons aged 15 years and over born in Canada,"Food insecure, moderate",,7.5
2021,Prairie provinces,,Persons aged 15 years and over born in Canada,"Food insecure, severe",,6.1
2021,Manitoba,,All persons,Food secure,46,80.4
2021,Manitoba,,All persons,Food insecure,46,19.6
2021,Manitoba,,All persons,"Food insecure, marginal",46,5.9
2021,Manitoba,,All persons,"Food insecure, moderate or severe",46,13.7
2021,Manitoba,,All persons,"Food insecure, moderate",46,9.2
2021,Manitoba,,All persons,"Food insecure, severe",46,4.5
2021,Manitoba,,Persons under 18 years,Food secure,46,74.3
2021,Manitoba,,Persons under 18 years,Food insecure,46,25.7
2021,Manitoba,,Persons under 18 years,"Food insecure, marginal",46,8.4
2021,Manitoba,,Persons under 18 years,"Food insecure, moderate or severe",46,17.3
2021,Manitoba,,Persons under 18 years,"Food insecure, moderate",46,11.5
2021,Manitoba,,Persons under 18 years,"Food insecure, severe",46,5.9
2021,Manitoba,,Persons 18 to 64 years,Food secure,46,79.7
2021,Manitoba,,Persons 18 to 64 years,Food insecure,46,20.3
2021,Manitoba,,Persons 18 to 64 years,"Food insecure, marginal",46,5.7
2021,Manitoba,,Persons 18 to 64 years,"Food insecure, moderate or severe",46,14.6
2021,Manitoba,,Persons 18 to 64 years,"Food insecure, moderate",46,9.9
2021,Manitoba,,Persons 18 to 64 years,"Food insecure, severe",46,4.8
2021,Manitoba,,Persons 18 to 24 years,Food secure,46,77.0
2021,Manitoba,,Persons 18 to 24 years,Food insecure,46,23.0
2021,Manitoba,,Persons 18 to 24 years,"Food insecure, marginal",46,5.6
2021,Manitoba,,Persons 18 to 24 years,"Food insecure, moderate or severe",46,17.4
2021,Manitoba,,Persons 18 to 24 years,"Food insecure, moderate",46,10.5
2021,Manitoba,,Persons 18 to 24 years,"Food insecure, severe",46,6.9
2021,Manitoba,,Persons 25 to 34 years,Food secure,46,79.6
2021,Manitoba,,Persons 25 to 34 years,Food insecure,46,20.4
2021,Manitoba,,Persons 25 to 34 years,"Food insecure, marginal",46,6.4
2021,Manitoba,,Persons 25 to 34 years,"Food insecure, moderate or severe",46,14.0
2021,Manitoba,,Persons 25 to 34 years,"Food insecure, moderate",46,9.2
2021,Manitoba,,Persons 25 to 34 years,"Food insecure, severe",46,4.8
2021,Manitoba,,Persons 35 to 44 years,Food secure,46,77.8
2021,Manitoba,,Persons 35 to 44 years,Food insecure,46,22.2
2021,Manitoba,,Persons 35 to 44 years,"Food insecure, marginal",46,7.0
2021,Manitoba,,Persons 35 to 44 years,"Food insecure, moderate or severe",46,15.2
2021,Manitoba,,Persons 35 to 44 years,"Food insecure, moderate",46,10.5
2021,Manitoba,,Persons 35 to 44 years,"Food insecure, severe",46,4.7
2021,Manitoba,,Persons 45 to 54 years,Food secure,46,79.4
2021,Manitoba,,Persons 45 to 54 years,Food insecure,46,20.6
2021,Manitoba,,Persons 45 to 54 years,"Food insecure, marginal",46,5.2
2021,Manitoba,,Persons 45 to 54 years,"Food insecure, moderate or severe",46,15.4
2021,Manitoba,,Persons 45 to 54 years,"Food insecure, moderate",46,11.1
2021,Manitoba,,Persons 45 to 54 years,"Food insecure, severe",46,4.2
2021,Manitoba,,Persons 55 to 64 years,Food secure,46,83.8
2021,Manitoba,,Persons 55 to 64 years,Food insecure,46,16.2
2021,Manitoba,,Persons 55 to 64 years,"Food insecure, marginal",46,4.0
2021,Manitoba,,Persons 55 to 64 years,"Food insecure, moderate or severe",46,12.2
2021,Manitoba,,Persons 55 to 64 years,"Food insecure, moderate",46,8.3
2021,Manitoba,,Persons 55 to 64 years,"Food insecure, severe",46,3.9
2021,Manitoba,,Persons 65 years and over,Food secure,46,91.3
2021,Manitoba,,Persons 65 years and over,Food insecure,46,8.7
2021,Manitoba,,Persons 65 years and over,"Food insecure, marginal",46,3.5
2021,Manitoba,,Persons 65 years and over,"Food insecure, moderate or severe",46,5.2
2021,Manitoba,,Persons 65 years and over,"Food insecure, moderate",46,3.8
2021,Manitoba,,Persons 65 years and over,"Food insecure, severe",46,1.3
2021,Manitoba,,Males,Food secure,46,80.8
2021,Manitoba,,Males,Food insecure,46,19.2
2021,Manitoba,,Males,"Food insecure, marginal",46,5.5
2021,Manitoba,,Males,"Food insecure, moderate or severe",46,13.7
2021,Manitoba,,Males,"Food insecure, moderate",46,9.3
2021,Manitoba,,Males,"Food insecure, severe",46,4.4
2021,Manitoba,,"Males, under 18 years",Food secure,46,74.8
2021,Manitoba,,"Males, under 18 years",Food insecure,46,25.2
2021,Manitoba,,"Males, under 18 years","Food insecure, marginal",46,7.2
2021,Manitoba,,"Males, under 18 years","Food insecure, moderate or severe",46,18.0
2021,Manitoba,,"Males, under 18 years","Food insecure, moderate",46,11.0
2021,Manitoba,,"Males, under 18 years","Food insecure, severe",46,7.0
2021,Manitoba,,"Males, 18 to 64 years",Food secure,46,80.1
2021,Manitoba,,"Males, 18 to 64 years",Food insecure,46,19.9
2021,Manitoba,,"Males, 18 to 64 years","Food insecure, marginal",46,5.5
2021,Manitoba,,"Males, 18 to 64 years","Food insecure, moderate or severe",46,14.3
2021,Manitoba,,"Males, 18 to 64 years","Food insecure, moderate",46,10.1
2021,Manitoba,,"Males, 18 to 64 years","Food insecure, severe",46,4.3
2021,Manitoba,,"Males, 65 years and over",Food secure,46,92.2
2021,Manitoba,,"Males, 65 years and over",Food insecure,46,7.8
2021,Manitoba,,"Males, 65 years and over","Food insecure, marginal",46,3.0
2021,Manitoba,,"Males, 65 years and over","Food insecure, moderate or severe",46,4.8
2021,Manitoba,,"Males, 65 years and over","Food insecure, moderate",46,3.9
2021,Manitoba,,"Males, 65 years and over","Food insecure, severe",46,
2021,Manitoba,,Females,Food secure,46,80.0
2021,Manitoba,,Females,Food insecure,46,20.0
2021,Manitoba,,Females,"Food insecure, marginal",46,6.4
2021,Manitoba,,Females,"Food insecure, moderate or severe",46,13.7
2021,Manitoba,,Females,"Food insecure, moderate",46,9.1
2021,Manitoba,,Females,"Food insecure, severe",46,4.6
2021,Manitoba,,"Females, under 18 years",Food secure,46,73.7
2021,Manitoba,,"Females, under 18 years",Food insecure,46,26.3
2021,Manitoba,,"Females, under 18 years","Food insecure, marginal",46,9.6
2021,Manitoba,,"Females, under 18 years","Food insecure, moderate or severe",46,16.6
2021,Manitoba,,"Females, under 18 years","Food insecure, moderate",46,11.9
2021,Manitoba,,"Females, under 18 years","Food insecure, severe",46,4.7
2021,Manitoba,,"Females, 18 to 64 years",Food secure,46,79.2
2021,Manitoba,,"Females, 18 to 64 years",Food insecure,46,20.8
2021,Manitoba,,"Females, 18 to 64 years","Food insecure, marginal",46,5.8
2021,Manitoba,,"Females, 18 to 64 years","Food insecure, moderate or severe",46,15.0
2021,Manitoba,,"Females, 18 to 64 years","Food insecure, moderate",46,9.7
2021,Manitoba,,"Females, 18 to 64 years","Food insecure, severe",46,5.3
2021,Manitoba,,"Females, 65 years and over",Food secure,46,90.5
2021,Manitoba,,"Females, 65 years and over",Food insecure,46,9.5
2021,Manitoba,,"Females, 65 years and over","Food insecure, marginal",46,4.0
2021,Manitoba,,"Females, 65 years and over","Food insecure, moderate or severe",46,5.5
2021,Manitoba,,"Females, 65 years and over","Food insecure, moderate",46,3.8
2021,Manitoba,,"Females, 65 years and over","Food insecure, severe",46,1.7
2021,Manitoba,,Visible minority population,Food secure,46,75.6
2021,Manitoba,,Visible minority population,Food insecure,46,24.4
2021,Manitoba,,Visible minority population,"Food insecure, marginal",46,8.1
2021,Manitoba,,Visible minority population,"Food insecure, moderate or severe",46,16.3
2021,Manitoba,,Visible minority population,"Food insecure, moderate",46,11.4
2021,Manitoba,,Visible minority population,"Food insecure, severe",46,4.9
2021,Manitoba,,South Asian,Food secure,46,77.9
2021,Manitoba,,South Asian,Food insecure,46,22.1
2021,Manitoba,,South Asian,"Food insecure, marginal",46,
2021,Manitoba,,South Asian,"Food insecure, moderate or severe",46,
2021,Manitoba,,South Asian,"Food insecure, moderate",46,
2021,Manitoba,,South Asian,"Food insecure, severe",46,
2021,Manitoba,,Chinese,Food secure,46,88.3
2021,Manitoba,,Chinese,Food insecure,46,11.7
2021,Manitoba,,Chinese,"Food insecure, marginal",46,
2021,Manitoba,,Chinese,"Food insecure, moderate or severe",46,
2021,Manitoba,,Chinese,"Food insecure, moderate",46,
2021,Manitoba,,Chinese,"Food insecure, severe",46,
2021,Manitoba,,Black,Food secure,46,75.1
2021,Manitoba,,Black,Food insecure,46,24.9
2021,Manitoba,,Black,"Food insecure, marginal",46,
2021,Manitoba,,Black,"Food insecure, moderate or severe",46,20.9
2021,Manitoba,,Black,"Food insecure, moderate",46,
2021,Manitoba,,Black,"Food insecure, severe",46,
2021,Manitoba,,Filipino,Food secure,46,65.2
2021,Manitoba,,Filipino,Food insecure,46,34.8
2021,Manitoba,,Filipino,"Food insecure, marginal",46,9.6
2021,Manitoba,,Filipino,"Food insecure, moderate or severe",46,25.2
2021,Manitoba,,Filipino,"Food insecure, moderate",46,17.1
2021,Manitoba,,Filipino,"Food insecure, severe",46,
2021,Manitoba,,Arab,Food secure,46,96.8
2021,Manitoba,,Arab,Food insecure,46,
2021,Manitoba,,Arab,"Food insecure, marginal",46,
2021,Manitoba,,Arab,"Food insecure, moderate or severe",46,
2021,Manitoba,,Arab,"Food insecure, moderate",46,
2021,Manitoba,,Arab,"Food insecure, severe",46,
2021,Manitoba,,Latin American,Food secure,46,74.7
2021,Manitoba,,Latin American,Food insecure,46,
2021,Manitoba,,Latin American,"Food insecure, marginal",46,
2021,Manitoba,,Latin American,"Food insecure, moderate or severe",46,
2021,Manitoba,,Latin American,"Food insecure, moderate",46,
2021,Manitoba,,Latin American,"Food insecure, severe",46,
2021,Manitoba,,Southeast Asian,Food secure,46,68.5
2021,Manitoba,,Southeast Asian,Food insecure,46,
2021,Manitoba,,Southeast Asian,"Food insecure, marginal",46,
2021,Manitoba,,Southeast Asian,"Food insecure, moderate or severe",46,
2021,Manitoba,,Southeast Asian,"Food insecure, moderate",46,
2021,Manitoba,,Southeast Asian,"Food insecure, severe",46,
2021,Manitoba,,Other visible minority,Food secure,46,77.8
2021,Manitoba,,Other visible minority,Food insecure,46,
2021,Manitoba,,Other visible minority,"Food insecure, marginal",46,
2021,Manitoba,,Other visible minority,"Food insecure, moderate or severe",46,
2021,Manitoba,,Other visible minority,"Food insecure, moderate",46,
2021,Manitoba,,Other visible minority,"Food insecure, severe",46,
2021,Manitoba,,Not a visible minority,Food secure,46,82.0
2021,Manitoba,,Not a visible minority,Food insecure,46,18.0
2021,Manitoba,,Not a visible minority,"Food insecure, marginal",46,5.2
2021,Manitoba,,Not a visible minority,"Food insecure, moderate or severe",46,12.8
2021,Manitoba,,Not a visible minority,"Food insecure, moderate",46,8.5
2021,Manitoba,,Not a visible minority,"Food insecure, severe",46,4.3
2021,Manitoba,,Indigenous population,Food secure,46,67.2
2021,Manitoba,,Indigenous population,Food insecure,46,32.8
2021,Manitoba,,Indigenous population,"Food insecure, marginal",46,8.7
2021,Manitoba,,Indigenous population,"Food insecure, moderate or severe",46,24.1
2021,Manitoba,,Indigenous population,"Food insecure, moderate",46,13.5
2021,Manitoba,,Indigenous population,"Food insecure, severe",46,10.5
2021,Manitoba,,Non-Indigenous population,Food secure,46,81.9
2021,Manitoba,,Non-Indigenous population,Food insecure,46,18.1
2021,Manitoba,,Non-Indigenous population,"Food insecure, marginal",46,5.6
2021,Manitoba,,Non-Indigenous population,"Food insecure, moderate or severe",46,12.5
2021,Manitoba,,Non-Indigenous population,"Food insecure, moderate",46,8.7
2021,Manitoba,,Non-Indigenous population,"Food insecure, severe",46,3.8
2021,Manitoba,,Not a visible minority nor Indigenous,Food secure,46,84.4
2021,Manitoba,,Not a visible minority nor Indigenous,Food insecure,46,15.6
2021,Manitoba,,Not a visible minority nor Indigenous,"Food insecure, marginal",46,4.7
2021,Manitoba,,Not a visible minority nor Indigenous,"Food insecure, moderate or severe",46,11.0
2021,Manitoba,,Not a visible minority nor Indigenous,"Food insecure, moderate",46,7.7
2021,Manitoba,,Not a visible minority nor Indigenous,"Food insecure, severe",46,3.3
2021,Manitoba,,All persons aged 15 years and over,Food secure,46,82.0
2021,Manitoba,,All persons aged 15 years and over,Food insecure,46,18.0
2021,Manitoba,,All persons aged 15 years and over,"Food insecure, marginal",46,5.3
2021,Manitoba,,All persons aged 15 years and over,"Food insecure, moderate or severe",46,12.7
2021,Manitoba,,All persons aged 15 years and over,"Food insecure, moderate",46,8.6
2021,Manitoba,,All persons aged 15 years and over,"Food insecure, severe",46,4.1
2021,Manitoba,,Indigenous population aged 15 years and over,Food secure,46,70.3
2021,Manitoba,,Indigenous population aged 15 years and over,Food insecure,46,29.7
2021,Manitoba,,Indigenous population aged 15 years and over,"Food insecure, marginal",46,8.0
2021,Manitoba,,Indigenous population aged 15 years and over,"Food insecure, moderate or severe",46,21.7
2021,Manitoba,,Indigenous population aged 15 years and over,"Food insecure, moderate",46,12.8
2021,Manitoba,,Indigenous population aged 15 years and over,"Food insecure, severe",46,8.9
2021,Manitoba,,First Nations aged 15 years and over,Food secure,46,57.0
2021,Manitoba,,First Nations aged 15 years and over,Food insecure,46,43.0
2021,Manitoba,,First Nations aged 15 years and over,"Food insecure, marginal",46,11.7
2021,Manitoba,,First Nations aged 15 years and over,"Food insecure, moderate or severe",46,31.4
2021,Manitoba,,First Nations aged 15 years and over,"Food insecure, moderate",46,19.1
2021,Manitoba,,First Nations aged 15 years and over,"Food insecure, severe",46,
2021,Manitoba,,Métis aged 15 years and over,Food secure,46,76.6
2021,Manitoba,,Métis aged 15 years and over,Food insecure,46,23.4
2021,Manitoba,,Métis aged 15 years and over,"Food insecure, marginal",46,6.2
2021,Manitoba,,Métis aged 15 years and over,"Food insecure, moderate or severe",46,17.3
2021,Manitoba,,Métis aged 15 years and over,"Food insecure, moderate",46,10.4
2021,Manitoba,,Métis aged 15 years and over,"Food insecure, severe",46,6.8
2021,Manitoba,,Non-Indigenous population aged 15 years and over,Food secure,46,83.3
2021,Manitoba,,Non-Indigenous population aged 15 years and over,Food insecure,46,16.7
2021,Manitoba,,Non-Indigenous population aged 15 years and over,"Food insecure, marginal",46,5.0
2021,Manitoba,,Non-Indigenous population aged 15 years and over,"Food insecure, moderate or severe",46,11.7
2021,Manitoba,,Non-Indigenous population aged 15 years and over,"Food insecure, moderate",46,8.1
2021,Manitoba,,Non-Indigenous population aged 15 years and over,"Food insecure, severe",46,3.6
2021,Manitoba,,Immigrants aged 15 years and over,Food secure,46,78.7
2021,Manitoba,,Immigrants aged 15 years and over,Food insecure,46,21.3
2021,Manitoba,,Immigrants aged 15 years and over,"Food insecure, marginal",46,7.4
2021,Manitoba,,Immigrants aged 15 years and over,"Food insecure, moderate or severe",46,13.9
2021,Manitoba,,Immigrants aged 15 years and over,"Food insecure, moderate",46,10.5
2021,Manitoba,,Immigrants aged 15 years and over,"Food insecure, severe",46,
2021,Manitoba,,Recent immigrants (10 years or less) aged 15 years and over,Food secure,46,74.2
2021,Manitoba,,Recent immigrants (10 years or less) aged 15 years and over,Food insecure,46,25.8
2021,Manitoba,,Recent immigrants (10 years or less) aged 15 years and over,"Food insecure, marginal",46,9.4
2021,Manitoba,,Recent immigrants (10 years or less) aged 15 years and over,"Food insecure, moderate or severe",46,16.4
2021,Manitoba,,Recent immigrants (10 years or less) aged 15 years and over,"Food insecure, moderate",46,11.0
2021,Manitoba,,Recent immigrants (10 years or less) aged 15 years and over,"Food insecure, severe",46,
2021,Manitoba,,Very recent immigrants (5 years or less) aged 15 years and over,Food secure,46,76.9
2021,Manitoba,,Very recent immigrants (5 years or less) aged 15 years and over,Food insecure,46,23.1
2021,Manitoba,,Very recent immigrants (5 years or less) aged 15 years and over,"Food insecure, marginal",46,
2021,Manitoba,,Very recent immigrants (5 years or less) aged 15 years and over,"Food insecure, moderate or severe",46,15.5
2021,Manitoba,,Very recent immigrants (5 years or less) aged 15 years and over,"Food insecure, moderate",46,11.7
2021,Manitoba,,Very recent immigrants (5 years or less) aged 15 years and over,"Food insecure, severe",46,
2021,Manitoba,,Persons aged 15 years and over born in Canada,Food secure,46,83.0
2021,Manitoba,,Persons aged 15 years and over born in Canada,Food insecure,46,17.0
2021,Manitoba,,Persons aged 15 years and over born in Canada,"Food insecure, marginal",46,4.6
2021,Manitoba,,Persons aged 15 years and over born in Canada,"Food insecure, moderate or severe",46,12.4
2021,Manitoba,,Persons aged 15 years and over born in Canada,"Food insecure, moderate",46,8.0
2021,Manitoba,,Persons aged 15 years and over born in Canada,"Food insecure, severe",46,4.5
2021,Saskatchewan,,All persons,Food secure,47,79.7
2021,Saskatchewan,,All persons,Food insecure,47,20.3
2021,Saskatchewan,,All persons,"Food insecure, marginal",47,6.0
2021,Saskatchewan,,All persons,"Food insecure, moderate or severe",47,14.3
2021,Saskatchewan,,All persons,"Food insecure, moderate",47,8.8
2021,Saskatchewan,,All persons,"Food insecure, severe",47,5.5
2021,Saskatchewan,,Persons under 18 years,Food secure,47,73.9
2021,Saskatchewan,,Persons under 18 years,Food insecure,47,26.1
2021,Saskatchewan,,Persons under 18 years,"Food insecure, marginal",47,8.4
2021,Saskatchewan,,Persons under 18 years,"Food insecure, moderate or severe",47,17.7
2021,Saskatchewan,,Persons under 18 years,"Food insecure, moderate",47,11.9
2021,Saskatchewan,,Persons under 18 years,"Food insecure, severe",47,5.8
2021,Saskatchewan,,Persons 18 to 64 years,Food secure,47,78.3
2021,Saskatchewan,,Persons 18 to 64 years,Food insecure,47,21.7
2021,Saskatchewan,,Persons 18 to 64 years,"Food insecure, marginal",47,6.1
2021,Saskatchewan,,Persons 18 to 64 years,"Food insecure, moderate or severe",47,15.6
2021,Saskatchewan,,Persons 18 to 64 years,"Food insecure, moderate",47,9.2
2021,Saskatchewan,,Persons 18 to 64 years,"Food insecure, severe",47,6.4
2021,Saskatchewan,,Persons 18 to 24 years,Food secure,47,77.9
2021,Saskatchewan,,Persons 18 to 24 years,Food insecure,47,22.1
2021,Saskatchewan,,Persons 18 to 24 years,"Food insecure, marginal",47,
2021,Saskatchewan,,Persons 18 to 24 years,"Food insecure, moderate or severe",47,16.7
2021,Saskatchewan,,Persons 18 to 24 years,"Food insecure, moderate",47,9.0
2021,Saskatchewan,,Persons 18 to 24 years,"Food insecure, severe",47,7.7
2021,Saskatchewan,,Persons 25 to 34 years,Food secure,47,75.2
2021,Saskatchewan,,Persons 25 to 34 years,Food insecure,47,24.8
2021,Saskatchewan,,Persons 25 to 34 years,"Food insecure, marginal",47,5.7
2021,Saskatchewan,,Persons 25 to 34 years,"Food insecure, moderate or severe",47,19.1
2021,Saskatchewan,,Persons 25 to 34 years,"Food insecure, moderate",47,11.7
2021,Saskatchewan,,Persons 25 to 34 years,"Food insecure, severe",47,7.4
2021,Saskatchewan,,Persons 35 to 44 years,Food secure,47,77.2
2021,Saskatchewan,,Persons 35 to 44 years,Food insecure,47,22.8
2021,Saskatchewan,,Persons 35 to 44 years,"Food insecure, marginal",47,10.1
2021,Saskatchewan,,Persons 35 to 44 years,"Food insecure, moderate or severe",47,12.7
2021,Saskatchewan,,Persons 35 to 44 years,"Food insecure, moderate",47,8.7
2021,Saskatchewan,,Persons 35 to 44 years,"Food insecure, severe",47,4.0
2021,Saskatchewan,,Persons 45 to 54 years,Food secure,47,76.8
2021,Saskatchewan,,Persons 45 to 54 years,Food insecure,47,23.2
2021,Saskatchewan,,Persons 45 to 54 years,"Food insecure, marginal",47,5.2
2021,Saskatchewan,,Persons 45 to 54 years,"Food insecure, moderate or severe",47,18.0
2021,Saskatchewan,,Persons 45 to 54 years,"Food insecure, moderate",47,11.1
2021,Saskatchewan,,Persons 45 to 54 years,"Food insecure, severe",47,6.9
2021,Saskatchewan,,Persons 55 to 64 years,Food secure,47,84.4
2021,Saskatchewan,,Persons 55 to 64 years,Food insecure,47,15.6
2021,Saskatchewan,,Persons 55 to 64 years,"Food insecure, marginal",47,3.4
2021,Saskatchewan,,Persons 55 to 64 years,"Food insecure, moderate or severe",47,12.3
2021,Saskatchewan,,Persons 55 to 64 years,"Food insecure, moderate",47,5.6
2021,Saskatchewan,,Persons 55 to 64 years,"Food insecure, severe",47,6.7
2021,Saskatchewan,,Persons 65 years and over,Food secure,47,92.7
2021,Saskatchewan,,Persons 65 years and over,Food insecure,47,7.3
2021,Saskatchewan,,Persons 65 years and over,"Food insecure, marginal",47,2.1
2021,Saskatchewan,,Persons 65 years and over,"Food insecure, moderate or severe",47,5.1
2021,Saskatchewan,,Persons 65 years and over,"Food insecure, moderate",47,3.1
2021,Saskatchewan,,Persons 65 years and over,"Food insecure, severe",47,2.0
2021,Saskatchewan,,Males,Food secure,47,80.7
2021,Saskatchewan,,Males,Food insecure,47,19.3
2021,Saskatchewan,,Males,"Food insecure, marginal",47,5.8
2021,Saskatchewan,,Males,"Food insecure, moderate or severe",47,13.5
2021,Saskatchewan,,Males,"Food insecure, moderate",47,8.6
2021,Saskatchewan,,Males,"Food insecure, severe",47,4.9
2021,Saskatchewan,,"Males, under 18 years",Food secure,47,74.0
2021,Saskatchewan,,"Males, under 18 years",Food insecure,47,26.0
2021,Saskatchewan,,"Males, under 18 years","Food insecure, marginal",47,9.1
2021,Saskatchewan,,"Males, under 18 years","Food insecure, moderate or severe",47,16.9
2021,Saskatchewan,,"Males, under 18 years","Food insecure, moderate",47,12.7
2021,Saskatchewan,,"Males, under 18 years","Food insecure, severe",47,4.2
2021,Saskatchewan,,"Males, 18 to 64 years",Food secure,47,79.7
2021,Saskatchewan,,"Males, 18 to 64 years",Food insecure,47,20.3
2021,Saskatchewan,,"Males, 18 to 64 years","Food insecure, marginal",47,5.6
2021,Saskatchewan,,"Males, 18 to 64 years","Food insecure, moderate or severe",47,14.7
2021,Saskatchewan,,"Males, 18 to 64 years","Food insecure, moderate",47,8.5
2021,Saskatchewan,,"Males, 18 to 64 years","Food insecure, severe",47,6.2
2021,Saskatchewan,,"Males, 65 years and over",Food secure,47,94.2
2021,Saskatchewan,,"Males, 65 years and over",Food insecure,47,5.8
2021,Saskatchewan,,"Males, 65 years and over","Food insecure, marginal",47,
2021,Saskatchewan,,"Males, 65 years and over","Food insecure, moderate or severe",47,4.0
2021,Saskatchewan,,"Males, 65 years and over","Food insecure, moderate",47,3.0
2021,Saskatchewan,,"Males, 65 years and over","Food insecure, severe",47,
2021,Saskatchewan,,Females,Food secure,47,78.8
2021,Saskatchewan,,Females,Food insecure,47,21.2
2021,Saskatchewan,,Females,"Food insecure, marginal",47,6.2
2021,Saskatchewan,,Females,"Food insecure, moderate or severe",47,15.1
2021,Saskatchewan,,Females,"Food insecure, moderate",47,9.0
2021,Saskatchewan,,Females,"Food insecure, severe",47,6.1
2021,Saskatchewan,,"Females, under 18 years",Food secure,47,73.8
2021,Saskatchewan,,"Females, under 18 years",Food insecure,47,26.2
2021,Saskatchewan,,"Females, under 18 years","Food insecure, marginal",47,7.7
2021,Saskatchewan,,"Females, under 18 years","Food insecure, moderate or severe",47,18.6
2021,Saskatchewan,,"Females, under 18 years","Food insecure, moderate",47,11.1
2021,Saskatchewan,,"Females, under 18 years","Food insecure, severe",47,
2021,Saskatchewan,,"Females, 18 to 64 years",Food secure,47,76.8
2021,Saskatchewan,,"Females, 18 to 64 years",Food insecure,47,23.2
2021,Saskatchewan,,"Females, 18 to 64 years","Food insecure, marginal",47,6.7
2021,Saskatchewan,,"Females, 18 to 64 years","Food insecure, moderate or severe",47,16.4
2021,Saskatchewan,,"Females, 18 to 64 years","Food insecure, moderate",47,9.9
2021,Saskatchewan,,"Females, 18 to 64 years","Food insecure, severe",47,6.6
2021,Saskatchewan,,"Females, 65 years and over",Food secure,47,91.4
2021,Saskatchewan,,"Females, 65 years and over",Food insecure,47,8.6
2021,Saskatchewan,,"Females, 65 years and over","Food insecure, marginal",47,2.4
2021,Saskatchewan,,"Females, 65 years and over","Food insecure, moderate or severe",47,6.2
2021,Saskatchewan,,"Females, 65 years and over","Food insecure, moderate",47,3.2
2021,Saskatchewan,,"Females, 65 years and over","Food insecure, severe",47,2.9
2021,Saskatchewan,,Visible minority population,Food secure,47,78.9
2021,Saskatchewan,,Visible minority population,Food insecure,47,21.1
2021,Saskatchewan,,Visible minority population,"Food insecure, marginal",47,
2021,Saskatchewan,,Visible minority population,"Food insecure, moderate or severe",47,13.6
2021,Saskatchewan,,Visible minority population,"Food insecure, moderate",47,9.2
2021,Saskatchewan,,Visible minority population,"Food insecure, severe",47,
2021,Saskatchewan,,South Asian,Food secure,47,90.4
2021,Saskatchewan,,South Asian,Food insecure,47,
2021,Saskatchewan,,South Asian,"Food insecure, marginal",47,
2021,Saskatchewan,,South Asian,"Food insecure, moderate or severe",47,
2021,Saskatchewan,,South Asian,"Food insecure, moderate",47,
2021,Saskatchewan,,South Asian,"Food insecure, severe",47,
2021,Saskatchewan,,Chinese,Food secure,47,99.5
2021,Saskatchewan,,Chinese,Food insecure,47,
2021,Saskatchewan,,Chinese,"Food insecure, marginal",47,
2021,Saskatchewan,,Chinese,"Food insecure, moderate or severe",47,
2021,Saskatchewan,,Chinese,"Food insecure, moderate",47,
2021,Saskatchewan,,Chinese,"Food insecure, severe",47,
2021,Saskatchewan,,Black,Food secure,47,66.3
2021,Saskatchewan,,Black,Food insecure,47,33.7
2021,Saskatchewan,,Black,"Food insecure, marginal",47,
2021,Saskatchewan,,Black,"Food insecure, moderate or severe",47,
2021,Saskatchewan,,Black,"Food insecure, moderate",47,
2021,Saskatchewan,,Black,"Food insecure, severe",47,
2021,Saskatchewan,,Filipino,Food secure,47,69.9
2021,Saskatchewan,,Filipino,Food insecure,47,30.1
2021,Saskatchewan,,Filipino,"Food insecure, marginal",47,
2021,Saskatchewan,,Filipino,"Food insecure, moderate or severe",47,
2021,Saskatchewan,,Filipino,"Food insecure, moderate",47,
2021,Saskatchewan,,Filipino,"Food insecure, severe",47,
2021,Saskatchewan,,Arab,Food secure,47,
2021,Saskatchewan,,Arab,Food insecure,47,
2021,Saskatchewan,,Arab,"Food insecure, marginal",47,
2021,Saskatchewan,,Arab,"Food insecure, moderate or severe",47,
2021,Saskatchewan,,Arab,"Food insecure, moderate",47,
2021,Saskatchewan,,Arab,"Food insecure, severe",47,
2021,Saskatchewan,,Latin American,Food secure,47,
2021,Saskatchewan,,Latin American,Food insecure,47,
2021,Saskatchewan,,Latin American,"Food insecure, marginal",47,
2021,Saskatchewan,,Latin American,"Food insecure, moderate or severe",47,
2021,Saskatchewan,,Latin American,"Food insecure, moderate",47,
2021,Saskatchewan,,Latin American,"Food insecure, severe",47,
2021,Saskatchewan,,Southeast Asian,Food secure,47,68.9
2021,Saskatchewan,,Southeast Asian,Food insecure,47,
2021,Saskatchewan,,Southeast Asian,"Food insecure, marginal",47,
2021,Saskatchewan,,Southeast Asian,"Food insecure, moderate or severe",47,
2021,Saskatchewan,,Southeast Asian,"Food insecure, moderate",47,
2021,Saskatchewan,,Southeast Asian,"Food insecure, severe",47,
2021,Saskatchewan,,Other visible minority,Food secure,47,54.4
2021,Saskatchewan,,Other visible minority,Food insecure,47,
2021,Saskatchewan,,Other visible minority,"Food insecure, marginal",47,
2021,Saskatchewan,,Other visible minority,"Food insecure, moderate or severe",47,
2021,Saskatchewan,,Other visible minority,"Food insecure, moderate",47,
2021,Saskatchewan,,Other visible minority,"Food insecure, severe",47,
2021,Saskatchewan,,Not a visible minority,Food secure,47,79.9
2021,Saskatchewan,,Not a visible minority,Food insecure,47,20.1
2021,Saskatchewan,,Not a visible minority,"Food insecure, marginal",47,5.7
2021,Saskatchewan,,Not a visible minority,"Food insecure, moderate or severe",47,14.4
2021,Saskatchewan,,Not a visible minority,"Food insecure, moderate",47,8.7
2021,Saskatchewan,,Not a visible minority,"Food insecure, severe",47,5.7
2021,Saskatchewan,,Indigenous population,Food secure,47,63.8
2021,Saskatchewan,,Indigenous population,Food insecure,47,36.2
2021,Saskatchewan,,Indigenous population,"Food insecure, marginal",47,10.6
2021,Saskatchewan,,Indigenous population,"Food insecure, moderate or severe",47,25.5
2021,Saskatchewan,,Indigenous population,"Food insecure, moderate",47,11.0
2021,Saskatchewan,,Indigenous population,"Food insecure, severe",47,14.5
2021,Saskatchewan,,Non-Indigenous population,Food secure,47,81.2
2021,Saskatchewan,,Non-Indigenous population,Food insecure,47,18.8
2021,Saskatchewan,,Non-Indigenous population,"Food insecure, marginal",47,5.5
2021,Saskatchewan,,Non-Indigenous population,"Food insecure, moderate or severe",47,13.2
2021,Saskatchewan,,Non-Indigenous population,"Food insecure, moderate",47,8.6
2021,Saskatchewan,,Non-Indigenous population,"Food insecure, severe",47,4.6
2021,Saskatchewan,,Not a visible minority nor Indigenous,Food secure,47,81.8
2021,Saskatchewan,,Not a visible minority nor Indigenous,Food insecure,47,18.2
2021,Saskatchewan,,Not a visible minority nor Indigenous,"Food insecure, marginal",47,5.1
2021,Saskatchewan,,Not a visible minority nor Indigenous,"Food insecure, moderate or severe",47,13.1
2021,Saskatchewan,,Not a visible minority nor Indigenous,"Food insecure, moderate",47,8.4
2021,Saskatchewan,,Not a visible minority nor Indigenous,"Food insecure, severe",47,4.7
2021,Saskatchewan,,All persons aged 15 years and over,Food secure,47,81.1
2021,Saskatchewan,,All persons aged 15 years and over,Food insecure,47,18.9
2021,Saskatchewan,,All persons aged 15 years and over,"Food insecure, marginal",47,5.3
2021,Saskatchewan,,All persons aged 15 years and over,"Food insecure, moderate or severe",47,13.5
2021,Saskatchewan,,All persons aged 15 years and over,"Food insecure, moderate",47,8.1
2021,Saskatchewan,,All persons aged 15 years and over,"Food insecure, severe",47,5.4
2021,Saskatchewan,,Indigenous population aged 15 years and over,Food secure,47,61.9
2021,Saskatchewan,,Indigenous population aged 15 years and over,Food insecure,47,38.1
2021,Saskatchewan,,Indigenous population aged 15 years and over,"Food insecure, marginal",47,11.5
2021,Saskatchewan,,Indigenous population aged 15 years and over,"Food insecure, moderate or severe",47,26.6
2021,Saskatchewan,,Indigenous population aged 15 years and over,"Food insecure, moderate",47,10.2
2021,Saskatchewan,,Indigenous population aged 15 years and over,"Food insecure, severe",47,16.4
2021,Saskatchewan,,First Nations aged 15 years and over,Food secure,47,47.2
2021,Saskatchewan,,First Nations aged 15 years and over,Food insecure,47,52.8
2021,Saskatchewan,,First Nations aged 15 years and over,"Food insecure, marginal",47,
2021,Saskatchewan,,First Nations aged 15 years and over,"Food insecure, moderate or severe",47,40.8
2021,Saskatchewan,,First Nations aged 15 years and over,"Food insecure, moderate",47,14.6
2021,Saskatchewan,,First Nations aged 15 years and over,"Food insecure, severe",47,
2021,Saskatchewan,,Métis aged 15 years and over,Food secure,47,74.0
2021,Saskatchewan,,Métis aged 15 years and over,Food insecure,47,26.0
2021,Saskatchewan,,Métis aged 15 years and over,"Food insecure, marginal",47,11.4
2021,Saskatchewan,,Métis aged 15 years and over,"Food insecure, moderate or severe",47,14.6
2021,Saskatchewan,,Métis aged 15 years and over,"Food insecure, moderate",47,
2021,Saskatchewan,,Métis aged 15 years and over,"Food insecure, severe",47,9.2
2021,Saskatchewan,,Non-Indigenous population aged 15 years and over,Food secure,47,82.9
2021,Saskatchewan,,Non-Indigenous population aged 15 years and over,Food insecure,47,17.1
2021,Saskatchewan,,Non-Indigenous population aged 15 years and over,"Food insecure, marginal",47,4.8
2021,Saskatchewan,,Non-Indigenous population aged 15 years and over,"Food insecure, moderate or severe",47,12.4
2021,Saskatchewan,,Non-Indigenous population aged 15 years and over,"Food insecure, moderate",47,7.9
2021,Saskatchewan,,Non-Indigenous population aged 15 years and over,"Food insecure, severe",47,4.5
2021,Saskatchewan,,Immigrants aged 15 years and over,Food secure,47,82.2
2021,Saskatchewan,,Immigrants aged 15 years and over,Food insecure,47,17.8
2021,Saskatchewan,,Immigrants aged 15 years and over,"Food insecure, marginal",47,4.7
2021,Saskatchewan,,Immigrants aged 15 years and over,"Food insecure, moderate or severe",47,13.1
2021,Saskatchewan,,Immigrants aged 15 years and over,"Food insecure, moderate",47,9.3
2021,Saskatchewan,,Immigrants aged 15 years and over,"Food insecure, severe",47,3.8
2021,Saskatchewan,,Recent immigrants (10 years or less) aged 15 years and over,Food secure,47,80.5
2021,Saskatchewan,,Recent immigrants (10 years or less) aged 15 years and over,Food insecure,47,19.5
2021,Saskatchewan,,Recent immigrants (10 years or less) aged 15 years and over,"Food insecure, marginal",47,6.3
2021,Saskatchewan,,Recent immigrants (10 years or less) aged 15 years and over,"Food insecure, moderate or severe",47,13.2
2021,Saskatchewan,,Recent immigrants (10 years or less) aged 15 years and over,"Food insecure, moderate",47,
2021,Saskatchewan,,Recent immigrants (10 years or less) aged 15 years and over,"Food insecure, severe",47,
2021,Saskatchewan,,Very recent immigrants (5 years or less) aged 15 years and over,Food secure,47,81.2
2021,Saskatchewan,,Very recent immigrants (5 years or less) aged 15 years and over,Food insecure,47,18.8
2021,Saskatchewan,,Very recent immigrants (5 years or less) aged 15 years and over,"Food insecure, marginal",47,
2021,Saskatchewan,,Very recent immigrants (5 years or less) aged 15 years and over,"Food insecure, moderate or severe",47,10.5
2021,Saskatchewan,,Very recent immigrants (5 years or less) aged 15 years and over,"Food insecure, moderate",47,
2021,Saskatchewan,,Very recent immigrants (5 years or less) aged 15 years and over,"Food insecure, severe",47,
2021,Saskatchewan,,Persons aged 15 years and over born in Canada,Food secure,47,81.2
2021,Saskatchewan,,Persons aged 15 years and over born in Canada,Food insecure,47,18.8
2021,Saskatchewan,,Persons aged 15 years and over born in Canada,"Food insecure, marginal",47,4.9
2021,Saskatchewan,,Persons aged 15 years and over born in Canada,"Food insecure, moderate or severe",47,13.9
2021,Saskatchewan,,Persons aged 15 years and over born in Canada,"Food insecure, moderate",47,8.1
2021,Saskatchewan,,Persons aged 15 years and over born in Canada,"Food insecure, severe",47,5.8
2021,Alberta,,All persons,Food secure,48,78.2
2021,Alberta,,All persons,Food insecure,48,21.8
2021,Alberta,,All persons,"Food insecure, marginal",48,5.8
2021,Alberta,,All persons,"Food insecure, moderate or severe",48,16.0
2021,Alberta,,All persons,"Food insecure, moderate",48,9.4
2021,Alberta,,All persons,"Food insecure, severe",48,6.6
2021,Alberta,,Persons under 18 years,Food secure,48,72.8
2021,Alberta,,Persons under 18 years,Food insecure,48,27.2
2021,Alberta,,Persons under 18 years,"Food insecure, marginal",48,8.1
2021,Alberta,,Persons under 18 years,"Food insecure, moderate or severe",48,19.1
2021,Alberta,,Persons under 18 years,"Food insecure, moderate",48,12.4
2021,Alberta,,Persons under 18 years,"Food insecure, severe",48,6.7
2021,Alberta,,Persons 18 to 64 years,Food secure,48,78.2
2021,Alberta,,Persons 18 to 64 years,Food insecure,48,21.8
2021,Alberta,,Persons 18 to 64 years,"Food insecure, marginal",48,5.4
2021,Alberta,,Persons 18 to 64 years,"Food insecure, moderate or severe",48,16.4
2021,Alberta,,Persons 18 to 64 years,"Food insecure, moderate",48,9.0
2021,Alberta,,Persons 18 to 64 years,"Food insecure, severe",48,7.3
2021,Alberta,,Persons 18 to 24 years,Food secure,48,78.6
2021,Alberta,,Persons 18 to 24 years,Food insecure,48,21.4
2021,Alberta,,Persons 18 to 24 years,"Food insecure, marginal",48,
2021,Alberta,,Persons 18 to 24 years,"Food insecure, moderate or severe",48,16.0
2021,Alberta,,Persons 18 to 24 years,"Food insecure, moderate",48,7.1
2021,Alberta,,Persons 18 to 24 years,"Food insecure, severe",48,8.9
2021,Alberta,,Persons 25 to 34 years,Food secure,48,78.5
2021,Alberta,,Persons 25 to 34 years,Food insecure,48,21.5
2021,Alberta,,Persons 25 to 34 years,"Food insecure, marginal",48,5.0
2021,Alberta,,Persons 25 to 34 years,"Food insecure, moderate or severe",48,16.5
2021,Alberta,,Persons 25 to 34 years,"Food insecure, moderate",48,9.4
2021,Alberta,,Persons 25 to 34 years,"Food insecure, severe",48,7.1
2021,Alberta,,Persons 35 to 44 years,Food secure,48,74.2
2021,Alberta,,Persons 35 to 44 years,Food insecure,48,25.8
2021,Alberta,,Persons 35 to 44 years,"Food insecure, marginal",48,6.8
2021,Alberta,,Persons 35 to 44 years,"Food insecure, moderate or severe",48,19.0
2021,Alberta,,Persons 35 to 44 years,"Food insecure, moderate",48,11.8
2021,Alberta,,Persons 35 to 44 years,"Food insecure, severe",48,7.1
2021,Alberta,,Persons 45 to 54 years,Food secure,48,78.1
2021,Alberta,,Persons 45 to 54 years,Food insecure,48,21.9
2021,Alberta,,Persons 45 to 54 years,"Food insecure, marginal",48,5.1
2021,Alberta,,Persons 45 to 54 years,"Food insecure, moderate or severe",48,16.8
2021,Alberta,,Persons 45 to 54 years,"Food insecure, moderate",48,9.1
2021,Alberta,,Persons 45 to 54 years,"Food insecure, severe",48,7.7
2021,Alberta,,Persons 55 to 64 years,Food secure,48,82.9
2021,Alberta,,Persons 55 to 64 years,Food insecure,48,17.1
2021,Alberta,,Persons 55 to 64 years,"Food insecure, marginal",48,4.5
2021,Alberta,,Persons 55 to 64 years,"Food insecure, moderate or severe",48,12.6
2021,Alberta,,Persons 55 to 64 years,"Food insecure, moderate",48,6.2
2021,Alberta,,Persons 55 to 64 years,"Food insecure, severe",48,6.4
2021,Alberta,,Persons 65 years and over,Food secure,48,86.8
2021,Alberta,,Persons 65 years and over,Food insecure,48,13.2
2021,Alberta,,Persons 65 years and over,"Food insecure, marginal",48,3.7
2021,Alberta,,Persons 65 years and over,"Food insecure, moderate or severe",48,9.5
2021,Alberta,,Persons 65 years and over,"Food insecure, moderate",48,6.3
2021,Alberta,,Persons 65 years and over,"Food insecure, severe",48,3.2
2021,Alberta,,Males,Food secure,48,79.0
2021,Alberta,,Males,Food insecure,48,21.0
2021,Alberta,,Males,"Food insecure, marginal",48,5.9
2021,Alberta,,Males,"Food insecure, moderate or severe",48,15.1
2021,Alberta,,Males,"Food insecure, moderate",48,8.7
2021,Alberta,,Males,"Food insecure, severe",48,6.3
2021,Alberta,,"Males, under 18 years",Food secure,48,73.5
2021,Alberta,,"Males, under 18 years",Food insecure,48,26.5
2021,Alberta,,"Males, under 18 years","Food insecure, marginal",48,8.7
2021,Alberta,,"Males, under 18 years","Food insecure, moderate or severe",48,17.7
2021,Alberta,,"Males, under 18 years","Food insecure, moderate",48,12.0
2021,Alberta,,"Males, under 18 years","Food insecure, severe",48,5.7
2021,Alberta,,"Males, 18 to 64 years",Food secure,48,79.2
2021,Alberta,,"Males, 18 to 64 years",Food insecure,48,20.8
2021,Alberta,,"Males, 18 to 64 years","Food insecure, marginal",48,5.3
2021,Alberta,,"Males, 18 to 64 years","Food insecure, moderate or severe",48,15.5
2021,Alberta,,"Males, 18 to 64 years","Food insecure, moderate",48,8.5
2021,Alberta,,"Males, 18 to 64 years","Food insecure, severe",48,7.0
2021,Alberta,,"Males, 65 years and over",Food secure,48,86.9
2021,Alberta,,"Males, 65 years and over",Food insecure,48,13.1
2021,Alberta,,"Males, 65 years and over","Food insecure, marginal",48,4.4
2021,Alberta,,"Males, 65 years and over","Food insecure, moderate or severe",48,8.7
2021,Alberta,,"Males, 65 years and over","Food insecure, moderate",48,4.5
2021,Alberta,,"Males, 65 years and over","Food insecure, severe",48,4.1
2021,Alberta,,Females,Food secure,48,77.4
2021,Alberta,,Females,Food insecure,48,22.6
2021,Alberta,,Females,"Food insecure, marginal",48,5.6
2021,Alberta,,Females,"Food insecure, moderate or severe",48,16.9
2021,Alberta,,Females,"Food insecure, moderate",48,10.1
2021,Alberta,,Females,"Food insecure, severe",48,6.9
2021,Alberta,,"Females, under 18 years",Food secure,48,72.0
2021,Alberta,,"Females, under 18 years",Food insecure,48,28.0
2021,Alberta,,"Females, under 18 years","Food insecure, marginal",48,7.5
2021,Alberta,,"Females, under 18 years","Food insecure, moderate or severe",48,20.5
2021,Alberta,,"Females, under 18 years","Food insecure, moderate",48,12.8
2021,Alberta,,"Females, under 18 years","Food insecure, severe",48,7.7
2021,Alberta,,"Females, 18 to 64 years",Food secure,48,77.2
2021,Alberta,,"Females, 18 to 64 years",Food insecure,48,22.8
2021,Alberta,,"Females, 18 to 64 years","Food insecure, marginal",48,5.6
2021,Alberta,,"Females, 18 to 64 years","Food insecure, moderate or severe",48,17.2
2021,Alberta,,"Females, 18 to 64 years","Food insecure, moderate",48,9.6
2021,Alberta,,"Females, 18 to 64 years","Food insecure, severe",48,7.7
2021,Alberta,,"Females, 65 years and over",Food secure,48,86.7
2021,Alberta,,"Females, 65 years and over",Food insecure,48,13.3
2021,Alberta,,"Females, 65 years and over","Food insecure, marginal",48,3.1
2021,Alberta,,"Females, 65 years and over","Food insecure, moderate or severe",48,10.2
2021,Alberta,,"Females, 65 years and over","Food insecure, moderate",48,7.9
2021,Alberta,,"Females, 65 years and over","Food insecure, severe",48,
2021,Alberta,,Visible minority population,Food secure,48,76.0
2021,Alberta,,Visible minority population,Food insecure,48,24.0
2021,Alberta,,Visible minority population,"Food insecure, marginal",48,4.9
2021,Alberta,,Visible minority population,"Food insecure, moderate or severe",48,19.1
2021,Alberta,,Visible minority population,"Food insecure, moderate",48,12.8
2021,Alberta,,Visible minority population,"Food insecure, severe",48,6.3
2021,Alberta,,South Asian,Food secure,48,72.3
2021,Alberta,,South Asian,Food insecure,48,27.7
2021,Alberta,,South Asian,"Food insecure, marginal",48,
2021,Alberta,,South Asian,"Food insecure, moderate or severe",48,20.8
2021,Alberta,,South Asian,"Food insecure, moderate",48,
2021,Alberta,,South Asian,"Food insecure, severe",48,
2021,Alberta,,Chinese,Food secure,48,88.8
2021,Alberta,,Chinese,Food insecure,48,11.2
2021,Alberta,,Chinese,"Food insecure, marginal",48,
2021,Alberta,,Chinese,"Food insecure, moderate or severe",48,
2021,Alberta,,Chinese,"Food insecure, moderate",48,
2021,Alberta,,Chinese,"Food insecure, severe",48,
2021,Alberta,,Black,Food secure,48,62.2
2021,Alberta,,Black,Food insecure,48,37.8
2021,Alberta,,Black,"Food insecure, marginal",48,
2021,Alberta,,Black,"Food insecure, moderate or severe",48,32.6
2021,Alberta,,Black,"Food insecure, moderate",48,
2021,Alberta,,Black,"Food insecure, severe",48,
2021,Alberta,,Filipino,Food secure,48,77.9
2021,Alberta,,Filipino,Food insecure,48,22.1
2021,Alberta,,Filipino,"Food insecure, marginal",48,
2021,Alberta,,Filipino,"Food insecure, moderate or severe",48,20.7
2021,Alberta,,Filipino,"Food insecure, moderate",48,14.8
2021,Alberta,,Filipino,"Food insecure, severe",48,
2021,Alberta,,Arab,Food secure,48,66.6
2021,Alberta,,Arab,Food insecure,48,
2021,Alberta,,Arab,"Food insecure, marginal",48,
2021,Alberta,,Arab,"Food insecure, moderate or severe",48,
2021,Alberta,,Arab,"Food insecure, moderate",48,
2021,Alberta,,Arab,"Food insecure, severe",48,
2021,Alberta,,Latin American,Food secure,48,86.1
2021,Alberta,,Latin American,Food insecure,48,
2021,Alberta,,Latin American,"Food insecure, marginal",48,
2021,Alberta,,Latin American,"Food insecure, moderate or severe",48,
2021,Alberta,,Latin American,"Food insecure, moderate",48,
2021,Alberta,,Latin American,"Food insecure, severe",48,
2021,Alberta,,Southeast Asian,Food secure,48,92.4
2021,Alberta,,Southeast Asian,Food insecure,48,
2021,Alberta,,Southeast Asian,"Food insecure, marginal",48,
2021,Alberta,,Southeast Asian,"Food insecure, moderate or severe",48,
2021,Alberta,,Southeast Asian,"Food insecure, moderate",48,
2021,Alberta,,Southeast Asian,"Food insecure, severe",48,
2021,Alberta,,Other visible minority,Food secure,48,81.2
2021,Alberta,,Other visible minority,Food insecure,48,
2021,Alberta,,Other visible minority,"Food insecure, marginal",48,
2021,Alberta,,Other visible minority,"Food insecure, moderate or severe",48,
2021,Alberta,,Other visible minority,"Food insecure, moderate",48,
2021,Alberta,,Other visible minority,"Food insecure, severe",48,
2021,Alberta,,Not a visible minority,Food secure,48,79.3
2021,Alberta,,Not a visible minority,Food insecure,48,20.7
2021,Alberta,,Not a visible minority,"Food insecure, marginal",48,6.2
2021,Alberta,,Not a visible minority,"Food insecure, moderate or severe",48,14.5
2021,Alberta,,Not a visible minority,"Food insecure, moderate",48,7.8
2021,Alberta,,Not a visible minority,"Food insecure, severe",48,6.7
2021,Alberta,,Indigenous population,Food secure,48,72.2
2021,Alberta,,Indigenous population,Food insecure,48,27.8
2021,Alberta,,Indigenous population,"Food insecure, marginal",48,
2021,Alberta,,Indigenous population,"Food insecure, moderate or severe",48,21.2
2021,Alberta,,Indigenous population,"Food insecure, moderate",48,11.6
2021,Alberta,,Indigenous population,"Food insecure, severe",48,
2021,Alberta,,Non-Indigenous population,Food secure,48,78.5
2021,Alberta,,Non-Indigenous population,Food insecure,48,21.5
2021,Alberta,,Non-Indigenous population,"Food insecure, marginal",48,5.8
2021,Alberta,,Non-Indigenous population,"Food insecure, moderate or severe",48,15.7
2021,Alberta,,Non-Indigenous population,"Food insecure, moderate",48,9.3
2021,Alberta,,Non-Indigenous population,"Food insecure, severe",48,6.4
2021,Alberta,,Not a visible minority nor Indigenous,Food secure,48,79.8
2021,Alberta,,Not a visible minority nor Indigenous,Food insecure,48,20.2
2021,Alberta,,Not a visible minority nor Indigenous,"Food insecure, marginal",48,6.2
2021,Alberta,,Not a visible minority nor Indigenous,"Food insecure, moderate or severe",48,14.0
2021,Alberta,,Not a visible minority nor Indigenous,"Food insecure, moderate",48,7.5
2021,Alberta,,Not a visible minority nor Indigenous,"Food insecure, severe",48,6.5
2021,Alberta,,All persons aged 15 years and over,Food secure,48,79.6
2021,Alberta,,All persons aged 15 years and over,Food insecure,48,20.4
2021,Alberta,,All persons aged 15 years and over,"Food insecure, marginal",48,5.3
2021,Alberta,,All persons aged 15 years and over,"Food insecure, moderate or severe",48,15.1
2021,Alberta,,All persons aged 15 years and over,"Food insecure, moderate",48,8.6
2021,Alberta,,All persons aged 15 years and over,"Food insecure, severe",48,6.5
2021,Alberta,,Indigenous population aged 15 years and over,Food secure,48,73.6
2021,Alberta,,Indigenous population aged 15 years and over,Food insecure,48,26.4
2021,Alberta,,Indigenous population aged 15 years and over,"Food insecure, marginal",48,
2021,Alberta,,Indigenous population aged 15 years and over,"Food insecure, moderate or severe",48,22.0
2021,Alberta,,Indigenous population aged 15 years and over,"Food insecure, moderate",48,12.0
2021,Alberta,,Indigenous population aged 15 years and over,"Food insecure, severe",48,10.0
2021,Alberta,,First Nations aged 15 years and over,Food secure,48,64.2
2021,Alberta,,First Nations aged 15 years and over,Food insecure,48,35.8
2021,Alberta,,First Nations aged 15 years and over,"Food insecure, marginal",48,
2021,Alberta,,First Nations aged 15 years and over,"Food insecure, moderate or severe",48,34.9
2021,Alberta,,First Nations aged 15 years and over,"Food insecure, moderate",48,
2021,Alberta,,First Nations aged 15 years and over,"Food insecure, severe",48,
2021,Alberta,,Métis aged 15 years and over,Food secure,48,77.8
2021,Alberta,,Métis aged 15 years and over,Food insecure,48,22.2
2021,Alberta,,Métis aged 15 years and over,"Food insecure, marginal",48,
2021,Alberta,,Métis aged 15 years and over,"Food insecure, moderate or severe",48,16.1
2021,Alberta,,Métis aged 15 years and over,"Food insecure, moderate",48,8.9
2021,Alberta,,Métis aged 15 years and over,"Food insecure, severe",48,
2021,Alberta,,Non-Indigenous population aged 15 years and over,Food secure,48,79.8
2021,Alberta,,Non-Indigenous population aged 15 years and over,Food insecure,48,20.2
2021,Alberta,,Non-Indigenous population aged 15 years and over,"Food insecure, marginal",48,5.3
2021,Alberta,,Non-Indigenous population aged 15 years and over,"Food insecure, moderate or severe",48,14.8
2021,Alberta,,Non-Indigenous population aged 15 years and over,"Food insecure, moderate",48,8.5
2021,Alberta,,Non-Indigenous population aged 15 years and over,"Food insecure, severe",48,6.4
2021,Alberta,,Immigrants aged 15 years and over,Food secure,48,76.6
2021,Alberta,,Immigrants aged 15 years and over,Food insecure,48,23.4
2021,Alberta,,Immigrants aged 15 years and over,"Food insecure, marginal",48,5.1
2021,Alberta,,Immigrants aged 15 years and over,"Food insecure, moderate or severe",48,18.2
2021,Alberta,,Immigrants aged 15 years and over,"Food insecure, moderate",48,11.7
2021,Alberta,,Immigrants aged 15 years and over,"Food insecure, severe",48,6.5
2021,Alberta,,Recent immigrants (10 years or less) aged 15 years and over,Food secure,48,67.2
2021,Alberta,,Recent immigrants (10 years or less) aged 15 years and over,Food insecure,48,32.8
2021,Alberta,,Recent immigrants (10 years or less) aged 15 years and over,"Food insecure, marginal",48,
2021,Alberta,,Recent immigrants (10 years or less) aged 15 years and over,"Food insecure, moderate or severe",48,25.4
2021,Alberta,,Recent immigrants (10 years or less) aged 15 years and over,"Food insecure, moderate",48,14.9
2021,Alberta,,Recent immigrants (10 years or less) aged 15 years and over,"Food insecure, severe",48,
2021,Alberta,,Very recent immigrants (5 years or less) aged 15 years and over,Food secure,48,64.1
2021,Alberta,,Very recent immigrants (5 years or less) aged 15 years and over,Food insecure,48,35.9
2021,Alberta,,Very recent immigrants (5 years or less) aged 15 years and over,"Food insecure, marginal",48,
2021,Alberta,,Very recent immigrants (5 years or less) aged 15 years and over,"Food insecure, moderate or severe",48,28.6
2021,Alberta,,Very recent immigrants (5 years or less) aged 15 years and over,"Food insecure, moderate",48,18.2
2021,Alberta,,Very recent immigrants (5 years or less) aged 15 years and over,"Food insecure, severe",48,
2021,Alberta,,Persons aged 15 years and over born in Canada,Food secure,48,80.5
2021,Alberta,,Persons aged 15 years and over born in Canada,Food insecure,48,19.5
2021,Alberta,,Persons aged 15 years and over born in Canada,"Food insecure, marginal",48,5.5
2021,Alberta,,Persons aged 15 years and over born in Canada,"Food insecure, moderate or severe",48,14.0
2021,Alberta,,Persons aged 15 years and over born in Canada,"Food insecure, moderate",48,7.3
2021,Alberta,,Persons aged 15 years and over born in Canada,"Food insecure, severe",48,6.7
2021,British Columbia,,All persons,Food secure,59,83.2
2021,British Columbia,,All persons,Food insecure,59,16.8
2021,British Columbia,,All persons,"Food insecure, marginal",59,5.2
2021,British Columbia,,All persons,"Food insecure, moderate or severe",59,11.6
2021,British Columbia,,All persons,"Food insecure, moderate",59,8.1
2021,British Columbia,,All persons,"Food insecure, severe",59,3.5
2021,British Columbia,,Persons under 18 years,Food secure,59,78.2
2021,British Columbia,,Persons under 18 years,Food insecure,59,21.8
2021,British Columbia,,Persons under 18 years,"Food insecure, marginal",59,6.0
2021,British Columbia,,Persons under 18 years,"Food insecure, moderate or severe",59,15.8
2021,British Columbia,,Persons under 18 years,"Food insecure, moderate",59,12.6
2021,British Columbia,,Persons under 18 years,"Food insecure, severe",59,3.2
2021,British Columbia,,Persons 18 to 64 years,Food secure,59,82.3
2021,British Columbia,,Persons 18 to 64 years,Food insecure,59,17.7
2021,British Columbia,,Persons 18 to 64 years,"Food insecure, marginal",59,5.3
2021,British Columbia,,Persons 18 to 64 years,"Food insecure, moderate or severe",59,12.4
2021,British Columbia,,Persons 18 to 64 years,"Food insecure, moderate",59,8.2
2021,British Columbia,,Persons 18 to 64 years,"Food insecure, severe",59,4.2
2021,British Columbia,,Persons 18 to 24 years,Food secure,59,79.7
2021,British Columbia,,Persons 18 to 24 years,Food insecure,59,20.3
2021,British Columbia,,Persons 18 to 24 years,"Food insecure, marginal",59,7.9
2021,British Columbia,,Persons 18 to 24 years,"Food insecure, moderate or severe",59,12.4
2021,British Columbia,,Persons 18 to 24 years,"Food insecure, moderate",59,8.1
2021,British Columbia,,Persons 18 to 24 years,"Food insecure, severe",59,4.3
2021,British Columbia,,Persons 25 to 34 years,Food secure,59,82.9
2021,British Columbia,,Persons 25 to 34 years,Food insecure,59,17.1
2021,British Columbia,,Persons 25 to 34 years,"Food insecure, marginal",59,4.4
2021,British Columbia,,Persons 25 to 34 years,"Food insecure, moderate or severe",59,12.8
2021,British Columbia,,Persons 25 to 34 years,"Food insecure, moderate",59,8.1
2021,British Columbia,,Persons 25 to 34 years,"Food insecure, severe",59,4.7
2021,British Columbia,,Persons 35 to 44 years,Food secure,59,81.4
2021,British Columbia,,Persons 35 to 44 years,Food insecure,59,18.6
2021,British Columbia,,Persons 35 to 44 years,"Food insecure, marginal",59,5.2
2021,British Columbia,,Persons 35 to 44 years,"Food insecure, moderate or severe",59,13.4
2021,British Columbia,,Persons 35 to 44 years,"Food insecure, moderate",59,9.6
2021,British Columbia,,Persons 35 to 44 years,"Food insecure, severe",59,3.8
2021,British Columbia,,Persons 45 to 54 years,Food secure,59,82.8
2021,British Columbia,,Persons 45 to 54 years,Food insecure,59,17.2
2021,British Columbia,,Persons 45 to 54 years,"Food insecure, marginal",59,5.4
2021,British Columbia,,Persons 45 to 54 years,"Food insecure, moderate or severe",59,11.8
2021,British Columbia,,Persons 45 to 54 years,"Food insecure, moderate",59,7.9
2021,British Columbia,,Persons 45 to 54 years,"Food insecure, severe",59,3.9
2021,British Columbia,,Persons 55 to 64 years,Food secure,59,83.6
2021,British Columbia,,Persons 55 to 64 years,Food insecure,59,16.4
2021,British Columbia,,Persons 55 to 64 years,"Food insecure, marginal",59,4.8
2021,British Columbia,,Persons 55 to 64 years,"Food insecure, moderate or severe",59,11.6
2021,British Columbia,,Persons 55 to 64 years,"Food insecure, moderate",59,7.2
2021,British Columbia,,Persons 55 to 64 years,"Food insecure, severe",59,4.5
2021,British Columbia,,Persons 65 years and over,Food secure,59,90.7
2021,British Columbia,,Persons 65 years and over,Food insecure,59,9.3
2021,British Columbia,,Persons 65 years and over,"Food insecure, marginal",59,4.0
2021,British Columbia,,Persons 65 years and over,"Food insecure, moderate or severe",59,5.3
2021,British Columbia,,Persons 65 years and over,"Food insecure, moderate",59,3.9
2021,British Columbia,,Persons 65 years and over,"Food insecure, severe",59,1.4
2021,British Columbia,,Males,Food secure,59,83.5
2021,British Columbia,,Males,Food insecure,59,16.5
2021,British Columbia,,Males,"Food insecure, marginal",59,4.9
2021,British Columbia,,Males,"Food insecure, moderate or severe",59,11.6
2021,British Columbia,,Males,"Food insecure, moderate",59,8.2
2021,British Columbia,,Males,"Food insecure, severe",59,3.5
2021,British Columbia,,"Males, under 18 years",Food secure,59,75.6
2021,British Columbia,,"Males, under 18 years",Food insecure,59,24.4
2021,British Columbia,,"Males, under 18 years","Food insecure, marginal",59,5.6
2021,British Columbia,,"Males, under 18 years","Food insecure, moderate or severe",59,18.8
2021,British Columbia,,"Males, under 18 years","Food insecure, moderate",59,15.0
2021,British Columbia,,"Males, under 18 years","Food insecure, severe",59,3.8
2021,British Columbia,,"Males, 18 to 64 years",Food secure,59,83.5
2021,British Columbia,,"Males, 18 to 64 years",Food insecure,59,16.5
2021,British Columbia,,"Males, 18 to 64 years","Food insecure, marginal",59,5.0
2021,British Columbia,,"Males, 18 to 64 years","Food insecure, moderate or severe",59,11.5
2021,British Columbia,,"Males, 18 to 64 years","Food insecure, moderate",59,7.6
2021,British Columbia,,"Males, 18 to 64 years","Food insecure, severe",59,3.9
2021,British Columbia,,"Males, 65 years and over",Food secure,59,91.0
2021,British Columbia,,"Males, 65 years and over",Food insecure,59,9.0
2021,British Columbia,,"Males, 65 years and over","Food insecure, marginal",59,3.9
2021,British Columbia,,"Males, 65 years and over","Food insecure, moderate or severe",59,5.2
2021,British Columbia,,"Males, 65 years and over","Food insecure, moderate",59,3.5
2021,British Columbia,,"Males, 65 years and over","Food insecure, severe",59,1.7
2021,British Columbia,,Females,Food secure,59,83.0
2021,British Columbia,,Females,Food insecure,59,17.0
2021,British Columbia,,Females,"Food insecure, marginal",59,5.4
2021,British Columbia,,Females,"Food insecure, moderate or severe",59,11.6
2021,British Columbia,,Females,"Food insecure, moderate",59,8.1
2021,British Columbia,,Females,"Food insecure, severe",59,3.5
2021,British Columbia,,"Females, under 18 years",Food secure,59,80.8
2021,British Columbia,,"Females, under 18 years",Food insecure,59,19.2
2021,British Columbia,,"Females, under 18 years","Food insecure, marginal",59,6.5
2021,British Columbia,,"Females, under 18 years","Food insecure, moderate or severe",59,12.7
2021,British Columbia,,"Females, under 18 years","Food insecure, moderate",59,10.2
2021,British Columbia,,"Females, under 18 years","Food insecure, severe",59,2.5
2021,British Columbia,,"Females, 18 to 64 years",Food secure,59,81.1
2021,British Columbia,,"Females, 18 to 64 years",Food insecure,59,18.9
2021,British Columbia,,"Females, 18 to 64 years","Food insecure, marginal",59,5.6
2021,British Columbia,,"Females, 18 to 64 years","Food insecure, moderate or severe",59,13.3
2021,British Columbia,,"Females, 18 to 64 years","Food insecure, moderate",59,8.7
2021,British Columbia,,"Females, 18 to 64 years","Food insecure, severe",59,4.6
2021,British Columbia,,"Females, 65 years and over",Food secure,59,90.6
2021,British Columbia,,"Females, 65 years and over",Food insecure,59,9.4
2021,British Columbia,,"Females, 65 years and over","Food insecure, marginal",59,4.1
2021,British Columbia,,"Females, 65 years and over","Food insecure, moderate or severe",59,5.4
2021,British Columbia,,"Females, 65 years and over","Food insecure, moderate",59,4.2
2021,British Columbia,,"Females, 65 years and over","Food insecure, severe",59,1.1
2021,British Columbia,,Visible minority population,Food secure,59,81.8
2021,British Columbia,,Visible minority population,Food insecure,59,18.2
2021,British Columbia,,Visible minority population,"Food insecure, marginal",59,6.5
2021,British Columbia,,Visible minority population,"Food insecure, moderate or severe",59,11.7
2021,British Columbia,,Visible minority population,"Food insecure, moderate",59,9.6
2021,British Columbia,,Visible minority population,"Food insecure, severe",59,2.0
2021,British Columbia,,South Asian,Food secure,59,82.3
2021,British Columbia,,South Asian,Food insecure,59,17.7
2021,British Columbia,,South Asian,"Food insecure, marginal",59,
2021,British Columbia,,South Asian,"Food insecure, moderate or severe",59,10.3
2021,British Columbia,,South Asian,"Food insecure, moderate",59,
2021,British Columbia,,South Asian,"Food insecure, severe",59,
2021,British Columbia,,Chinese,Food secure,59,82.0
2021,British Columbia,,Chinese,Food insecure,59,18.0
2021,British Columbia,,Chinese,"Food insecure, marginal",59,
2021,British Columbia,,Chinese,"Food insecure, moderate or severe",59,10.9
2021,British Columbia,,Chinese,"Food insecure, moderate",59,7.6
2021,British Columbia,,Chinese,"Food insecure, severe",59,3.2
2021,British Columbia,,Black,Food secure,59,73.2
2021,British Columbia,,Black,Food insecure,59,
2021,British Columbia,,Black,"Food insecure, marginal",59,
2021,British Columbia,,Black,"Food insecure, moderate or severe",59,
2021,British Columbia,,Black,"Food insecure, moderate",59,
2021,British Columbia,,Black,"Food insecure, severe",59,
2021,British Columbia,,Filipino,Food secure,59,76.1
2021,British Columbia,,Filipino,Food insecure,59,23.9
2021,British Columbia,,Filipino,"Food insecure, marginal",59,
2021,British Columbia,,Filipino,"Food insecure, moderate or severe",59,
2021,British Columbia,,Filipino,"Food insecure, moderate",59,
2021,British Columbia,,Filipino,"Food insecure, severe",59,
2021,British Columbia,,Arab,Food secure,59,78.1
2021,British Columbia,,Arab,Food insecure,59,
2021,British Columbia,,Arab,"Food insecure, marginal",59,
2021,British Columbia,,Arab,"Food insecure, moderate or severe",59,
2021,British Columbia,,Arab,"Food insecure, moderate",59,
2021,British Columbia,,Arab,"Food insecure, severe",59,
2021,British Columbia,,Latin American,Food secure,59,88.3
2021,British Columbia,,Latin American,Food insecure,59,
2021,British Columbia,,Latin American,"Food insecure, marginal",59,
2021,British Columbia,,Latin American,"Food insecure, moderate or severe",59,
2021,British Columbia,,Latin American,"Food insecure, moderate",59,
2021,British Columbia,,Latin American,"Food insecure, severe",59,
2021,British Columbia,,Southeast Asian,Food secure,59,74.8
2021,British Columbia,,Southeast Asian,Food insecure,59,25.2
2021,British Columbia,,Southeast Asian,"Food insecure, marginal",59,
2021,British Columbia,,Southeast Asian,"Food insecure, moderate or severe",59,24.2
2021,British Columbia,,Southeast Asian,"Food insecure, moderate",59,23.7
2021,British Columbia,,Southeast Asian,"Food insecure, severe",59,
2021,British Columbia,,Other visible minority,Food secure,59,89.1
2021,British Columbia,,Other visible minority,Food insecure,59,10.9
2021,British Columbia,,Other visible minority,"Food insecure, marginal",59,
2021,British Columbia,,Other visible minority,"Food insecure, moderate or severe",59,8.3
2021,British Columbia,,Other visible minority,"Food insecure, moderate",59,6.9
2021,British Columbia,,Other visible minority,"Food insecure, severe",59,
2021,British Columbia,,Not a visible minority,Food secure,59,84.0
2021,British Columbia,,Not a visible minority,Food insecure,59,16.0
2021,British Columbia,,Not a visible minority,"Food insecure, marginal",59,4.4
2021,British Columbia,,Not a visible minority,"Food insecure, moderate or severe",59,11.6
2021,British Columbia,,Not a visible minority,"Food insecure, moderate",59,7.3
2021,British Columbia,,Not a visible minority,"Food insecure, severe",59,4.3
2021,British Columbia,,Indigenous population,Food secure,59,63.1
2021,British Columbia,,Indigenous population,Food insecure,59,36.9
2021,British Columbia,,Indigenous population,"Food insecure, marginal",59,11.0
2021,British Columbia,,Indigenous population,"Food insecure, moderate or severe",59,26.0
2021,British Columbia,,Indigenous population,"Food insecure, moderate",59,15.9
2021,British Columbia,,Indigenous population,"Food insecure, severe",59,10.0
2021,British Columbia,,Non-Indigenous population,Food secure,59,84.0
2021,British Columbia,,Non-Indigenous population,Food insecure,59,16.0
2021,British Columbia,,Non-Indigenous population,"Food insecure, marginal",59,5.0
2021,British Columbia,,Non-Indigenous population,"Food insecure, moderate or severe",59,11.1
2021,British Columbia,,Non-Indigenous population,"Food insecure, moderate",59,7.8
2021,British Columbia,,Non-Indigenous population,"Food insecure, severe",59,3.3
2021,British Columbia,,Not a visible minority nor Indigenous,Food secure,59,85.2
2021,British Columbia,,Not a visible minority nor Indigenous,Food insecure,59,14.8
2021,British Columbia,,Not a visible minority nor Indigenous,"Food insecure, marginal",59,4.1
2021,British Columbia,,Not a visible minority nor Indigenous,"Food insecure, moderate or severe",59,10.7
2021,British Columbia,,Not a visible minority nor Indigenous,"Food insecure, moderate",59,6.8
2021,British Columbia,,Not a visible minority nor Indigenous,"Food insecure, severe",59,4.0
2021,British Columbia,,All persons aged 15 years and over,Food secure,59,84.1
2021,British Columbia,,All persons aged 15 years and over,Food insecure,59,15.9
2021,British Columbia,,All persons aged 15 years and over,"Food insecure, marginal",59,5.1
2021,British Columbia,,All persons aged 15 years and over,"Food insecure, moderate or severe",59,10.8
2021,British Columbia,,All persons aged 15 years and over,"Food insecure, moderate",59,7.3
2021,British Columbia,,All persons aged 15 years and over,"Food insecure, severe",59,3.5
2021,British Columbia,,Indigenous population aged 15 years and over,Food secure,59,67.1
2021,British Columbia,,Indigenous population aged 15 years and over,Food insecure,59,32.9
2021,British Columbia,,Indigenous population aged 15 years and over,"Food insecure, marginal",59,
2021,British Columbia,,Indigenous population aged 15 years and over,"Food insecure, moderate or severe",59,22.3
2021,British Columbia,,Indigenous population aged 15 years and over,"Food insecure, moderate",59,11.3
2021,British Columbia,,Indigenous population aged 15 years and over,"Food insecure, severe",59,10.9
2021,British Columbia,,First Nations aged 15 years and over,Food secure,59,70.3
2021,British Columbia,,First Nations aged 15 years and over,Food insecure,59,29.7
2021,British Columbia,,First Nations aged 15 years and over,"Food insecure, marginal",59,
2021,British Columbia,,First Nations aged 15 years and over,"Food insecure, moderate or severe",59,21.2
2021,British Columbia,,First Nations aged 15 years and over,"Food insecure, moderate",59,11.3
2021,British Columbia,,First Nations aged 15 years and over,"Food insecure, severe",59,
2021,British Columbia,,Métis aged 15 years and over,Food secure,59,68.6
2021,British Columbia,,Métis aged 15 years and over,Food insecure,59,31.4
2021,British Columbia,,Métis aged 15 years and over,"Food insecure, marginal",59,
2021,British Columbia,,Métis aged 15 years and over,"Food insecure, moderate or severe",59,23.5
2021,British Columbia,,Métis aged 15 years and over,"Food insecure, moderate",59,12.7
2021,British Columbia,,Métis aged 15 years and over,"Food insecure, severe",59,
2021,British Columbia,,Non-Indigenous population aged 15 years and over,Food secure,59,84.6
2021,British Columbia,,Non-Indigenous population aged 15 years and over,Food insecure,59,15.4
2021,British Columbia,,Non-Indigenous population aged 15 years and over,"Food insecure, marginal",59,4.9
2021,British Columbia,,Non-Indigenous population aged 15 years and over,"Food insecure, moderate or severe",59,10.4
2021,British Columbia,,Non-Indigenous population aged 15 years and over,"Food insecure, moderate",59,7.1
2021,British Columbia,,Non-Indigenous population aged 15 years and over,"Food insecure, severe",59,3.3
2021,British Columbia,,Immigrants aged 15 years and over,Food secure,59,83.9
2021,British Columbia,,Immigrants aged 15 years and over,Food insecure,59,16.1
2021,British Columbia,,Immigrants aged 15 years and over,"Food insecure, marginal",59,6.5
2021,British Columbia,,Immigrants aged 15 years and over,"Food insecure, moderate or severe",59,9.6
2021,British Columbia,,Immigrants aged 15 years and over,"Food insecure, moderate",59,7.7
2021,British Columbia,,Immigrants aged 15 years and over,"Food insecure, severe",59,2.0
2021,British Columbia,,Recent immigrants (10 years or less) aged 15 years and over,Food secure,59,84.4
2021,British Columbia,,Recent immigrants (10 years or less) aged 15 years and over,Food insecure,59,15.6
2021,British Columbia,,Recent immigrants (10 years or less) aged 15 years and over,"Food insecure, marginal",59,5.4
2021,British Columbia,,Recent immigrants (10 years or less) aged 15 years and over,"Food insecure, moderate or severe",59,10.2
2021,British Columbia,,Recent immigrants (10 years or less) aged 15 years and over,"Food insecure, moderate",59,
2021,British Columbia,,Recent immigrants (10 years or less) aged 15 years and over,"Food insecure, severe",59,
2021,British Columbia,,Very recent immigrants (5 years or less) aged 15 years and over,Food secure,59,88.1
2021,British Columbia,,Very recent immigrants (5 years or less) aged 15 years and over,Food insecure,59,11.9
2021,British Columbia,,Very recent immigrants (5 years or less) aged 15 years and over,"Food insecure, marginal",59,4.8
2021,British Columbia,,Very recent immigrants (5 years or less) aged 15 years and over,"Food insecure, moderate or severe",59,7.1
2021,British Columbia,,Very recent immigrants (5 years or less) aged 15 years and over,"Food insecure, moderate",59,
2021,British Columbia,,Very recent immigrants (5 years or less) aged 15 years and over,"Food insecure, severe",59,
2021,British Columbia,,Persons aged 15 years and over born in Canada,Food secure,59,83.9
2021,British Columbia,,Persons aged 15 years and over born in Canada,Food insecure,59,16.1
2021,British Columbia,,Persons aged 15 years and over born in Canada,"Food insecure, marginal",59,4.4
2021,British Columbia,,Persons aged 15 years and over born in Canada,"Food insecure, moderate or severe",59,11.7
2021,British Columbia,,Persons aged 15 years and over born in Canada,"Food insecure, moderate",59,7.2
2021,British Columbia,,Persons aged 15 years and over born in Canada,"Food insecure, severe",59,4.5
2022,Canada,,Persons under 18 years,Food secure,,71.6
2022,Canada,,Persons under 18 years,Food insecure,,28.4
2022,Canada,,Persons under 18 years,"Food insecure, marginal",,7.5
2022,Canada,,Persons under 18 years,"Food insecure, moderate",,14.5
2022,Canada,,Persons under 18 years,"Food insecure, severe",,6.4
2022,Canada,,Persons 18 to 64 years,Food secure,,75.5
2022,Canada,,Persons 18 to 64 years,Food insecure,,24.5
2022,Canada,,Persons 18 to 64 years,"Food insecure, marginal",,6.1
2022,Canada,,Persons 18 to 64 years,"Food insecure, moderate",,11.3
2022,Canada,,Persons 18 to 64 years,"Food insecure, severe",,7.0
2022,Canada,,Persons 18 to 24 years,Food secure,,75.6
2022,Canada,,Persons 18 to 24 years,Food insecure,,24.4
2022,Canada,,Persons 18 to 24 years,"Food insecure, marginal",,6.7
2022,Canada,,Persons 18 to 24 years,"Food insecure, moderate",,10.3
2022,Canada,,Persons 18 to 24 years,"Food insecure, severe",,7.4
2022,Canada,,Persons 25 to 34 years,Food secure,,72.0
2022,Canada,,Persons 25 to 34 years,Food insecure,,28.0
2022,Canada,,Persons 25 to 34 years,"Food insecure, marginal",,6.8
2022,Canada,,Persons 25 to 34 years,"Food insecure, moderate",,13.7
2022,Canada,,Persons 25 to 34 years,"Food insecure, severe",,7.5
2022,Canada,,Persons 35 to 44 years,Food secure,,73.1
2022,Canada,,Persons 35 to 44 years,Food insecure,,26.9
2022,Canada,,Persons 35 to 44 years,"Food insecure, marginal",,6.4
2022,Canada,,Persons 35 to 44 years,"Food insecure, moderate",,13.4
2022,Canada,,Persons 35 to 44 years,"Food insecure, severe",,7.1
2022,Canada,,Persons 45 to 54 years,Food secure,,76.7
2022,Canada,,Persons 45 to 54 years,Food insecure,,23.3
2022,Canada,,Persons 45 to 54 years,"Food insecure, marginal",,6.0
2022,Canada,,Persons 45 to 54 years,"Food insecure, moderate",,10.0
2022,Canada,,Persons 45 to 54 years,"Food insecure, severe",,7.3
2022,Canada,,Persons 55 to 64 years,Food secure,,80.4
2022,Canada,,Persons 55 to 64 years,Food insecure,,19.6
2022,Canada,,Persons 55 to 64 years,"Food insecure, marginal",,5.0
2022,Canada,,Persons 55 to 64 years,"Food insecure, moderate",,8.7
2022,Canada,,Persons 55 to 64 years,"Food insecure, severe",,5.9
2022,Canada,,Persons 65 years and over,Food secure,,88.3
2022,Canada,,Persons 65 years and over,Food insecure,,11.7
2022,Canada,,Persons 65 years and over,"Food insecure, marginal",,3.8
2022,Canada,,Persons 65 years and over,"Food insecure, moderate",,5.6
2022,Canada,,Persons 65 years and over,"Food insecure, severe",,2.4
2022,Canada,,Males,Food secure,,77.4
2022,Canada,,Males,Food insecure,,22.6
2022,Canada,,Males,"Food insecure, marginal",,5.9
2022,Canada,,Males,"Food insecure, moderate",,10.6
2022,Canada,,Males,"Food insecure, severe",,6.1
2022,Canada,,"Males, under 18 years",Food secure,,71.4
2022,Canada,,"Males, under 18 years",Food insecure,,28.6
2022,Canada,,"Males, under 18 years","Food insecure, marginal",,7.2
2022,Canada,,"Males, under 18 years","Food insecure, moderate",,14.7
2022,Canada,,"Males, under 18 years","Food insecure, severe",,6.7
2022,Canada,,"Males, 18 to 64 years",Food secure,,76.2
2022,Canada,,"Males, 18 to 64 years",Food insecure,,23.8
2022,Canada,,"Males, 18 to 64 years","Food insecure, marginal",,6.1
2022,Canada,,"Males, 18 to 64 years","Food insecure, moderate",,10.8
2022,Canada,,"Males, 18 to 64 years","Food insecure, severe",,6.9
2022,Canada,,"Males, 65 years and over",Food secure,,88.5
2022,Canada,,"Males, 65 years and over",Food insecure,,11.5
2022,Canada,,"Males, 65 years and over","Food insecure, marginal",,3.7
2022,Canada,,"Males, 65 years and over","Food insecure, moderate",,5.4
2022,Canada,,"Males, 65 years and over","Food insecure, severe",,2.4
2022,Canada,,Females,Food secure,,76.9
2022,Canada,,Females,Food insecure,,23.1
2022,Canada,,Females,"Food insecure, marginal",,6.0
2022,Canada,,Females,"Food insecure, moderate",,11.1
2022,Canada,,Females,"Food insecure, severe",,6.0
2022,Canada,,"Females, under 18 years",Food secure,,71.7
2022,Canada,,"Females, under 18 years",Food insecure,,28.3
2022,Canada,,"Females, under 18 years","Food insecure, marginal",,7.8
2022,Canada,,"Females, under 18 years","Food insecure, moderate",,14.4
2022,Canada,,"Females, under 18 years","Food insecure, severe",,6.1
2022,Canada,,"Females, 18 to 64 years",Food secure,,74.8
2022,Canada,,"Females, 18 to 64 years",Food insecure,,25.2
2022,Canada,,"Females, 18 to 64 years","Food insecure, marginal",,6.2
2022,Canada,,"Females, 18 to 64 years","Food insecure, moderate",,11.9
2022,Canada,,"Females, 18 to 64 years","Food insecure, severe",,7.1
2022,Canada,,"Females, 65 years and over",Food secure,,88.1
2022,Canada,,"Females, 65 years and over",Food insecure,,11.9
2022,Canada,,"Females, 65 years and over","Food insecure, marginal",,3.9
2022,Canada,,"Females, 65 years and over","Food insecure, moderate",,5.7
2022,Canada,,"Females, 65 years and over","Food insecure, severe",,2.4
2022,Canada,,Visible minority population,Food secure,,72.7
2022,Canada,,Visible minority population,Food insecure,,27.3
2022,Canada,,Visible minority population,"Food insecure, marginal",,6.6
2022,Canada,,Visible minority population,"Food insecure, moderate",,14.5
2022,Canada,,Visible minority population,"Food insecure, severe",,6.2
2022,Canada,,South Asian,Food secure,,76.2
2022,Canada,,South Asian,Food insecure,,23.8
2022,Canada,,South Asian,"Food insecure, marginal",,6.2
2022,Canada,,South Asian,"Food insecure, moderate",,11.3
2022,Canada,,South Asian,"Food insecure, severe",,6.3
2022,Canada,,Chinese,Food secure,,81.0
2022,Canada,,Chinese,Food insecure,,19.0
2022,Canada,,Chinese,"Food insecure, marginal",,5.7
2022,Canada,,Chinese,"Food insecure, moderate",,10.1
2022,Canada,,Chinese,"Food insecure, severe",,3.3
2022,Canada,,Black,Food secure,,59.6
2022,Canada,,Black,Food insecure,,40.4
2022,Canada,,Black,"Food insecure, marginal",,8.5
2022,Canada,,Black,"Food insecure, moderate",,20.1
2022,Canada,,Black,"Food insecure, severe",,11.8
2022,Canada,,Filipino,Food secure,,73.0
2022,Canada,,Filipino,Food insecure,,27.0
2022,Canada,,Filipino,"Food insecure, marginal",,6.4
2022,Canada,,Filipino,"Food insecure, moderate",,16.4
2022,Canada,,Filipino,"Food insecure, severe",,4.1
2022,Canada,,Arab,Food secure,,74.2
2022,Canada,,Arab,Food insecure,,25.8
2022,Canada,,Arab,"Food insecure, marginal",,7.5
2022,Canada,,Arab,"Food insecure, moderate",,14.9
2022,Canada,,Arab,"Food insecure, severe",,3.4
2022,Canada,,Latin American,Food secure,,68.9
2022,Canada,,Latin American,Food insecure,,31.1
2022,Canada,,Latin American,"Food insecure, marginal",,7.6
2022,Canada,,Latin American,"Food insecure, moderate",,15.6
2022,Canada,,Latin American,"Food insecure, severe",,7.8
2022,Canada,,Southeast Asian,Food secure,,74.7
2022,Canada,,Southeast Asian,Food insecure,,25.3
2022,Canada,,Southeast Asian,"Food insecure, marginal",,8.7
2022,Canada,,Southeast Asian,"Food insecure, moderate",,11.1
2022,Canada,,Southeast Asian,"Food insecure, severe",,
2022,Canada,,Other visible minority,Food secure,,68.6
2022,Canada,,Other visible minority,Food insecure,,31.4
2022,Canada,,Other visible minority,"Food insecure, marginal",,4.6
2022,Canada,,Other visible minority,"Food insecure, moderate",,20.2
2022,Canada,,Other visible minority,"Food insecure, severe",,6.7
2022,Canada,,Not a visible minority,Food secure,,79.0
2022,Canada,,Not a visible minority,Food insecure,,21.0
2022,Canada,,Not a visible minority,"Food insecure, marginal",,5.7
2022,Canada,,Not a visible minority,"Food insecure, moderate",,9.4
2022,Canada,,Not a visible minority,"Food insecure, severe",,5.9
2022,Canada,,Indigenous population,Food secure,,63.2
2022,Canada,,Indigenous population,Food insecure,,36.8
2022,Canada,,Indigenous population,"Food insecure, marginal",,7.8
2022,Canada,,Indigenous population,"Food insecure, moderate",,14.7
2022,Canada,,Indigenous population,"Food insecure, severe",,14.3
2022,Canada,,Non-Indigenous population,Food secure,,77.6
2022,Canada,,Non-Indigenous population,Food insecure,,22.4
2022,Canada,,Non-Indigenous population,"Food insecure, marginal",,5.9
2022,Canada,,Non-Indigenous population,"Food insecure, moderate",,10.8
2022,Canada,,Non-Indigenous population,"Food insecure, severe",,5.8
2022,Canada,,Not a visible minority nor Indigenous,Food secure,,79.7
2022,Canada,,Not a visible minority nor Indigenous,Food insecure,,20.3
2022,Canada,,Not a visible minority nor Indigenous,"Food insecure, marginal",,5.6
2022,Canada,,Not a visible minority nor Indigenous,"Food insecure, moderate",,9.2
2022,Canada,,Not a visible minority nor Indigenous,"Food insecure, severe",,5.6
2022,Canada,,All persons aged 15 years and over,Food secure,,78.2
2022,Canada,,All persons aged 15 years and over,Food insecure,,21.8
2022,Canada,,All persons aged 15 years and over,"Food insecure, marginal",,5.7
2022,Canada,,All persons aged 15 years and over,"Food insecure, moderate",,10.1
2022,Canada,,All persons aged 15 years and over,"Food insecure, severe",,6.0
2022,Canada,,Indigenous population aged 15 years and over,Food secure,,64.3
2022,Canada,,Indigenous population aged 15 years and over,Food insecure,,35.7
2022,Canada,,Indigenous population aged 15 years and over,"Food insecure, marginal",,7.1
2022,Canada,,Indigenous population aged 15 years and over,"Food insecure, moderate",,13.4
2022,Canada,,Indigenous population aged 15 years and over,"Food insecure, severe",,15.2
2022,Canada,,First Nations aged 15 years and over,Food secure,,59.9
2022,Canada,,First Nations aged 15 years and over,Food insecure,,40.1
2022,Canada,,First Nations aged 15 years and over,"Food insecure, marginal",,7.1
2022,Canada,,First Nations aged 15 years and over,"Food insecure, moderate",,16.1
2022,Canada,,First Nations aged 15 years and over,"Food insecure, severe",,16.9
2022,Canada,,Métis aged 15 years and over,Food secure,,68.8
2022,Canada,,Métis aged 15 years and over,Food insecure,,31.2
2022,Canada,,Métis aged 15 years and over,"Food insecure, marginal",,7.5
2022,Canada,,Métis aged 15 years and over,"Food insecure, moderate",,10.5
2022,Canada,,Métis aged 15 years and over,"Food insecure, severe",,13.3
2022,Canada,,Non-Indigenous population aged 15 years and over,Food secure,,78.6
2022,Canada,,Non-Indigenous population aged 15 years and over,Food insecure,,21.4
2022,Canada,,Non-Indigenous population aged 15 years and over,"Food insecure, marginal",,5.6
2022,Canada,,Non-Indigenous population aged 15 years and over,"Food insecure, moderate",,10.0
2022,Canada,,Non-Indigenous population aged 15 years and over,"Food insecure, severe",,5.7
2022,Canada,,Immigrants aged 15 years and over,Food secure,,76.8
2022,Canada,,Immigrants aged 15 years and over,Food insecure,,23.2
2022,Canada,,Immigrants aged 15 years and over,"Food insecure, marginal",,6.0
2022,Canada,,Immigrants aged 15 years and over,"Food insecure, moderate",,12.2
2022,Canada,,Immigrants aged 15 years and over,"Food insecure, severe",,5.1
2022,Canada,,Recent immigrants (10 years or less) aged 15 years and over,Food secure,,71.6
2022,Canada,,Recent immigrants (10 years or less) aged 15 years and over,Food insecure,,28.4
2022,Canada,,Recent immigrants (10 years or less) aged 15 years and over,"Food insecure, marginal",,7.2
2022,Canada,,Recent immigrants (10 years or less) aged 15 years and over,"Food insecure, moderate",,16.1
2022,Canada,,Recent immigrants (10 years or less) aged 15 years and over,"Food insecure, severe",,5.2
2022,Canada,,Very recent immigrants (5 years or less) aged 15 years and over,Food secure,,73.1
2022,Canada,,Very recent immigrants (5 years or less) aged 15 years and over,Food insecure,,26.9
2022,Canada,,Very recent immigrants (5 years or less) aged 15 years and over,"Food insecure, marginal",,7.6
2022,Canada,,Very recent immigrants (5 years or less) aged 15 years and over,"Food insecure, moderate",,13.9
2022,Canada,,Very recent immigrants (5 years or less) aged 15 years and over,"Food insecure, severe",,5.4
2022,Canada,,Persons aged 15 years and over born in Canada,Food secure,,79.2
2022,Canada,,Persons aged 15 years and over born in Canada,Food insecure,,20.8
2022,Canada,,Persons aged 15 years and over born in Canada,"Food insecure, marginal",,5.4
2022,Canada,,Persons aged 15 years and over born in Canada,"Food insecure, moderate",,9.1
2022,Canada,,Persons aged 15 years and over born in Canada,"Food insecure, severe",,6.3
2022,Atlantic provinces,,All persons,Food secure,,72.8
2022,Atlantic provinces,,All persons,Food insecure,,27.2
2022,Atlantic provinces,,All persons,"Food insecure, marginal",,6.3
2022,Atlantic provinces,,All persons,"Food insecure, moderate or severe",,20.9
2022,Atlantic provinces,,All persons,"Food insecure, moderate",,13.1
2022,Atlantic provinces,,All persons,"Food insecure, severe",,7.8
2022,Atlantic provinces,,Persons under 18 years,Food secure,,63.4
2022,Atlantic provinces,,Persons under 18 years,Food insecure,,36.6
2022,Atlantic provinces,,Persons under 18 years,"Food insecure, marginal",,7.9
2022,Atlantic provinces,,Persons under 18 years,"Food insecure, moderate or severe",,28.7
2022,Atlantic provinces,,Persons under 18 years,"Food insecure, moderate",,18.4
2022,Atlantic provinces,,Persons under 18 years,"Food insecure, severe",,10.3
2022,Atlantic provinces,,Persons 18 to 64 years,Food secure,,70.5
2022,Atlantic provinces,,Persons 18 to 64 years,Food insecure,,29.5
2022,Atlantic provinces,,Persons 18 to 64 years,"Food insecure, marginal",,6.4
2022,Atlantic provinces,,Persons 18 to 64 years,"Food insecure, moderate or severe",,23.1
2022,Atlantic provinces,,Persons 18 to 64 years,"Food insecure, moderate",,14.3
2022,Atlantic provinces,,Persons 18 to 64 years,"Food insecure, severe",,8.9
2022,Atlantic provinces,,Persons 18 to 24 years,Food secure,,67.2
2022,Atlantic provinces,,Persons 18 to 24 years,Food insecure,,32.8
2022,Atlantic provinces,,Persons 18 to 24 years,"Food insecure, marginal",,6.6
2022,Atlantic provinces,,Persons 18 to 24 years,"Food insecure, moderate or severe",,26.2
2022,Atlantic provinces,,Persons 18 to 24 years,"Food insecure, moderate",,16.2
2022,Atlantic provinces,,Persons 18 to 24 years,"Food insecure, severe",,10.0
2022,Atlantic provinces,,Persons 25 to 34 years,Food secure,,67.1
2022,Atlantic provinces,,Persons 25 to 34 years,Food insecure,,32.9
2022,Atlantic provinces,,Persons 25 to 34 years,"Food insecure, marginal",,6.7
2022,Atlantic provinces,,Persons 25 to 34 years,"Food insecure, moderate or severe",,26.3
2022,Atlantic provinces,,Persons 25 to 34 years,"Food insecure, moderate",,15.1
2022,Atlantic provinces,,Persons 25 to 34 years,"Food insecure, severe",,11.2
2022,Atlantic provinces,,Persons 35 to 44 years,Food secure,,67.1
2022,Atlantic provinces,,Persons 35 to 44 years,Food insecure,,32.9
2022,Atlantic provinces,,Persons 35 to 44 years,"Food insecure, marginal",,6.7
2022,Atlantic provinces,,Persons 35 to 44 years,"Food insecure, moderate or severe",,26.2
2022,Atlantic provinces,,Persons 35 to 44 years,"Food insecure, moderate",,17.0
2022,Atlantic provinces,,Persons 35 to 44 years,"Food insecure, severe",,9.2
2022,Atlantic provinces,,Persons 45 to 54 years,Food secure,,70.8
2022,Atlantic provinces,,Persons 45 to 54 years,Food insecure,,29.2
2022,Atlantic provinces,,Persons 45 to 54 years,"Food insecure, marginal",,6.7
2022,Atlantic provinces,,Persons 45 to 54 years,"Food insecure, moderate or severe",,22.4
2022,Atlantic provinces,,Persons 45 to 54 years,"Food insecure, moderate",,13.9
2022,Atlantic provinces,,Persons 45 to 54 years,"Food insecure, severe",,8.5
2022,Atlantic provinces,,Persons 55 to 64 years,Food secure,,77.2
2022,Atlantic provinces,,Persons 55 to 64 years,Food insecure,,22.8
2022,Atlantic provinces,,Persons 55 to 64 years,"Food insecure, marginal",,5.6
2022,Atlantic provinces,,Persons 55 to 64 years,"Food insecure, moderate or severe",,17.3
2022,Atlantic provinces,,Persons 55 to 64 years,"Food insecure, moderate",,10.8
2022,Atlantic provinces,,Persons 55 to 64 years,"Food insecure, severe",,6.5
2022,Atlantic provinces,,Persons 65 years and over,Food secure,,86.4
2022,Atlantic provinces,,Persons 65 years and over,Food insecure,,13.6
2022,Atlantic provinces,,Persons 65 years and over,"Food insecure, marginal",,4.6
2022,Atlantic provinces,,Persons 65 years and over,"Food insecure, moderate or severe",,9.0
2022,Atlantic provinces,,Persons 65 years and over,"Food insecure, moderate",,6.1
2022,Atlantic provinces,,Persons 65 years and over,"Food insecure, severe",,2.9
2022,Atlantic provinces,,Males,Food secure,,72.4
2022,Atlantic provinces,,Males,Food insecure,,27.6
2022,Atlantic provinces,,Males,"Food insecure, marginal",,6.4
2022,Atlantic provinces,,Males,"Food insecure, moderate or severe",,21.3
2022,Atlantic provinces,,Males,"Food insecure, moderate",,13.2
2022,Atlantic provinces,,Males,"Food insecure, severe",,8.1
2022,Atlantic provinces,,"Males, under 18 years",Food secure,,60.3
2022,Atlantic provinces,,"Males, under 18 years",Food insecure,,39.7
2022,Atlantic provinces,,"Males, under 18 years","Food insecure, marginal",,9.0
2022,Atlantic provinces,,"Males, under 18 years","Food insecure, moderate or severe",,30.7
2022,Atlantic provinces,,"Males, under 18 years","Food insecure, moderate",,18.9
2022,Atlantic provinces,,"Males, under 18 years","Food insecure, severe",,11.8
2022,Atlantic provinces,,"Males, 18 to 64 years",Food secure,,71.1
2022,Atlantic provinces,,"Males, 18 to 64 years",Food insecure,,28.9
2022,Atlantic provinces,,"Males, 18 to 64 years","Food insecure, marginal",,6.2
2022,Atlantic provinces,,"Males, 18 to 64 years","Food insecure, moderate or severe",,22.7
2022,Atlantic provinces,,"Males, 18 to 64 years","Food insecure, moderate",,13.9
2022,Atlantic provinces,,"Males, 18 to 64 years","Food insecure, severe",,8.8
2022,Atlantic provinces,,"Males, 65 years and over",Food secure,,86.3
2022,Atlantic provinces,,"Males, 65 years and over",Food insecure,,13.7
2022,Atlantic provinces,,"Males, 65 years and over","Food insecure, marginal",,4.7
2022,Atlantic provinces,,"Males, 65 years and over","Food insecure, moderate or severe",,9.1
2022,Atlantic provinces,,"Males, 65 years and over","Food insecure, moderate",,6.1
2022,Atlantic provinces,,"Males, 65 years and over","Food insecure, severe",,3.0
2022,Atlantic provinces,,Females,Food secure,,73.3
2022,Atlantic provinces,,Females,Food insecure,,26.7
2022,Atlantic provinces,,Females,"Food insecure, marginal",,6.2
2022,Atlantic provinces,,Females,"Food insecure, moderate or severe",,20.6
2022,Atlantic provinces,,Females,"Food insecure, moderate",,13.1
2022,Atlantic provinces,,Females,"Food insecure, severe",,7.5
2022,Atlantic provinces,,"Females, under 18 years",Food secure,,66.7
2022,Atlantic provinces,,"Females, under 18 years",Food insecure,,33.3
2022,Atlantic provinces,,"Females, under 18 years","Food insecure, marginal",,6.8
2022,Atlantic provinces,,"Females, under 18 years","Food insecure, moderate or severe",,26.5
2022,Atlantic provinces,,"Females, under 18 years","Food insecure, moderate",,17.7
2022,Atlantic provinces,,"Females, under 18 years","Food insecure, severe",,8.7
2022,Atlantic provinces,,"Females, 18 to 64 years",Food secure,,69.9
2022,Atlantic provinces,,"Females, 18 to 64 years",Food insecure,,30.1
2022,Atlantic provinces,,"Females, 18 to 64 years","Food insecure, marginal",,6.6
2022,Atlantic provinces,,"Females, 18 to 64 years","Food insecure, moderate or severe",,23.5
2022,Atlantic provinces,,"Females, 18 to 64 years","Food insecure, moderate",,14.6
2022,Atlantic provinces,,"Females, 18 to 64 years","Food insecure, severe",,8.9
2022,Atlantic provinces,,"Females, 65 years and over",Food secure,,86.4
2022,Atlantic provinces,,"Females, 65 years and over",Food insecure,,13.6
2022,Atlantic provinces,,"Females, 65 years and over","Food insecure, marginal",,4.6
2022,Atlantic provinces,,"Females, 65 years and over","Food insecure, moderate or severe",,9.0
2022,Atlantic provinces,,"Females, 65 years and over","Food insecure, moderate",,6.1
2022,Atlantic provinces,,"Females, 65 years and over","Food insecure, severe",,2.9
2022,Atlantic provinces,,Visible minority population,Food secure,,63.6
2022,Atlantic provinces,,Visible minority population,Food insecure,,36.4
2022,Atlantic provinces,,Visible minority population,"Food insecure, marginal",,9.0
2022,Atlantic provinces,,Visible minority population,"Food insecure, moderate or severe",,27.4
2022,Atlantic provinces,,Visible minority population,"Food insecure, moderate",,22.9
2022,Atlantic provinces,,Visible minority population,"Food insecure, severe",,4.5
2022,Atlantic provinces,,South Asian,Food secure,,63.8
2022,Atlantic provinces,,South Asian,Food insecure,,36.2
2022,Atlantic provinces,,South Asian,"Food insecure, marginal",,
2022,Atlantic provinces,,South Asian,"Food insecure, moderate or severe",,21.8
2022,Atlantic provinces,,South Asian,"Food insecure, moderate",,
2022,Atlantic provinces,,South Asian,"Food insecure, severe",,
2022,Atlantic provinces,,Chinese,Food secure,,87.5
2022,Atlantic provinces,,Chinese,Food insecure,,
2022,Atlantic provinces,,Chinese,"Food insecure, marginal",,
2022,Atlantic provinces,,Chinese,"Food insecure, moderate or severe",,
2022,Atlantic provinces,,Chinese,"Food insecure, moderate",,
2022,Atlantic provinces,,Chinese,"Food insecure, severe",,
2022,Atlantic provinces,,Black,Food secure,,57.5
2022,Atlantic provinces,,Black,Food insecure,,42.5
2022,Atlantic provinces,,Black,"Food insecure, marginal",,
2022,Atlantic provinces,,Black,"Food insecure, moderate or severe",,35.7
2022,Atlantic provinces,,Black,"Food insecure, moderate",,29.6
2022,Atlantic provinces,,Black,"Food insecure, severe",,
2022,Atlantic provinces,,Filipino,Food secure,,71.4
2022,Atlantic provinces,,Filipino,Food insecure,,
2022,Atlantic provinces,,Filipino,"Food insecure, marginal",,
2022,Atlantic provinces,,Filipino,"Food insecure, moderate or severe",,
2022,Atlantic provinces,,Filipino,"Food insecure, moderate",,
2022,Atlantic provinces,,Filipino,"Food insecure, severe",,
2022,Atlantic provinces,,Arab,Food secure,,55.4
2022,Atlantic provinces,,Arab,Food insecure,,44.6
2022,Atlantic provinces,,Arab,"Food insecure, marginal",,
2022,Atlantic provinces,,Arab,"Food insecure, moderate or severe",,
2022,Atlantic provinces,,Arab,"Food insecure, moderate",,
2022,Atlantic provinces,,Arab,"Food insecure, severe",,
2022,Atlantic provinces,,Latin American,Food secure,,65.2
2022,Atlantic provinces,,Latin American,Food insecure,,34.8
2022,Atlantic provinces,,Latin American,"Food insecure, marginal",,
2022,Atlantic provinces,,Latin American,"Food insecure, moderate or severe",,
2022,Atlantic provinces,,Latin American,"Food insecure, moderate",,
2022,Atlantic provinces,,Latin American,"Food insecure, severe",,
2022,Atlantic provinces,,Southeast Asian,Food secure,,75.1
2022,Atlantic provinces,,Southeast Asian,Food insecure,,
2022,Atlantic provinces,,Southeast Asian,"Food insecure, marginal",,
2022,Atlantic provinces,,Southeast Asian,"Food insecure, moderate or severe",,
2022,Atlantic provinces,,Southeast Asian,"Food insecure, moderate",,
2022,Atlantic provinces,,Southeast Asian,"Food insecure, severe",,
2022,Atlantic provinces,,Other visible minority,Food secure,,
2022,Atlantic provinces,,Other visible minority,Food insecure,,
2022,Atlantic provinces,,Other visible minority,"Food insecure, marginal",,
2022,Atlantic provinces,,Other visible minority,"Food insecure, moderate or severe",,
2022,Atlantic provinces,,Other visible minority,"Food insecure, moderate",,
2022,Atlantic provinces,,Other visible minority,"Food insecure, severe",,
2022,Atlantic provinces,,Not a visible minority,Food secure,,73.8
2022,Atlantic provinces,,Not a visible minority,Food insecure,,26.2
2022,Atlantic provinces,,Not a visible minority,"Food insecure, marginal",,6.0
2022,Atlantic provinces,,Not a visible minority,"Food insecure, moderate or severe",,20.2
2022,Atlantic provinces,,Not a visible minority,"Food insecure, moderate",,12.1
2022,Atlantic provinces,,Not a visible minority,"Food insecure, severe",,8.1
2022,Atlantic provinces,,Indigenous population,Food secure,,63.9
2022,Atlantic provinces,,Indigenous population,Food insecure,,36.1
2022,Atlantic provinces,,Indigenous population,"Food insecure, marginal",,6.8
2022,Atlantic provinces,,Indigenous population,"Food insecure, moderate or severe",,29.3
2022,Atlantic provinces,,Indigenous population,"Food insecure, moderate",,13.8
2022,Atlantic provinces,,Indigenous population,"Food insecure, severe",,15.5
2022,Atlantic provinces,,Non-Indigenous population,Food secure,,73.1
2022,Atlantic provinces,,Non-Indigenous population,Food insecure,,26.9
2022,Atlantic provinces,,Non-Indigenous population,"Food insecure, marginal",,6.2
2022,Atlantic provinces,,Non-Indigenous population,"Food insecure, moderate or severe",,20.6
2022,Atlantic provinces,,Non-Indigenous population,"Food insecure, moderate",,13.1
2022,Atlantic provinces,,Non-Indigenous population,"Food insecure, severe",,7.5
2022,Atlantic provinces,,Not a visible minority nor Indigenous,Food secure,,74.2
2022,Atlantic provinces,,Not a visible minority nor Indigenous,Food insecure,,25.8
2022,Atlantic provinces,,Not a visible minority nor Indigenous,"Food insecure, marginal",,5.9
2022,Atlantic provinces,,Not a visible minority nor Indigenous,"Food insecure, moderate or severe",,19.9
2022,Atlantic provinces,,Not a visible minority nor Indigenous,"Food insecure, moderate",,12.0
2022,Atlantic provinces,,Not a visible minority nor Indigenous,"Food insecure, severe",,7.8
2022,Atlantic provinces,,All persons aged 15 years and over,Food secure,,74.4
2022,Atlantic provinces,,All persons aged 15 years and over,Food insecure,,25.6
2022,Atlantic provinces,,All persons aged 15 years and over,"Food insecure, marginal",,6.0
2022,Atlantic provinces,,All persons aged 15 years and over,"Food insecure, moderate or severe",,19.6
2022,Atlantic provinces,,All persons aged 15 years and over,"Food insecure, moderate",,12.3
2022,Atlantic provinces,,All persons aged 15 years and over,"Food insecure, severe",,7.3
2022,Atlantic provinces,,Indigenous population aged 15 years and over,Food secure,,65.1
2022,Atlantic provinces,,Indigenous population aged 15 years and over,Food insecure,,34.9
2022,Atlantic provinces,,Indigenous population aged 15 years and over,"Food insecure, marginal",,6.4
2022,Atlantic provinces,,Indigenous population aged 15 years and over,"Food insecure, moderate or severe",,28.5
2022,Atlantic provinces,,Indigenous population aged 15 years and over,"Food insecure, moderate",,12.4
2022,Atlantic provinces,,Indigenous population aged 15 years and over,"Food insecure, severe",,16.1
2022,Atlantic provinces,,First Nations aged 15 years and over,Food secure,,66.7
2022,Atlantic provinces,,First Nations aged 15 years and over,Food insecure,,33.3
2022,Atlantic provinces,,First Nations aged 15 years and over,"Food insecure, marginal",,7.0
2022,Atlantic provinces,,First Nations aged 15 years and over,"Food insecure, moderate or severe",,26.3
2022,Atlantic provinces,,First Nations aged 15 years and over,"Food insecure, moderate",,12.5
2022,Atlantic provinces,,First Nations aged 15 years and over,"Food insecure, severe",,13.7
2022,Atlantic provinces,,Métis aged 15 years and over,Food secure,,63.1
2022,Atlantic provinces,,Métis aged 15 years and over,Food insecure,,36.9
2022,Atlantic provinces,,Métis aged 15 years and over,"Food insecure, marginal",,
2022,Atlantic provinces,,Métis aged 15 years and over,"Food insecure, moderate or severe",,30.6
2022,Atlantic provinces,,Métis aged 15 years and over,"Food insecure, moderate",,11.6
2022,Atlantic provinces,,Métis aged 15 years and over,"Food insecure, severe",,
2022,Atlantic provinces,,Non-Indigenous population aged 15 years and over,Food secure,,74.7
2022,Atlantic provinces,,Non-Indigenous population aged 15 years and over,Food insecure,,25.3
2022,Atlantic provinces,,Non-Indigenous population aged 15 years and over,"Food insecure, marginal",,6.0
2022,Atlantic provinces,,Non-Indigenous population aged 15 years and over,"Food insecure, moderate or severe",,19.3
2022,Atlantic provinces,,Non-Indigenous population aged 15 years and over,"Food insecure, moderate",,12.2
2022,Atlantic provinces,,Non-Indigenous population aged 15 years and over,"Food insecure, severe",,7.0
2022,Atlantic provinces,,Immigrants aged 15 years and over,Food secure,,70.4
2022,Atlantic provinces,,Immigrants aged 15 years and over,Food insecure,,29.6
2022,Atlantic provinces,,Immigrants aged 15 years and over,"Food insecure, marginal",,7.6
2022,Atlantic provinces,,Immigrants aged 15 years and over,"Food insecure, moderate or severe",,22.0
2022,Atlantic provinces,,Immigrants aged 15 years and over,"Food insecure, moderate",,18.9
2022,Atlantic provinces,,Immigrants aged 15 years and over,"Food insecure, severe",,3.1
2022,Atlantic provinces,,Recent immigrants (10 years or less) aged 15 years and over,Food secure,,60.8
2022,Atlantic provinces,,Recent immigrants (10 years or less) aged 15 years and over,Food insecure,,39.2
2022,Atlantic provinces,,Recent immigrants (10 years or less) aged 15 years and over,"Food insecure, marginal",,
2022,Atlantic provinces,,Recent immigrants (10 years or less) aged 15 years and over,"Food insecure, moderate or severe",,31.9
2022,Atlantic provinces,,Recent immigrants (10 years or less) aged 15 years and over,"Food insecure, moderate",,30.0
2022,Atlantic provinces,,Recent immigrants (10 years or less) aged 15 years and over,"Food insecure, severe",,
2022,Atlantic provinces,,Very recent immigrants (5 years or less) aged 15 years and over,Food secure,,54.5
2022,Atlantic provinces,,Very recent immigrants (5 years or less) aged 15 years and over,Food insecure,,45.5
2022,Atlantic provinces,,Very recent immigrants (5 years or less) aged 15 years and over,"Food insecure, marginal",,
2022,Atlantic provinces,,Very recent immigrants (5 years or less) aged 15 years and over,"Food insecure, moderate or severe",,37.2
2022,Atlantic provinces,,Very recent immigrants (5 years or less) aged 15 years and over,"Food insecure, moderate",,35.1
2022,Atlantic provinces,,Very recent immigrants (5 years or less) aged 15 years and over,"Food insecure, severe",,
2022,Atlantic provinces,,Persons aged 15 years and over born in Canada,Food secure,,75.0
2022,Atlantic provinces,,Persons aged 15 years and over born in Canada,Food insecure,,25.0
2022,Atlantic provinces,,Persons aged 15 years and over born in Canada,"Food insecure, marginal",,5.8
2022,Atlantic provinces,,Persons aged 15 years and over born in Canada,"Food insecure, moderate or severe",,19.2
2022,Atlantic provinces,,Persons aged 15 years and over born in Canada,"Food insecure, moderate",,11.5
2022,Atlantic provinces,,Persons aged 15 years and over born in Canada,"Food insecure, severe",,7.7
2022,Newfoundland and Labrador,,All persons,Food secure,10,74.0
2022,Newfoundland and Labrador,,All persons,Food insecure,10,26.0
2022,Newfoundland and Labrador,,All persons,"Food insecure, marginal",10,6.2
2022,Newfoundland and Labrador,,All persons,"Food insecure, moderate or severe",10,19.7
2022,Newfoundland and Labrador,,All persons,"Food insecure, moderate",10,11.0
2022,Newfoundland and Labrador,,All persons,"Food insecure, severe",10,8.7
2022,Newfoundland and Labrador,,Persons under 18 years,Food secure,10,69.1
2022,Newfoundland and Labrador,,Persons under 18 years,Food insecure,10,30.9
2022,Newfoundland and Labrador,,Persons under 18 years,"Food insecure, marginal",10,6.2
2022,Newfoundland and Labrador,,Persons under 18 years,"Food insecure, moderate or severe",10,24.7
2022,Newfoundland and Labrador,,Persons under 18 years,"Food insecure, moderate",10,12.6
2022,Newfoundland and Labrador,,Persons under 18 years,"Food insecure, severe",10,12.1
2022,Newfoundland and Labrador,,Persons 18 to 64 years,Food secure,10,69.9
2022,Newfoundland and Labrador,,Persons 18 to 64 years,Food insecure,10,30.1
2022,Newfoundland and Labrador,,Persons 18 to 64 years,"Food insecure, marginal",10,7.0
2022,Newfoundland and Labrador,,Persons 18 to 64 years,"Food insecure, moderate or severe",10,23.1
2022,Newfoundland and Labrador,,Persons 18 to 64 years,"Food insecure, moderate",10,13.0
2022,Newfoundland and Labrador,,Persons 18 to 64 years,"Food insecure, severe",10,10.1
2022,Newfoundland and Labrador,,Persons 18 to 24 years,Food secure,10,69.4
2022,Newfoundland and Labrador,,Persons 18 to 24 years,Food insecure,10,30.6
2022,Newfoundland and Labrador,,Persons 18 to 24 years,"Food insecure, marginal",10,
2022,Newfoundland and Labrador,,Persons 18 to 24 years,"Food insecure, moderate or severe",10,24.0
2022,Newfoundland and Labrador,,Persons 18 to 24 years,"Food insecure, moderate",10,15.3
2022,Newfoundland and Labrador,,Persons 18 to 24 years,"Food insecure, severe",10,8.7
2022,Newfoundland and Labrador,,Persons 25 to 34 years,Food secure,10,65.9
2022,Newfoundland and Labrador,,Persons 25 to 34 years,Food insecure,10,34.1
2022,Newfoundland and Labrador,,Persons 25 to 34 years,"Food insecure, marginal",10,7.5
2022,Newfoundland and Labrador,,Persons 25 to 34 years,"Food insecure, moderate or severe",10,26.6
2022,Newfoundland and Labrador,,Persons 25 to 34 years,"Food insecure, moderate",10,12.6
2022,Newfoundland and Labrador,,Persons 25 to 34 years,"Food insecure, severe",10,14.0
2022,Newfoundland and Labrador,,Persons 35 to 44 years,Food secure,10,68.8
2022,Newfoundland and Labrador,,Persons 35 to 44 years,Food insecure,10,31.2
2022,Newfoundland and Labrador,,Persons 35 to 44 years,"Food insecure, marginal",10,7.0
2022,Newfoundland and Labrador,,Persons 35 to 44 years,"Food insecure, moderate or severe",10,24.3
2022,Newfoundland and Labrador,,Persons 35 to 44 years,"Food insecure, moderate",10,13.2
2022,Newfoundland and Labrador,,Persons 35 to 44 years,"Food insecure, severe",10,11.1
2022,Newfoundland and Labrador,,Persons 45 to 54 years,Food secure,10,71.1
2022,Newfoundland and Labrador,,Persons 45 to 54 years,Food insecure,10,28.9
2022,Newfoundland and Labrador,,Persons 45 to 54 years,"Food insecure, marginal",10,6.3
2022,Newfoundland and Labrador,,Persons 45 to 54 years,"Food insecure, moderate or severe",10,22.6
2022,Newfoundland and Labrador,,Persons 45 to 54 years,"Food insecure, moderate",10,12.9
2022,Newfoundland and Labrador,,Persons 45 to 54 years,"Food insecure, severe",10,9.7
2022,Newfoundland and Labrador,,Persons 55 to 64 years,Food secure,10,72.7
2022,Newfoundland and Labrador,,Persons 55 to 64 years,Food insecure,10,27.3
2022,Newfoundland and Labrador,,Persons 55 to 64 years,"Food insecure, marginal",10,7.4
2022,Newfoundland and Labrador,,Persons 55 to 64 years,"Food insecure, moderate or severe",10,19.9
2022,Newfoundland and Labrador,,Persons 55 to 64 years,"Food insecure, moderate",10,12.3
2022,Newfoundland and Labrador,,Persons 55 to 64 years,"Food insecure, severe",10,7.6
2022,Newfoundland and Labrador,,Persons 65 years and over,Food secure,10,87.8
2022,Newfoundland and Labrador,,Persons 65 years and over,Food insecure,10,12.2
2022,Newfoundland and Labrador,,Persons 65 years and over,"Food insecure, marginal",10,4.5
2022,Newfoundland and Labrador,,Persons 65 years and over,"Food insecure, moderate or severe",10,7.7
2022,Newfoundland and Labrador,,Persons 65 years and over,"Food insecure, moderate",10,4.8
2022,Newfoundland and Labrador,,Persons 65 years and over,"Food insecure, severe",10,2.9
2022,Newfoundland and Labrador,,Males,Food secure,10,73.5
2022,Newfoundland and Labrador,,Males,Food insecure,10,26.5
2022,Newfoundland and Labrador,,Males,"Food insecure, marginal",10,6.7
2022,Newfoundland and Labrador,,Males,"Food insecure, moderate or severe",10,19.8
2022,Newfoundland and Labrador,,Males,"Food insecure, moderate",10,11.5
2022,Newfoundland and Labrador,,Males,"Food insecure, severe",10,8.3
2022,Newfoundland and Labrador,,"Males, under 18 years",Food secure,10,66.7
2022,Newfoundland and Labrador,,"Males, under 18 years",Food insecure,10,33.3
2022,Newfoundland and Labrador,,"Males, under 18 years","Food insecure, marginal",10,8.7
2022,Newfoundland and Labrador,,"Males, under 18 years","Food insecure, moderate or severe",10,24.5
2022,Newfoundland and Labrador,,"Males, under 18 years","Food insecure, moderate",10,12.6
2022,Newfoundland and Labrador,,"Males, under 18 years","Food insecure, severe",10,12.0
2022,Newfoundland and Labrador,,"Males, 18 to 64 years",Food secure,10,70.6
2022,Newfoundland and Labrador,,"Males, 18 to 64 years",Food insecure,10,29.4
2022,Newfoundland and Labrador,,"Males, 18 to 64 years","Food insecure, marginal",10,6.6
2022,Newfoundland and Labrador,,"Males, 18 to 64 years","Food insecure, moderate or severe",10,22.9
2022,Newfoundland and Labrador,,"Males, 18 to 64 years","Food insecure, moderate",10,13.9
2022,Newfoundland and Labrador,,"Males, 18 to 64 years","Food insecure, severe",10,8.9
2022,Newfoundland and Labrador,,"Males, 65 years and over",Food secure,10,86.1
2022,Newfoundland and Labrador,,"Males, 65 years and over",Food insecure,10,13.9
2022,Newfoundland and Labrador,,"Males, 65 years and over","Food insecure, marginal",10,5.6
2022,Newfoundland and Labrador,,"Males, 65 years and over","Food insecure, moderate or severe",10,8.2
2022,Newfoundland and Labrador,,"Males, 65 years and over","Food insecure, moderate",10,4.3
2022,Newfoundland and Labrador,,"Males, 65 years and over","Food insecure, severe",10,3.9
2022,Newfoundland and Labrador,,Females,Food secure,10,74.6
2022,Newfoundland and Labrador,,Females,Food insecure,10,25.4
2022,Newfoundland and Labrador,,Females,"Food insecure, marginal",10,5.8
2022,Newfoundland and Labrador,,Females,"Food insecure, moderate or severe",10,19.6
2022,Newfoundland and Labrador,,Females,"Food insecure, moderate",10,10.5
2022,Newfoundland and Labrador,,Females,"Food insecure, severe",10,9.1
2022,Newfoundland and Labrador,,"Females, under 18 years",Food secure,10,71.7
2022,Newfoundland and Labrador,,"Females, under 18 years",Food insecure,10,28.3
2022,Newfoundland and Labrador,,"Females, under 18 years","Food insecure, marginal",10,
2022,Newfoundland and Labrador,,"Females, under 18 years","Food insecure, moderate or severe",10,24.9
2022,Newfoundland and Labrador,,"Females, under 18 years","Food insecure, moderate",10,12.7
2022,Newfoundland and Labrador,,"Females, under 18 years","Food insecure, severe",10,12.2
2022,Newfoundland and Labrador,,"Females, 18 to 64 years",Food secure,10,69.3
2022,Newfoundland and Labrador,,"Females, 18 to 64 years",Food insecure,10,30.7
2022,Newfoundland and Labrador,,"Females, 18 to 64 years","Food insecure, marginal",10,7.4
2022,Newfoundland and Labrador,,"Females, 18 to 64 years","Food insecure, moderate or severe",10,23.3
2022,Newfoundland and Labrador,,"Females, 18 to 64 years","Food insecure, moderate",10,12.1
2022,Newfoundland and Labrador,,"Females, 18 to 64 years","Food insecure, severe",10,11.2
2022,Newfoundland and Labrador,,"Females, 65 years and over",Food secure,10,89.3
2022,Newfoundland and Labrador,,"Females, 65 years and over",Food insecure,10,10.7
2022,Newfoundland and Labrador,,"Females, 65 years and over","Food insecure, marginal",10,3.4
2022,Newfoundland and Labrador,,"Females, 65 years and over","Food insecure, moderate or severe",10,7.3
2022,Newfoundland and Labrador,,"Females, 65 years and over","Food insecure, moderate",10,5.3
2022,Newfoundland and Labrador,,"Females, 65 years and over","Food insecure, severe",10,
2022,Newfoundland and Labrador,,Visible minority population,Food secure,10,66.4
2022,Newfoundland and Labrador,,Visible minority population,Food insecure,10,33.6
2022,Newfoundland and Labrador,,Visible minority population,"Food insecure, marginal",10,
2022,Newfoundland and Labrador,,Visible minority population,"Food insecure, moderate or severe",10,30.5
2022,Newfoundland and Labrador,,Visible minority population,"Food insecure, moderate",10,
2022,Newfoundland and Labrador,,Visible minority population,"Food insecure, severe",10,
2022,Newfoundland and Labrador,,South Asian,Food secure,10,82.7
2022,Newfoundland and Labrador,,South Asian,Food insecure,10,
2022,Newfoundland and Labrador,,South Asian,"Food insecure, marginal",10,
2022,Newfoundland and Labrador,,South Asian,"Food insecure, moderate or severe",10,
2022,Newfoundland and Labrador,,South Asian,"Food insecure, moderate",10,
2022,Newfoundland and Labrador,,South Asian,"Food insecure, severe",10,
2022,Newfoundland and Labrador,,Chinese,Food secure,10,
2022,Newfoundland and Labrador,,Chinese,Food insecure,10,
2022,Newfoundland and Labrador,,Chinese,"Food insecure, marginal",10,
2022,Newfoundland and Labrador,,Chinese,"Food insecure, moderate or severe",10,
2022,Newfoundland and Labrador,,Chinese,"Food insecure, moderate",10,
2022,Newfoundland and Labrador,,Chinese,"Food insecure, severe",10,
2022,Newfoundland and Labrador,,Black,Food secure,10,
2022,Newfoundland and Labrador,,Black,Food insecure,10,
2022,Newfoundland and Labrador,,Black,"Food insecure, marginal",10,
2022,Newfoundland and Labrador,,Black,"Food insecure, moderate or severe",10,
2022,Newfoundland and Labrador,,Black,"Food insecure, moderate",10,
2022,Newfoundland and Labrador,,Black,"Food insecure, severe",10,
2022,Newfoundland and Labrador,,Filipino,Food secure,10,75.2
2022,Newfoundland and Labrador,,Filipino,Food insecure,10,
2022,Newfoundland and Labrador,,Filipino,"Food insecure, marginal",10,
2022,Newfoundland and Labrador,,Filipino,"Food insecure, moderate or severe",10,
2022,Newfoundland and Labrador,,Filipino,"Food insecure, moderate",10,
2022,Newfoundland and Labrador,,Filipino,"Food insecure, severe",10,
2022,Newfoundland and Labrador,,Arab,Food secure,10,
2022,Newfoundland and Labrador,,Arab,Food insecure,10,
2022,Newfoundland and Labrador,,Arab,"Food insecure, marginal",10,
2022,Newfoundland and Labrador,,Arab,"Food insecure, moderate or severe",10,
2022,Newfoundland and Labrador,,Arab,"Food insecure, moderate",10,
2022,Newfoundland and Labrador,,Arab,"Food insecure, severe",10,
2022,Newfoundland and Labrador,,Latin American,Food secure,10,
2022,Newfoundland and Labrador,,Latin American,Food insecure,10,
2022,Newfoundland and Labrador,,Latin American,"Food insecure, marginal",10,
2022,Newfoundland and Labrador,,Latin American,"Food insecure, moderate or severe",10,
2022,Newfoundland and Labrador,,Latin American,"Food insecure, moderate",10,
2022,Newfoundland and Labrador,,Latin American,"Food insecure, severe",10,
2022,Newfoundland and Labrador,,Southeast Asian,Food secure,10,
2022,Newfoundland and Labrador,,Southeast Asian,Food insecure,10,
2022,Newfoundland and Labrador,,Southeast Asian,"Food insecure, marginal",10,
2022,Newfoundland and Labrador,,Southeast Asian,"Food insecure, moderate or severe",10,
2022,Newfoundland and Labrador,,Southeast Asian,"Food insecure, moderate",10,
2022,Newfoundland and Labrador,,Southeast Asian,"Food insecure, severe",10,
2022,Newfoundland and Labrador,,Other visible minority,Food secure,10,
2022,Newfoundland and Labrador,,Other visible minority,Food insecure,10,
2022,Newfoundland and Labrador,,Other visible minority,"Food insecure, marginal",10,
2022,Newfoundland and Labrador,,Other visible minority,"Food insecure, moderate or severe",10,
2022,Newfoundland and Labrador,,Other visible minority,"Food insecure, moderate",10,
2022,Newfoundland and Labrador,,Other visible minority,"Food insecure, severe",10,
2022,Newfoundland and Labrador,,Not a visible minority,Food secure,10,74.4
2022,Newfoundland and Labrador,,Not a visible minority,Food insecure,10,25.6
2022,Newfoundland and Labrador,,Not a visible minority,"Food insecure, marginal",10,6.4
2022,Newfoundland and Labrador,,Not a visible minority,"Food insecure, moderate or severe",10,19.2
2022,Newfoundland and Labrador,,Not a visible minority,"Food insecure, moderate",10,10.7
2022,Newfoundland and Labrador,,Not a visible minority,"Food insecure, severe",10,8.5
2022,Newfoundland and Labrador,,Indigenous population,Food secure,10,75.8
2022,Newfoundland and Labrador,,Indigenous population,Food insecure,10,24.2
2022,Newfoundland and Labrador,,Indigenous population,"Food insecure, marginal",10,
2022,Newfoundland and Labrador,,Indigenous population,"Food insecure, moderate or severe",10,19.0
2022,Newfoundland and Labrador,,Indigenous population,"Food insecure, moderate",10,
2022,Newfoundland and Labrador,,Indigenous population,"Food insecure, severe",10,9.2
2022,Newfoundland and Labrador,,Non-Indigenous population,Food secure,10,73.9
2022,Newfoundland and Labrador,,Non-Indigenous population,Food insecure,10,26.1
2022,Newfoundland and Labrador,,Non-Indigenous population,"Food insecure, marginal",10,6.3
2022,Newfoundland and Labrador,,Non-Indigenous population,"Food insecure, moderate or severe",10,19.8
2022,Newfoundland and Labrador,,Non-Indigenous population,"Food insecure, moderate",10,11.1
2022,Newfoundland and Labrador,,Non-Indigenous population,"Food insecure, severe",10,8.7
2022,Newfoundland and Labrador,,Not a visible minority nor Indigenous,Food secure,10,74.3
2022,Newfoundland and Labrador,,Not a visible minority nor Indigenous,Food insecure,10,25.7
2022,Newfoundland and Labrador,,Not a visible minority nor Indigenous,"Food insecure, marginal",10,6.5
2022,Newfoundland and Labrador,,Not a visible minority nor Indigenous,"Food insecure, moderate or severe",10,19.2
2022,Newfoundland and Labrador,,Not a visible minority nor Indigenous,"Food insecure, moderate",10,10.8
2022,Newfoundland and Labrador,,Not a visible minority nor Indigenous,"Food insecure, severe",10,8.4
2022,Newfoundland and Labrador,,All persons aged 15 years and over,Food secure,10,74.8
2022,Newfoundland and Labrador,,All persons aged 15 years and over,Food insecure,10,25.2
2022,Newfoundland and Labrador,,All persons aged 15 years and over,"Food insecure, marginal",10,6.3
2022,Newfoundland and Labrador,,All persons aged 15 years and over,"Food insecure, moderate or severe",10,18.9
2022,Newfoundland and Labrador,,All persons aged 15 years and over,"Food insecure, moderate",10,10.6
2022,Newfoundland and Labrador,,All persons aged 15 years and over,"Food insecure, severe",10,8.3
2022,Newfoundland and Labrador,,Indigenous population aged 15 years and over,Food secure,10,74.8
2022,Newfoundland and Labrador,,Indigenous population aged 15 years and over,Food insecure,10,25.2
2022,Newfoundland and Labrador,,Indigenous population aged 15 years and over,"Food insecure, marginal",10,
2022,Newfoundland and Labrador,,Indigenous population aged 15 years and over,"Food insecure, moderate or severe",10,20.7
2022,Newfoundland and Labrador,,Indigenous population aged 15 years and over,"Food insecure, moderate",10,8.9
2022,Newfoundland and Labrador,,Indigenous population aged 15 years and over,"Food insecure, severe",10,11.8
2022,Newfoundland and Labrador,,First Nations aged 15 years and over,Food secure,10,74.5
2022,Newfoundland and Labrador,,First Nations aged 15 years and over,Food insecure,10,25.5
2022,Newfoundland and Labrador,,First Nations aged 15 years and over,"Food insecure, marginal",10,
2022,Newfoundland and Labrador,,First Nations aged 15 years and over,"Food insecure, moderate or severe",10,20.9
2022,Newfoundland and Labrador,,First Nations aged 15 years and over,"Food insecure, moderate",10,
2022,Newfoundland and Labrador,,First Nations aged 15 years and over,"Food insecure, severe",10,11.1
2022,Newfoundland and Labrador,,Métis aged 15 years and over,Food secure,10,73.3
2022,Newfoundland and Labrador,,Métis aged 15 years and over,Food insecure,10,
2022,Newfoundland and Labrador,,Métis aged 15 years and over,"Food insecure, marginal",10,
2022,Newfoundland and Labrador,,Métis aged 15 years and over,"Food insecure, moderate or severe",10,
2022,Newfoundland and Labrador,,Métis aged 15 years and over,"Food insecure, moderate",10,
2022,Newfoundland and Labrador,,Métis aged 15 years and over,"Food insecure, severe",10,
2022,Newfoundland and Labrador,,Non-Indigenous population aged 15 years and over,Food secure,10,74.8
2022,Newfoundland and Labrador,,Non-Indigenous population aged 15 years and over,Food insecure,10,25.2
2022,Newfoundland and Labrador,,Non-Indigenous population aged 15 years and over,"Food insecure, marginal",10,6.5
2022,Newfoundland and Labrador,,Non-Indigenous population aged 15 years and over,"Food insecure, moderate or severe",10,18.8
2022,Newfoundland and Labrador,,Non-Indigenous population aged 15 years and over,"Food insecure, moderate",10,10.7
2022,Newfoundland and Labrador,,Non-Indigenous population aged 15 years and over,"Food insecure, severe",10,8.0
2022,Newfoundland and Labrador,,Immigrants aged 15 years and over,Food secure,10,72.1
2022,Newfoundland and Labrador,,Immigrants aged 15 years and over,Food insecure,10,27.9
2022,Newfoundland and Labrador,,Immigrants aged 15 years and over,"Food insecure, marginal",10,
2022,Newfoundland and Labrador,,Immigrants aged 15 years and over,"Food insecure, moderate or severe",10,23.4
2022,Newfoundland and Labrador,,Immigrants aged 15 years and over,"Food insecure, moderate",10,
2022,Newfoundland and Labrador,,Immigrants aged 15 years and over,"Food insecure, severe",10,
2022,Newfoundland and Labrador,,Recent immigrants (10 years or less) aged 15 years and over,Food secure,10,66.8
2022,Newfoundland and Labrador,,Recent immigrants (10 years or less) aged 15 years and over,Food insecure,10,33.2
2022,Newfoundland and Labrador,,Recent immigrants (10 years or less) aged 15 years and over,"Food insecure, marginal",10,
2022,Newfoundland and Labrador,,Recent immigrants (10 years or less) aged 15 years and over,"Food insecure, moderate or severe",10,
2022,Newfoundland and Labrador,,Recent immigrants (10 years or less) aged 15 years and over,"Food insecure, moderate",10,
2022,Newfoundland and Labrador,,Recent immigrants (10 years or less) aged 15 years and over,"Food insecure, severe",10,
2022,Newfoundland and Labrador,,Very recent immigrants (5 years or less) aged 15 years and over,Food secure,10,63.6
2022,Newfoundland and Labrador,,Very recent immigrants (5 years or less) aged 15 years and over,Food insecure,10,
2022,Newfoundland and Labrador,,Very recent immigrants (5 years or less) aged 15 years and over,"Food insecure, marginal",10,
2022,Newfoundland and Labrador,,Very recent immigrants (5 years or less) aged 15 years and over,"Food insecure, moderate or severe",10,
2022,Newfoundland and Labrador,,Very recent immigrants (5 years or less) aged 15 years and over,"Food insecure, moderate",10,
2022,Newfoundland and Labrador,,Very recent immigrants (5 years or less) aged 15 years and over,"Food insecure, severe",10,
2022,Newfoundland and Labrador,,Persons aged 15 years and over born in Canada,Food secure,10,75.1
2022,Newfoundland and Labrador,,Persons aged 15 years and over born in Canada,Food insecure,10,24.9
2022,Newfoundland and Labrador,,Persons aged 15 years and over born in Canada,"Food insecure, marginal",10,6.4
2022,Newfoundland and Labrador,,Persons aged 15 years and over born in Canada,"Food insecure, moderate or severe",10,18.5
2022,Newfoundland and Labrador,,Persons aged 15 years and over born in Canada,"Food insecure, moderate",10,10.3
2022,Newfoundland and Labrador,,Persons aged 15 years and over born in Canada,"Food insecure, severe",10,8.2
2022,Prince Edward Island,,All persons,Food secure,11,71.4
2022,Prince Edward Island,,All persons,Food insecure,11,28.6
2022,Prince Edward Island,,All persons,"Food insecure, marginal",11,7.0
2022,Prince Edward Island,,All persons,"Food insecure, moderate or severe",11,21.6
2022,Prince Edward Island,,All persons,"Food insecure, moderate",11,15.8
2022,Prince Edward Island,,All persons,"Food insecure, severe",11,5.8
2022,Prince Edward Island,,Persons under 18 years,Food secure,11,59.0
2022,Prince Edward Island,,Persons under 18 years,Food insecure,11,41.0
2022,Prince Edward Island,,Persons under 18 years,"Food insecure, marginal",11,10.7
2022,Prince Edward Island,,Persons under 18 years,"Food insecure, moderate or severe",11,30.3
2022,Prince Edward Island,,Persons under 18 years,"Food insecure, moderate",11,19.4
2022,Prince Edward Island,,Persons under 18 years,"Food insecure, severe",11,10.9
2022,Prince Edward Island,,Persons 18 to 64 years,Food secure,11,70.5
2022,Prince Edward Island,,Persons 18 to 64 years,Food insecure,11,29.5
2022,Prince Edward Island,,Persons 18 to 64 years,"Food insecure, marginal",11,6.7
2022,Prince Edward Island,,Persons 18 to 64 years,"Food insecure, moderate or severe",11,22.7
2022,Prince Edward Island,,Persons 18 to 64 years,"Food insecure, moderate",11,17.1
2022,Prince Edward Island,,Persons 18 to 64 years,"Food insecure, severe",11,5.7
2022,Prince Edward Island,,Persons 18 to 24 years,Food secure,11,70.5
2022,Prince Edward Island,,Persons 18 to 24 years,Food insecure,11,29.5
2022,Prince Edward Island,,Persons 18 to 24 years,"Food insecure, marginal",11,
2022,Prince Edward Island,,Persons 18 to 24 years,"Food insecure, moderate or severe",11,24.6
2022,Prince Edward Island,,Persons 18 to 24 years,"Food insecure, moderate",11,18.5
2022,Prince Edward Island,,Persons 18 to 24 years,"Food insecure, severe",11,
2022,Prince Edward Island,,Persons 25 to 34 years,Food secure,11,67.4
2022,Prince Edward Island,,Persons 25 to 34 years,Food insecure,11,32.6
2022,Prince Edward Island,,Persons 25 to 34 years,"Food insecure, marginal",11,10.9
2022,Prince Edward Island,,Persons 25 to 34 years,"Food insecure, moderate or severe",11,21.7
2022,Prince Edward Island,,Persons 25 to 34 years,"Food insecure, moderate",11,15.6
2022,Prince Edward Island,,Persons 25 to 34 years,"Food insecure, severe",11,
2022,Prince Edward Island,,Persons 35 to 44 years,Food secure,11,62.1
2022,Prince Edward Island,,Persons 35 to 44 years,Food insecure,11,37.9
2022,Prince Edward Island,,Persons 35 to 44 years,"Food insecure, marginal",11,8.5
2022,Prince Edward Island,,Persons 35 to 44 years,"Food insecure, moderate or severe",11,29.4
2022,Prince Edward Island,,Persons 35 to 44 years,"Food insecure, moderate",11,22.4
2022,Prince Edward Island,,Persons 35 to 44 years,"Food insecure, severe",11,
2022,Prince Edward Island,,Persons 45 to 54 years,Food secure,11,71.4
2022,Prince Edward Island,,Persons 45 to 54 years,Food insecure,11,28.6
2022,Prince Edward Island,,Persons 45 to 54 years,"Food insecure, marginal",11,
2022,Prince Edward Island,,Persons 45 to 54 years,"Food insecure, moderate or severe",11,23.8
2022,Prince Edward Island,,Persons 45 to 54 years,"Food insecure, moderate",11,19.4
2022,Prince Edward Island,,Persons 45 to 54 years,"Food insecure, severe",11,
2022,Prince Edward Island,,Persons 55 to 64 years,Food secure,11,80.1
2022,Prince Edward Island,,Persons 55 to 64 years,Food insecure,11,19.9
2022,Prince Edward Island,,Persons 55 to 64 years,"Food insecure, marginal",11,
2022,Prince Edward Island,,Persons 55 to 64 years,"Food insecure, moderate or severe",11,15.8
2022,Prince Edward Island,,Persons 55 to 64 years,"Food insecure, moderate",11,10.8
2022,Prince Edward Island,,Persons 55 to 64 years,"Food insecure, severe",11,5.0
2022,Prince Edward Island,,Persons 65 years and over,Food secure,11,85.5
2022,Prince Edward Island,,Persons 65 years and over,Food insecure,11,14.5
2022,Prince Edward Island,,Persons 65 years and over,"Food insecure, marginal",11,4.3
2022,Prince Edward Island,,Persons 65 years and over,"Food insecure, moderate or severe",11,10.1
2022,Prince Edward Island,,Persons 65 years and over,"Food insecure, moderate",11,8.5
2022,Prince Edward Island,,Persons 65 years and over,"Food insecure, severe",11,
2022,Prince Edward Island,,Males,Food secure,11,72.6
2022,Prince Edward Island,,Males,Food insecure,11,27.4
2022,Prince Edward Island,,Males,"Food insecure, marginal",11,6.2
2022,Prince Edward Island,,Males,"Food insecure, moderate or severe",11,21.3
2022,Prince Edward Island,,Males,"Food insecure, moderate",11,15.7
2022,Prince Edward Island,,Males,"Food insecure, severe",11,5.6
2022,Prince Edward Island,,"Males, under 18 years",Food secure,11,55.1
2022,Prince Edward Island,,"Males, under 18 years",Food insecure,11,44.9
2022,Prince Edward Island,,"Males, under 18 years","Food insecure, marginal",11,
2022,Prince Edward Island,,"Males, under 18 years","Food insecure, moderate or severe",11,31.5
2022,Prince Edward Island,,"Males, under 18 years","Food insecure, moderate",11,20.9
2022,Prince Edward Island,,"Males, under 18 years","Food insecure, severe",11,
2022,Prince Edward Island,,"Males, 18 to 64 years",Food secure,11,73.2
2022,Prince Edward Island,,"Males, 18 to 64 years",Food insecure,11,26.8
2022,Prince Edward Island,,"Males, 18 to 64 years","Food insecure, marginal",11,5.1
2022,Prince Edward Island,,"Males, 18 to 64 years","Food insecure, moderate or severe",11,21.7
2022,Prince Edward Island,,"Males, 18 to 64 years","Food insecure, moderate",11,16.3
2022,Prince Edward Island,,"Males, 18 to 64 years","Food insecure, severe",11,5.4
2022,Prince Edward Island,,"Males, 65 years and over",Food secure,11,88.2
2022,Prince Edward Island,,"Males, 65 years and over",Food insecure,11,11.8
2022,Prince Edward Island,,"Males, 65 years and over","Food insecure, marginal",11,
2022,Prince Edward Island,,"Males, 65 years and over","Food insecure, moderate or severe",11,9.5
2022,Prince Edward Island,,"Males, 65 years and over","Food insecure, moderate",11,8.2
2022,Prince Edward Island,,"Males, 65 years and over","Food insecure, severe",11,
2022,Prince Edward Island,,Females,Food secure,11,70.2
2022,Prince Edward Island,,Females,Food insecure,11,29.8
2022,Prince Edward Island,,Females,"Food insecure, marginal",11,7.8
2022,Prince Edward Island,,Females,"Food insecure, moderate or severe",11,22.0
2022,Prince Edward Island,,Females,"Food insecure, moderate",11,15.9
2022,Prince Edward Island,,Females,"Food insecure, severe",11,6.1
2022,Prince Edward Island,,"Females, under 18 years",Food secure,11,63.0
2022,Prince Edward Island,,"Females, under 18 years",Food insecure,11,37.0
2022,Prince Edward Island,,"Females, under 18 years","Food insecure, marginal",11,
2022,Prince Edward Island,,"Females, under 18 years","Food insecure, moderate or severe",11,29.0
2022,Prince Edward Island,,"Females, under 18 years","Food insecure, moderate",11,17.8
2022,Prince Edward Island,,"Females, under 18 years","Food insecure, severe",11,
2022,Prince Edward Island,,"Females, 18 to 64 years",Food secure,11,67.9
2022,Prince Edward Island,,"Females, 18 to 64 years",Food insecure,11,32.1
2022,Prince Edward Island,,"Females, 18 to 64 years","Food insecure, marginal",11,8.3
2022,Prince Edward Island,,"Females, 18 to 64 years","Food insecure, moderate or severe",11,23.8
2022,Prince Edward Island,,"Females, 18 to 64 years","Food insecure, moderate",11,17.8
2022,Prince Edward Island,,"Females, 18 to 64 years","Food insecure, severe",11,6.0
2022,Prince Edward Island,,"Females, 65 years and over",Food secure,11,83.3
2022,Prince Edward Island,,"Females, 65 years and over",Food insecure,11,16.7
2022,Prince Edward Island,,"Females, 65 years and over","Food insecure, marginal",11,6.1
2022,Prince Edward Island,,"Females, 65 years and over","Food insecure, moderate or severe",11,10.7
2022,Prince Edward Island,,"Females, 65 years and over","Food insecure, moderate",11,8.8
2022,Prince Edward Island,,"Females, 65 years and over","Food insecure, severe",11,
2022,Prince Edward Island,,Visible minority population,Food secure,11,59.8
2022,Prince Edward Island,,Visible minority population,Food insecure,11,40.2
2022,Prince Edward Island,,Visible minority population,"Food insecure, marginal",11,
2022,Prince Edward Island,,Visible minority population,"Food insecure, moderate or severe",11,32.4
2022,Prince Edward Island,,Visible minority population,"Food insecure, moderate",11,30.6
2022,Prince Edward Island,,Visible minority population,"Food insecure, severe",11,
2022,Prince Edward Island,,South Asian,Food secure,11,62.3
2022,Prince Edward Island,,South Asian,Food insecure,11,
2022,Prince Edward Island,,South Asian,"Food insecure, marginal",11,
2022,Prince Edward Island,,South Asian,"Food insecure, moderate or severe",11,
2022,Prince Edward Island,,South Asian,"Food insecure, moderate",11,
2022,Prince Edward Island,,South Asian,"Food insecure, severe",11,
2022,Prince Edward Island,,Chinese,Food secure,11,78.6
2022,Prince Edward Island,,Chinese,Food insecure,11,
2022,Prince Edward Island,,Chinese,"Food insecure, marginal",11,
2022,Prince Edward Island,,Chinese,"Food insecure, moderate or severe",11,
2022,Prince Edward Island,,Chinese,"Food insecure, moderate",11,
2022,Prince Edward Island,,Chinese,"Food insecure, severe",11,
2022,Prince Edward Island,,Black,Food secure,11,
2022,Prince Edward Island,,Black,Food insecure,11,
2022,Prince Edward Island,,Black,"Food insecure, marginal",11,
2022,Prince Edward Island,,Black,"Food insecure, moderate or severe",11,
2022,Prince Edward Island,,Black,"Food insecure, moderate",11,
2022,Prince Edward Island,,Black,"Food insecure, severe",11,
2022,Prince Edward Island,,Filipino,Food secure,11,
2022,Prince Edward Island,,Filipino,Food insecure,11,
2022,Prince Edward Island,,Filipino,"Food insecure, marginal",11,
2022,Prince Edward Island,,Filipino,"Food insecure, moderate or severe",11,
2022,Prince Edward Island,,Filipino,"Food insecure, moderate",11,
2022,Prince Edward Island,,Filipino,"Food insecure, severe",11,
2022,Prince Edward Island,,Arab,Food secure,11,
2022,Prince Edward Island,,Arab,Food insecure,11,
2022,Prince Edward Island,,Arab,"Food insecure, marginal",11,
2022,Prince Edward Island,,Arab,"Food insecure, moderate or severe",11,
2022,Prince Edward Island,,Arab,"Food insecure, moderate",11,
2022,Prince Edward Island,,Arab,"Food insecure, severe",11,
2022,Prince Edward Island,,Latin American,Food secure,11,
2022,Prince Edward Island,,Latin American,Food insecure,11,
2022,Prince Edward Island,,Latin American,"Food insecure, marginal",11,
2022,Prince Edward Island,,Latin American,"Food insecure, moderate or severe",11,
2022,Prince Edward Island,,Latin American,"Food insecure, moderate",11,
2022,Prince Edward Island,,Latin American,"Food insecure, severe",11,
2022,Prince Edward Island,,Southeast Asian,Food secure,11,
2022,Prince Edward Island,,Southeast Asian,Food insecure,11,
2022,Prince Edward Island,,Southeast Asian,"Food insecure, marginal",11,
2022,Prince Edward Island,,Southeast Asian,"Food insecure, moderate or severe",11,
2022,Prince Edward Island,,Southeast Asian,"Food insecure, moderate",11,
2022,Prince Edward Island,,Southeast Asian,"Food insecure, severe",11,
2022,Prince Edward Island,,Other visible minority,Food secure,11,
2022,Prince Edward Island,,Other visible minority,Food insecure,11,
2022,Prince Edward Island,,Other visible minority,"Food insecure, marginal",11,
2022,Prince Edward Island,,Other visible minority,"Food insecure, moderate or severe",11,
2022,Prince Edward Island,,Other visible minority,"Food insecure, moderate",11,
2022,Prince Edward Island,,Other visible minority,"Food insecure, severe",11,
2022,Prince Edward Island,,Not a visible minority,Food secure,11,73.6
2022,Prince Edward Island,,Not a visible minority,Food insecure,11,26.4
2022,Prince Edward Island,,Not a visible minority,"Food insecure, marginal",11,6.8
2022,Prince Edward Island,,Not a visible minority,"Food insecure, moderate or severe",11,19.6
2022,Prince Edward Island,,Not a visible minority,"Food insecure, moderate",11,13.0
2022,Prince Edward Island,,Not a visible minority,"Food insecure, severe",11,6.6
2022,Prince Edward Island,,Indigenous population,Food secure,11,
2022,Prince Edward Island,,Indigenous population,Food insecure,11,
2022,Prince Edward Island,,Indigenous population,"Food insecure, marginal",11,
2022,Prince Edward Island,,Indigenous population,"Food insecure, moderate or severe",11,
2022,Prince Edward Island,,Indigenous population,"Food insecure, moderate",11,
2022,Prince Edward Island,,Indigenous population,"Food insecure, severe",11,
2022,Prince Edward Island,,Non-Indigenous population,Food secure,11,71.5
2022,Prince Edward Island,,Non-Indigenous population,Food insecure,11,28.5
2022,Prince Edward Island,,Non-Indigenous population,"Food insecure, marginal",11,7.0
2022,Prince Edward Island,,Non-Indigenous population,"Food insecure, moderate or severe",11,21.4
2022,Prince Edward Island,,Non-Indigenous population,"Food insecure, moderate",11,15.6
2022,Prince Edward Island,,Non-Indigenous population,"Food insecure, severe",11,5.8
2022,Prince Edward Island,,Not a visible minority nor Indigenous,Food secure,11,73.8
2022,Prince Edward Island,,Not a visible minority nor Indigenous,Food insecure,11,26.2
2022,Prince Edward Island,,Not a visible minority nor Indigenous,"Food insecure, marginal",11,6.9
2022,Prince Edward Island,,Not a visible minority nor Indigenous,"Food insecure, moderate or severe",11,19.3
2022,Prince Edward Island,,Not a visible minority nor Indigenous,"Food insecure, moderate",11,12.7
2022,Prince Edward Island,,Not a visible minority nor Indigenous,"Food insecure, severe",11,6.6
2022,Prince Edward Island,,All persons aged 15 years and over,Food secure,11,73.3
2022,Prince Edward Island,,All persons aged 15 years and over,Food insecure,11,26.7
2022,Prince Edward Island,,All persons aged 15 years and over,"Food insecure, marginal",11,6.2
2022,Prince Edward Island,,All persons aged 15 years and over,"Food insecure, moderate or severe",11,20.5
2022,Prince Edward Island,,All persons aged 15 years and over,"Food insecure, moderate",11,15.6
2022,Prince Edward Island,,All persons aged 15 years and over,"Food insecure, severe",11,4.9
2022,Prince Edward Island,,Indigenous population aged 15 years and over,Food secure,11,
2022,Prince Edward Island,,Indigenous population aged 15 years and over,Food insecure,11,
2022,Prince Edward Island,,Indigenous population aged 15 years and over,"Food insecure, marginal",11,
2022,Prince Edward Island,,Indigenous population aged 15 years and over,"Food insecure, moderate or severe",11,
2022,Prince Edward Island,,Indigenous population aged 15 years and over,"Food insecure, moderate",11,
2022,Prince Edward Island,,Indigenous population aged 15 years and over,"Food insecure, severe",11,
2022,Prince Edward Island,,First Nations aged 15 years and over,Food secure,11,
2022,Prince Edward Island,,First Nations aged 15 years and over,Food insecure,11,
2022,Prince Edward Island,,First Nations aged 15 years and over,"Food insecure, marginal",11,
2022,Prince Edward Island,,First Nations aged 15 years and over,"Food insecure, moderate or severe",11,
2022,Prince Edward Island,,First Nations aged 15 years and over,"Food insecure, moderate",11,
2022,Prince Edward Island,,First Nations aged 15 years and over,"Food insecure, severe",11,
2022,Prince Edward Island,,Métis aged 15 years and over,Food secure,11,
2022,Prince Edward Island,,Métis aged 15 years and over,Food insecure,11,
2022,Prince Edward Island,,Métis aged 15 years and over,"Food insecure, marginal",11,
2022,Prince Edward Island,,Métis aged 15 years and over,"Food insecure, moderate or severe",11,
2022,Prince Edward Island,,Métis aged 15 years and over,"Food insecure, moderate",11,
2022,Prince Edward Island,,Métis aged 15 years and over,"Food insecure, severe",11,
2022,Prince Edward Island,,Non-Indigenous population aged 15 years and over,Food secure,11,73.4
2022,Prince Edward Island,,Non-Indigenous population aged 15 years and over,Food insecure,11,26.6
2022,Prince Edward Island,,Non-Indigenous population aged 15 years and over,"Food insecure, marginal",11,6.3
2022,Prince Edward Island,,Non-Indigenous population aged 15 years and over,"Food insecure, moderate or severe",11,20.3
2022,Prince Edward Island,,Non-Indigenous population aged 15 years and over,"Food insecure, moderate",11,15.4
2022,Prince Edward Island,,Non-Indigenous population aged 15 years and over,"Food insecure, severe",11,4.9
2022,Prince Edward Island,,Immigrants aged 15 years and over,Food secure,11,62.8
2022,Prince Edward Island,,Immigrants aged 15 years and over,Food insecure,11,37.2
2022,Prince Edward Island,,Immigrants aged 15 years and over,"Food insecure, marginal",11,
2022,Prince Edward Island,,Immigrants aged 15 years and over,"Food insecure, moderate or severe",11,29.8
2022,Prince Edward Island,,Immigrants aged 15 years and over,"Food insecure, moderate",11,29.7
2022,Prince Edward Island,,Immigrants aged 15 years and over,"Food insecure, severe",11,
2022,Prince Edward Island,,Recent immigrants (10 years or less) aged 15 years and over,Food secure,11,58.9
2022,Prince Edward Island,,Recent immigrants (10 years or less) aged 15 years and over,Food insecure,11,41.1
2022,Prince Edward Island,,Recent immigrants (10 years or less) aged 15 years and over,"Food insecure, marginal",11,
2022,Prince Edward Island,,Recent immigrants (10 years or less) aged 15 years and over,"Food insecure, moderate or severe",11,32.7
2022,Prince Edward Island,,Recent immigrants (10 years or less) aged 15 years and over,"Food insecure, moderate",11,32.7
2022,Prince Edward Island,,Recent immigrants (10 years or less) aged 15 years and over,"Food insecure, severe",11,
2022,Prince Edward Island,,Very recent immigrants (5 years or less) aged 15 years and over,Food secure,11,56.9
2022,Prince Edward Island,,Very recent immigrants (5 years or less) aged 15 years and over,Food insecure,11,43.1
2022,Prince Edward Island,,Very recent immigrants (5 years or less) aged 15 years and over,"Food insecure, marginal",11,
2022,Prince Edward Island,,Very recent immigrants (5 years or less) aged 15 years and over,"Food insecure, moderate or severe",11,
2022,Prince Edward Island,,Very recent immigrants (5 years or less) aged 15 years and over,"Food insecure, moderate",11,
2022,Prince Edward Island,,Very recent immigrants (5 years or less) aged 15 years and over,"Food insecure, severe",11,
2022,Prince Edward Island,,Persons aged 15 years and over born in Canada,Food secure,11,75.6
2022,Prince Edward Island,,Persons aged 15 years and over born in Canada,Food insecure,11,24.4
2022,Prince Edward Island,,Persons aged 15 years and over born in Canada,"Food insecure, marginal",11,5.8
2022,Prince Edward Island,,Persons aged 15 years and over born in Canada,"Food insecure, moderate or severe",11,18.7
2022,Prince Edward Island,,Persons aged 15 years and over born in Canada,"Food insecure, moderate",11,13.1
2022,Prince Edward Island,,Persons aged 15 years and over born in Canada,"Food insecure, severe",11,5.6
2022,Nova Scotia,,All persons,Food secure,12,71.1
2022,Nova Scotia,,All persons,Food insecure,12,28.9
2022,Nova Scotia,,All persons,"Food insecure, marginal",12,6.1
2022,Nova Scotia,,All persons,"Food insecure, moderate or severe",12,22.7
2022,Nova Scotia,,All persons,"Food insecure, moderate",12,15.4
2022,Nova Scotia,,All persons,"Food insecure, severe",12,7.3
2022,Nova Scotia,,Persons under 18 years,Food secure,12,59.5
2022,Nova Scotia,,Persons under 18 years,Food insecure,12,40.5
2022,Nova Scotia,,Persons under 18 years,"Food insecure, marginal",12,7.3
2022,Nova Scotia,,Persons under 18 years,"Food insecure, moderate or severe",12,33.1
2022,Nova Scotia,,Persons under 18 years,"Food insecure, moderate",12,24.2
2022,Nova Scotia,,Persons under 18 years,"Food insecure, severe",12,9.0
2022,Nova Scotia,,Persons 18 to 64 years,Food secure,12,69.4
2022,Nova Scotia,,Persons 18 to 64 years,Food insecure,12,30.6
2022,Nova Scotia,,Persons 18 to 64 years,"Food insecure, marginal",12,6.3
2022,Nova Scotia,,Persons 18 to 64 years,"Food insecure, moderate or severe",12,24.3
2022,Nova Scotia,,Persons 18 to 64 years,"Food insecure, moderate",12,15.9
2022,Nova Scotia,,Persons 18 to 64 years,"Food insecure, severe",12,8.4
2022,Nova Scotia,,Persons 18 to 24 years,Food secure,12,62.5
2022,Nova Scotia,,Persons 18 to 24 years,Food insecure,12,37.5
2022,Nova Scotia,,Persons 18 to 24 years,"Food insecure, marginal",12,8.4
2022,Nova Scotia,,Persons 18 to 24 years,"Food insecure, moderate or severe",12,29.0
2022,Nova Scotia,,Persons 18 to 24 years,"Food insecure, moderate",12,17.6
2022,Nova Scotia,,Persons 18 to 24 years,"Food insecure, severe",12,11.4
2022,Nova Scotia,,Persons 25 to 34 years,Food secure,12,67.9
2022,Nova Scotia,,Persons 25 to 34 years,Food insecure,12,32.1
2022,Nova Scotia,,Persons 25 to 34 years,"Food insecure, marginal",12,3.7
2022,Nova Scotia,,Persons 25 to 34 years,"Food insecure, moderate or severe",12,28.4
2022,Nova Scotia,,Persons 25 to 34 years,"Food insecure, moderate",12,17.3
2022,Nova Scotia,,Persons 25 to 34 years,"Food insecure, severe",12,11.1
2022,Nova Scotia,,Persons 35 to 44 years,Food secure,12,67.9
2022,Nova Scotia,,Persons 35 to 44 years,Food insecure,12,32.1
2022,Nova Scotia,,Persons 35 to 44 years,"Food insecure, marginal",12,6.2
2022,Nova Scotia,,Persons 35 to 44 years,"Food insecure, moderate or severe",12,25.9
2022,Nova Scotia,,Persons 35 to 44 years,"Food insecure, moderate",12,18.4
2022,Nova Scotia,,Persons 35 to 44 years,"Food insecure, severe",12,7.5
2022,Nova Scotia,,Persons 45 to 54 years,Food secure,12,68.5
2022,Nova Scotia,,Persons 45 to 54 years,Food insecure,12,31.5
2022,Nova Scotia,,Persons 45 to 54 years,"Food insecure, marginal",12,7.9
2022,Nova Scotia,,Persons 45 to 54 years,"Food insecure, moderate or severe",12,23.6
2022,Nova Scotia,,Persons 45 to 54 years,"Food insecure, moderate",12,15.6
2022,Nova Scotia,,Persons 45 to 54 years,"Food insecure, severe",12,8.0
2022,Nova Scotia,,Persons 55 to 64 years,Food secure,12,76.0
2022,Nova Scotia,,Persons 55 to 64 years,Food insecure,12,24.0
2022,Nova Scotia,,Persons 55 to 64 years,"Food insecure, marginal",12,6.3
2022,Nova Scotia,,Persons 55 to 64 years,"Food insecure, moderate or severe",12,17.7
2022,Nova Scotia,,Persons 55 to 64 years,"Food insecure, moderate",12,12.2
2022,Nova Scotia,,Persons 55 to 64 years,"Food insecure, severe",12,5.4
2022,Nova Scotia,,Persons 65 years and over,Food secure,12,85.2
2022,Nova Scotia,,Persons 65 years and over,Food insecure,12,14.8
2022,Nova Scotia,,Persons 65 years and over,"Food insecure, marginal",12,4.6
2022,Nova Scotia,,Persons 65 years and over,"Food insecure, moderate or severe",12,10.2
2022,Nova Scotia,,Persons 65 years and over,"Food insecure, moderate",12,7.0
2022,Nova Scotia,,Persons 65 years and over,"Food insecure, severe",12,3.2
2022,Nova Scotia,,Males,Food secure,12,71.2
2022,Nova Scotia,,Males,Food insecure,12,28.8
2022,Nova Scotia,,Males,"Food insecure, marginal",12,6.3
2022,Nova Scotia,,Males,"Food insecure, moderate or severe",12,22.5
2022,Nova Scotia,,Males,"Food insecure, moderate",12,15.1
2022,Nova Scotia,,Males,"Food insecure, severe",12,7.4
2022,Nova Scotia,,"Males, under 18 years",Food secure,12,57.4
2022,Nova Scotia,,"Males, under 18 years",Food insecure,12,42.6
2022,Nova Scotia,,"Males, under 18 years","Food insecure, marginal",12,7.3
2022,Nova Scotia,,"Males, under 18 years","Food insecure, moderate or severe",12,35.3
2022,Nova Scotia,,"Males, under 18 years","Food insecure, moderate",12,24.6
2022,Nova Scotia,,"Males, under 18 years","Food insecure, severe",12,10.6
2022,Nova Scotia,,"Males, 18 to 64 years",Food secure,12,70.5
2022,Nova Scotia,,"Males, 18 to 64 years",Food insecure,12,29.5
2022,Nova Scotia,,"Males, 18 to 64 years","Food insecure, marginal",12,6.5
2022,Nova Scotia,,"Males, 18 to 64 years","Food insecure, moderate or severe",12,23.0
2022,Nova Scotia,,"Males, 18 to 64 years","Food insecure, moderate",12,15.1
2022,Nova Scotia,,"Males, 18 to 64 years","Food insecure, severe",12,7.9
2022,Nova Scotia,,"Males, 65 years and over",Food secure,12,85.2
2022,Nova Scotia,,"Males, 65 years and over",Food insecure,12,14.8
2022,Nova Scotia,,"Males, 65 years and over","Food insecure, marginal",12,4.8
2022,Nova Scotia,,"Males, 65 years and over","Food insecure, moderate or severe",12,9.9
2022,Nova Scotia,,"Males, 65 years and over","Food insecure, moderate",12,6.8
2022,Nova Scotia,,"Males, 65 years and over","Food insecure, severe",12,3.2
2022,Nova Scotia,,Females,Food secure,12,71.1
2022,Nova Scotia,,Females,Food insecure,12,28.9
2022,Nova Scotia,,Females,"Food insecure, marginal",12,6.0
2022,Nova Scotia,,Females,"Food insecure, moderate or severe",12,22.9
2022,Nova Scotia,,Females,"Food insecure, moderate",12,15.7
2022,Nova Scotia,,Females,"Food insecure, severe",12,7.2
2022,Nova Scotia,,"Females, under 18 years",Food secure,12,61.8
2022,Nova Scotia,,"Females, under 18 years",Food insecure,12,38.2
2022,Nova Scotia,,"Females, under 18 years","Food insecure, marginal",12,7.3
2022,Nova Scotia,,"Females, under 18 years","Food insecure, moderate or severe",12,30.9
2022,Nova Scotia,,"Females, under 18 years","Food insecure, moderate",12,23.7
2022,Nova Scotia,,"Females, under 18 years","Food insecure, severe",12,7.2
2022,Nova Scotia,,"Females, 18 to 64 years",Food secure,12,68.3
2022,Nova Scotia,,"Females, 18 to 64 years",Food insecure,12,31.7
2022,Nova Scotia,,"Females, 18 to 64 years","Food insecure, marginal",12,6.2
2022,Nova Scotia,,"Females, 18 to 64 years","Food insecure, moderate or severe",12,25.5
2022,Nova Scotia,,"Females, 18 to 64 years","Food insecure, moderate",12,16.8
2022,Nova Scotia,,"Females, 18 to 64 years","Food insecure, severe",12,8.8
2022,Nova Scotia,,"Females, 65 years and over",Food secure,12,85.1
2022,Nova Scotia,,"Females, 65 years and over",Food insecure,12,14.9
2022,Nova Scotia,,"Females, 65 years and over","Food insecure, marginal",12,4.5
2022,Nova Scotia,,"Females, 65 years and over","Food insecure, moderate or severe",12,10.4
2022,Nova Scotia,,"Females, 65 years and over","Food insecure, moderate",12,7.2
2022,Nova Scotia,,"Females, 65 years and over","Food insecure, severe",12,3.2
2022,Nova Scotia,,Visible minority population,Food secure,12,62.5
2022,Nova Scotia,,Visible minority population,Food insecure,12,37.5
2022,Nova Scotia,,Visible minority population,"Food insecure, marginal",12,
2022,Nova Scotia,,Visible minority population,"Food insecure, moderate or severe",12,28.3
2022,Nova Scotia,,Visible minority population,"Food insecure, moderate",12,24.2
2022,Nova Scotia,,Visible minority population,"Food insecure, severe",12,
2022,Nova Scotia,,South Asian,Food secure,12,58.5
2022,Nova Scotia,,South Asian,Food insecure,12,41.5
2022,Nova Scotia,,South Asian,"Food insecure, marginal",12,
2022,Nova Scotia,,South Asian,"Food insecure, moderate or severe",12,
2022,Nova Scotia,,South Asian,"Food insecure, moderate",12,
2022,Nova Scotia,,South Asian,"Food insecure, severe",12,
2022,Nova Scotia,,Chinese,Food secure,12,92.8
2022,Nova Scotia,,Chinese,Food insecure,12,
2022,Nova Scotia,,Chinese,"Food insecure, marginal",12,
2022,Nova Scotia,,Chinese,"Food insecure, moderate or severe",12,
2022,Nova Scotia,,Chinese,"Food insecure, moderate",12,
2022,Nova Scotia,,Chinese,"Food insecure, severe",12,
2022,Nova Scotia,,Black,Food secure,12,68.2
2022,Nova Scotia,,Black,Food insecure,12,31.8
2022,Nova Scotia,,Black,"Food insecure, marginal",12,
2022,Nova Scotia,,Black,"Food insecure, moderate or severe",12,
2022,Nova Scotia,,Black,"Food insecure, moderate",12,
2022,Nova Scotia,,Black,"Food insecure, severe",12,
2022,Nova Scotia,,Filipino,Food secure,12,90.0
2022,Nova Scotia,,Filipino,Food insecure,12,
2022,Nova Scotia,,Filipino,"Food insecure, marginal",12,
2022,Nova Scotia,,Filipino,"Food insecure, moderate or severe",12,
2022,Nova Scotia,,Filipino,"Food insecure, moderate",12,
2022,Nova Scotia,,Filipino,"Food insecure, severe",12,
2022,Nova Scotia,,Arab,Food secure,12,
2022,Nova Scotia,,Arab,Food insecure,12,
2022,Nova Scotia,,Arab,"Food insecure, marginal",12,
2022,Nova Scotia,,Arab,"Food insecure, moderate or severe",12,
2022,Nova Scotia,,Arab,"Food insecure, moderate",12,
2022,Nova Scotia,,Arab,"Food insecure, severe",12,
2022,Nova Scotia,,Latin American,Food secure,12,66.9
2022,Nova Scotia,,Latin American,Food insecure,12,
2022,Nova Scotia,,Latin American,"Food insecure, marginal",12,
2022,Nova Scotia,,Latin American,"Food insecure, moderate or severe",12,
2022,Nova Scotia,,Latin American,"Food insecure, moderate",12,
2022,Nova Scotia,,Latin American,"Food insecure, severe",12,
2022,Nova Scotia,,Southeast Asian,Food secure,12,
2022,Nova Scotia,,Southeast Asian,Food insecure,12,
2022,Nova Scotia,,Southeast Asian,"Food insecure, marginal",12,
2022,Nova Scotia,,Southeast Asian,"Food insecure, moderate or severe",12,
2022,Nova Scotia,,Southeast Asian,"Food insecure, moderate",12,
2022,Nova Scotia,,Southeast Asian,"Food insecure, severe",12,
2022,Nova Scotia,,Other visible minority,Food secure,12,
2022,Nova Scotia,,Other visible minority,Food insecure,12,
2022,Nova Scotia,,Other visible minority,"Food insecure, marginal",12,
2022,Nova Scotia,,Other visible minority,"Food insecure, moderate or severe",12,
2022,Nova Scotia,,Other visible minority,"Food insecure, moderate",12,
2022,Nova Scotia,,Other visible minority,"Food insecure, severe",12,
2022,Nova Scotia,,Not a visible minority,Food secure,12,72.4
2022,Nova Scotia,,Not a visible minority,Food insecure,12,27.6
2022,Nova Scotia,,Not a visible minority,"Food insecure, marginal",12,5.7
2022,Nova Scotia,,Not a visible minority,"Food insecure, moderate or severe",12,21.9
2022,Nova Scotia,,Not a visible minority,"Food insecure, moderate",12,14.1
2022,Nova Scotia,,Not a visible minority,"Food insecure, severe",12,7.8
2022,Nova Scotia,,Indigenous population,Food secure,12,55.1
2022,Nova Scotia,,Indigenous population,Food insecure,12,44.9
2022,Nova Scotia,,Indigenous population,"Food insecure, marginal",12,
2022,Nova Scotia,,Indigenous population,"Food insecure, moderate or severe",12,37.2
2022,Nova Scotia,,Indigenous population,"Food insecure, moderate",12,
2022,Nova Scotia,,Indigenous population,"Food insecure, severe",12,
2022,Nova Scotia,,Non-Indigenous population,Food secure,12,71.8
2022,Nova Scotia,,Non-Indigenous population,Food insecure,12,28.2
2022,Nova Scotia,,Non-Indigenous population,"Food insecure, marginal",12,6.1
2022,Nova Scotia,,Non-Indigenous population,"Food insecure, moderate or severe",12,22.2
2022,Nova Scotia,,Non-Indigenous population,"Food insecure, moderate",12,15.4
2022,Nova Scotia,,Non-Indigenous population,"Food insecure, severe",12,6.8
2022,Nova Scotia,,Not a visible minority nor Indigenous,Food secure,12,73.2
2022,Nova Scotia,,Not a visible minority nor Indigenous,Food insecure,12,26.8
2022,Nova Scotia,,Not a visible minority nor Indigenous,"Food insecure, marginal",12,5.6
2022,Nova Scotia,,Not a visible minority nor Indigenous,"Food insecure, moderate or severe",12,21.2
2022,Nova Scotia,,Not a visible minority nor Indigenous,"Food insecure, moderate",12,14.1
2022,Nova Scotia,,Not a visible minority nor Indigenous,"Food insecure, severe",12,7.2
2022,Nova Scotia,,All persons aged 15 years and over,Food secure,12,73.2
2022,Nova Scotia,,All persons aged 15 years and over,Food insecure,12,26.8
2022,Nova Scotia,,All persons aged 15 years and over,"Food insecure, marginal",12,6.0
2022,Nova Scotia,,All persons aged 15 years and over,"Food insecure, moderate or severe",12,20.8
2022,Nova Scotia,,All persons aged 15 years and over,"Food insecure, moderate",12,13.9
2022,Nova Scotia,,All persons aged 15 years and over,"Food insecure, severe",12,6.9
2022,Nova Scotia,,Indigenous population aged 15 years and over,Food secure,12,57.5
2022,Nova Scotia,,Indigenous population aged 15 years and over,Food insecure,12,42.5
2022,Nova Scotia,,Indigenous population aged 15 years and over,"Food insecure, marginal",12,
2022,Nova Scotia,,Indigenous population aged 15 years and over,"Food insecure, moderate or severe",12,35.0
2022,Nova Scotia,,Indigenous population aged 15 years and over,"Food insecure, moderate",12,13.2
2022,Nova Scotia,,Indigenous population aged 15 years and over,"Food insecure, severe",12,
2022,Nova Scotia,,First Nations aged 15 years and over,Food secure,12,55.2
2022,Nova Scotia,,First Nations aged 15 years and over,Food insecure,12,44.8
2022,Nova Scotia,,First Nations aged 15 years and over,"Food insecure, marginal",12,
2022,Nova Scotia,,First Nations aged 15 years and over,"Food insecure, moderate or severe",12,37.4
2022,Nova Scotia,,First Nations aged 15 years and over,"Food insecure, moderate",12,
2022,Nova Scotia,,First Nations aged 15 years and over,"Food insecure, severe",12,
2022,Nova Scotia,,Métis aged 15 years and over,Food secure,12,57.6
2022,Nova Scotia,,Métis aged 15 years and over,Food insecure,12,42.4
2022,Nova Scotia,,Métis aged 15 years and over,"Food insecure, marginal",12,
2022,Nova Scotia,,Métis aged 15 years and over,"Food insecure, moderate or severe",12,34.6
2022,Nova Scotia,,Métis aged 15 years and over,"Food insecure, moderate",12,
2022,Nova Scotia,,Métis aged 15 years and over,"Food insecure, severe",12,
2022,Nova Scotia,,Non-Indigenous population aged 15 years and over,Food secure,12,73.7
2022,Nova Scotia,,Non-Indigenous population aged 15 years and over,Food insecure,12,26.3
2022,Nova Scotia,,Non-Indigenous population aged 15 years and over,"Food insecure, marginal",12,6.0
2022,Nova Scotia,,Non-Indigenous population aged 15 years and over,"Food insecure, moderate or severe",12,20.3
2022,Nova Scotia,,Non-Indigenous population aged 15 years and over,"Food insecure, moderate",12,14.0
2022,Nova Scotia,,Non-Indigenous population aged 15 years and over,"Food insecure, severe",12,6.4
2022,Nova Scotia,,Immigrants aged 15 years and over,Food secure,12,66.6
2022,Nova Scotia,,Immigrants aged 15 years and over,Food insecure,12,33.4
2022,Nova Scotia,,Immigrants aged 15 years and over,"Food insecure, marginal",12,
2022,Nova Scotia,,Immigrants aged 15 years and over,"Food insecure, moderate or severe",12,25.4
2022,Nova Scotia,,Immigrants aged 15 years and over,"Food insecure, moderate",12,22.9
2022,Nova Scotia,,Immigrants aged 15 years and over,"Food insecure, severe",12,
2022,Nova Scotia,,Recent immigrants (10 years or less) aged 15 years and over,Food secure,12,48.1
2022,Nova Scotia,,Recent immigrants (10 years or less) aged 15 years and over,Food insecure,12,51.9
2022,Nova Scotia,,Recent immigrants (10 years or less) aged 15 years and over,"Food insecure, marginal",12,
2022,Nova Scotia,,Recent immigrants (10 years or less) aged 15 years and over,"Food insecure, moderate or severe",12,43.8
2022,Nova Scotia,,Recent immigrants (10 years or less) aged 15 years and over,"Food insecure, moderate",12,41.5
2022,Nova Scotia,,Recent immigrants (10 years or less) aged 15 years and over,"Food insecure, severe",12,
2022,Nova Scotia,,Very recent immigrants (5 years or less) aged 15 years and over,Food secure,12,39.6
2022,Nova Scotia,,Very recent immigrants (5 years or less) aged 15 years and over,Food insecure,12,60.4
2022,Nova Scotia,,Very recent immigrants (5 years or less) aged 15 years and over,"Food insecure, marginal",12,
2022,Nova Scotia,,Very recent immigrants (5 years or less) aged 15 years and over,"Food insecure, moderate or severe",12,52.3
2022,Nova Scotia,,Very recent immigrants (5 years or less) aged 15 years and over,"Food insecure, moderate",12,49.0
2022,Nova Scotia,,Very recent immigrants (5 years or less) aged 15 years and over,"Food insecure, severe",12,
2022,Nova Scotia,,Persons aged 15 years and over born in Canada,Food secure,12,73.9
2022,Nova Scotia,,Persons aged 15 years and over born in Canada,Food insecure,12,26.1
2022,Nova Scotia,,Persons aged 15 years and over born in Canada,"Food insecure, marginal",12,5.9
2022,Nova Scotia,,Persons aged 15 years and over born in Canada,"Food insecure, moderate or severe",12,20.2
2022,Nova Scotia,,Persons aged 15 years and over born in Canada,"Food insecure, moderate",12,13.0
2022,Nova Scotia,,Persons aged 15 years and over born in Canada,"Food insecure, severe",12,7.3
2022,New Brunswick,,All persons,Food secure,13,74.4
2022,New Brunswick,,All persons,Food insecure,13,25.6
2022,New Brunswick,,All persons,"Food insecure, marginal",13,6.3
2022,New Brunswick,,All persons,"Food insecure, moderate or severe",13,19.3
2022,New Brunswick,,All persons,"Food insecure, moderate",13,11.1
2022,New Brunswick,,All persons,"Food insecure, severe",13,8.1
2022,New Brunswick,,Persons under 18 years,Food secure,13,65.8
2022,New Brunswick,,Persons under 18 years,Food insecure,13,34.2
2022,New Brunswick,,Persons under 18 years,"Food insecure, marginal",13,9.1
2022,New Brunswick,,Persons under 18 years,"Food insecure, moderate or severe",13,25.1
2022,New Brunswick,,Persons under 18 years,"Food insecure, moderate",13,14.4
2022,New Brunswick,,Persons under 18 years,"Food insecure, severe",13,10.7
2022,New Brunswick,,Persons 18 to 64 years,Food secure,13,72.2
2022,New Brunswick,,Persons 18 to 64 years,Food insecure,13,27.8
2022,New Brunswick,,Persons 18 to 64 years,"Food insecure, marginal",13,6.1
2022,New Brunswick,,Persons 18 to 64 years,"Food insecure, moderate or severe",13,21.7
2022,New Brunswick,,Persons 18 to 64 years,"Food insecure, moderate",13,12.3
2022,New Brunswick,,Persons 18 to 64 years,"Food insecure, severe",13,9.4
2022,New Brunswick,,Persons 18 to 24 years,Food secure,13,70.9
2022,New Brunswick,,Persons 18 to 24 years,Food insecure,13,29.1
2022,New Brunswick,,Persons 18 to 24 years,"Food insecure, marginal",13,4.7
2022,New Brunswick,,Persons 18 to 24 years,"Food insecure, moderate or severe",13,24.4
2022,New Brunswick,,Persons 18 to 24 years,"Food insecure, moderate",13,14.5
2022,New Brunswick,,Persons 18 to 24 years,"Food insecure, severe",13,10.0
2022,New Brunswick,,Persons 25 to 34 years,Food secure,13,66.5
2022,New Brunswick,,Persons 25 to 34 years,Food insecure,13,33.5
2022,New Brunswick,,Persons 25 to 34 years,"Food insecure, marginal",13,9.3
2022,New Brunswick,,Persons 25 to 34 years,"Food insecure, moderate or severe",13,24.1
2022,New Brunswick,,Persons 25 to 34 years,"Food insecure, moderate",13,13.3
2022,New Brunswick,,Persons 25 to 34 years,"Food insecure, severe",13,10.8
2022,New Brunswick,,Persons 35 to 44 years,Food secure,13,66.1
2022,New Brunswick,,Persons 35 to 44 years,Food insecure,13,33.9
2022,New Brunswick,,Persons 35 to 44 years,"Food insecure, marginal",13,6.8
2022,New Brunswick,,Persons 35 to 44 years,"Food insecure, moderate or severe",13,27.1
2022,New Brunswick,,Persons 35 to 44 years,"Food insecure, moderate",13,16.5
2022,New Brunswick,,Persons 35 to 44 years,"Food insecure, severe",13,10.6
2022,New Brunswick,,Persons 45 to 54 years,Food secure,13,73.3
2022,New Brunswick,,Persons 45 to 54 years,Food insecure,13,26.7
2022,New Brunswick,,Persons 45 to 54 years,"Food insecure, marginal",13,6.0
2022,New Brunswick,,Persons 45 to 54 years,"Food insecure, moderate or severe",13,20.7
2022,New Brunswick,,Persons 45 to 54 years,"Food insecure, moderate",13,11.6
2022,New Brunswick,,Persons 45 to 54 years,"Food insecure, severe",13,9.2
2022,New Brunswick,,Persons 55 to 64 years,Food secure,13,81.2
2022,New Brunswick,,Persons 55 to 64 years,Food insecure,13,18.8
2022,New Brunswick,,Persons 55 to 64 years,"Food insecure, marginal",13,3.6
2022,New Brunswick,,Persons 55 to 64 years,"Food insecure, moderate or severe",13,15.2
2022,New Brunswick,,Persons 55 to 64 years,"Food insecure, moderate",13,8.0
2022,New Brunswick,,Persons 55 to 64 years,"Food insecure, severe",13,7.2
2022,New Brunswick,,Persons 65 years and over,Food secure,13,86.9
2022,New Brunswick,,Persons 65 years and over,Food insecure,13,13.1
2022,New Brunswick,,Persons 65 years and over,"Food insecure, marginal",13,4.8
2022,New Brunswick,,Persons 65 years and over,"Food insecure, moderate or severe",13,8.3
2022,New Brunswick,,Persons 65 years and over,"Food insecure, moderate",13,5.5
2022,New Brunswick,,Persons 65 years and over,"Food insecure, severe",13,2.8
2022,New Brunswick,,Males,Food secure,13,73.0
2022,New Brunswick,,Males,Food insecure,13,27.0
2022,New Brunswick,,Males,"Food insecure, marginal",13,6.3
2022,New Brunswick,,Males,"Food insecure, moderate or severe",13,20.6
2022,New Brunswick,,Males,"Food insecure, moderate",13,11.3
2022,New Brunswick,,Males,"Food insecure, severe",13,9.3
2022,New Brunswick,,"Males, under 18 years",Food secure,13,61.2
2022,New Brunswick,,"Males, under 18 years",Food insecure,13,38.8
2022,New Brunswick,,"Males, under 18 years","Food insecure, marginal",13,10.1
2022,New Brunswick,,"Males, under 18 years","Food insecure, moderate or severe",13,28.7
2022,New Brunswick,,"Males, under 18 years","Food insecure, moderate",13,15.4
2022,New Brunswick,,"Males, under 18 years","Food insecure, severe",13,13.3
2022,New Brunswick,,"Males, 18 to 64 years",Food secure,13,71.6
2022,New Brunswick,,"Males, 18 to 64 years",Food insecure,13,28.4
2022,New Brunswick,,"Males, 18 to 64 years","Food insecure, marginal",13,5.9
2022,New Brunswick,,"Males, 18 to 64 years","Food insecure, moderate or severe",13,22.5
2022,New Brunswick,,"Males, 18 to 64 years","Food insecure, moderate",13,11.9
2022,New Brunswick,,"Males, 18 to 64 years","Food insecure, severe",13,10.6
2022,New Brunswick,,"Males, 65 years and over",Food secure,13,87.2
2022,New Brunswick,,"Males, 65 years and over",Food insecure,13,12.8
2022,New Brunswick,,"Males, 65 years and over","Food insecure, marginal",13,4.3
2022,New Brunswick,,"Males, 65 years and over","Food insecure, moderate or severe",13,8.5
2022,New Brunswick,,"Males, 65 years and over","Food insecure, moderate",13,6.2
2022,New Brunswick,,"Males, 65 years and over","Food insecure, severe",13,2.4
2022,New Brunswick,,Females,Food secure,13,75.8
2022,New Brunswick,,Females,Food insecure,13,24.2
2022,New Brunswick,,Females,"Food insecure, marginal",13,6.3
2022,New Brunswick,,Females,"Food insecure, moderate or severe",13,17.9
2022,New Brunswick,,Females,"Food insecure, moderate",13,11.0
2022,New Brunswick,,Females,"Food insecure, severe",13,7.0
2022,New Brunswick,,"Females, under 18 years",Food secure,13,70.8
2022,New Brunswick,,"Females, under 18 years",Food insecure,13,29.2
2022,New Brunswick,,"Females, under 18 years","Food insecure, marginal",13,8.0
2022,New Brunswick,,"Females, under 18 years","Food insecure, moderate or severe",13,21.2
2022,New Brunswick,,"Females, under 18 years","Food insecure, moderate",13,13.3
2022,New Brunswick,,"Females, under 18 years","Food insecure, severe",13,7.9
2022,New Brunswick,,"Females, 18 to 64 years",Food secure,13,72.8
2022,New Brunswick,,"Females, 18 to 64 years",Food insecure,13,27.2
2022,New Brunswick,,"Females, 18 to 64 years","Food insecure, marginal",13,6.2
2022,New Brunswick,,"Females, 18 to 64 years","Food insecure, moderate or severe",13,20.9
2022,New Brunswick,,"Females, 18 to 64 years","Food insecure, moderate",13,12.8
2022,New Brunswick,,"Females, 18 to 64 years","Food insecure, severe",13,8.2
2022,New Brunswick,,"Females, 65 years and over",Food secure,13,86.7
2022,New Brunswick,,"Females, 65 years and over",Food insecure,13,13.3
2022,New Brunswick,,"Females, 65 years and over","Food insecure, marginal",13,5.2
2022,New Brunswick,,"Females, 65 years and over","Food insecure, moderate or severe",13,8.1
2022,New Brunswick,,"Females, 65 years and over","Food insecure, moderate",13,4.8
2022,New Brunswick,,"Females, 65 years and over","Food insecure, severe",13,3.3
2022,New Brunswick,,Visible minority population,Food secure,13,66.2
2022,New Brunswick,,Visible minority population,Food insecure,13,33.8
2022,New Brunswick,,Visible minority population,"Food insecure, marginal",13,
2022,New Brunswick,,Visible minority population,"Food insecure, moderate or severe",13,22.2
2022,New Brunswick,,Visible minority population,"Food insecure, moderate",13,19.4
2022,New Brunswick,,Visible minority population,"Food insecure, severe",13,
2022,New Brunswick,,South Asian,Food secure,13,75.6
2022,New Brunswick,,South Asian,Food insecure,13,
2022,New Brunswick,,South Asian,"Food insecure, marginal",13,
2022,New Brunswick,,South Asian,"Food insecure, moderate or severe",13,
2022,New Brunswick,,South Asian,"Food insecure, moderate",13,
2022,New Brunswick,,South Asian,"Food insecure, severe",13,
2022,New Brunswick,,Chinese,Food secure,13,86.8
2022,New Brunswick,,Chinese,Food insecure,13,
2022,New Brunswick,,Chinese,"Food insecure, marginal",13,
2022,New Brunswick,,Chinese,"Food insecure, moderate or severe",13,
2022,New Brunswick,,Chinese,"Food insecure, moderate",13,
2022,New Brunswick,,Chinese,"Food insecure, severe",13,
2022,New Brunswick,,Black,Food secure,13,50.4
2022,New Brunswick,,Black,Food insecure,13,49.6
2022,New Brunswick,,Black,"Food insecure, marginal",13,
2022,New Brunswick,,Black,"Food insecure, moderate or severe",13,42.9
2022,New Brunswick,,Black,"Food insecure, moderate",13,36.9
2022,New Brunswick,,Black,"Food insecure, severe",13,
2022,New Brunswick,,Filipino,Food secure,13,
2022,New Brunswick,,Filipino,Food insecure,13,
2022,New Brunswick,,Filipino,"Food insecure, marginal",13,
2022,New Brunswick,,Filipino,"Food insecure, moderate or severe",13,
2022,New Brunswick,,Filipino,"Food insecure, moderate",13,
2022,New Brunswick,,Filipino,"Food insecure, severe",13,
2022,New Brunswick,,Arab,Food secure,13,74.5
2022,New Brunswick,,Arab,Food insecure,13,
2022,New Brunswick,,Arab,"Food insecure, marginal",13,
2022,New Brunswick,,Arab,"Food insecure, moderate or severe",13,
2022,New Brunswick,,Arab,"Food insecure, moderate",13,
2022,New Brunswick,,Arab,"Food insecure, severe",13,
2022,New Brunswick,,Latin American,Food secure,13,
2022,New Brunswick,,Latin American,Food insecure,13,
2022,New Brunswick,,Latin American,"Food insecure, marginal",13,
2022,New Brunswick,,Latin American,"Food insecure, moderate or severe",13,
2022,New Brunswick,,Latin American,"Food insecure, moderate",13,
2022,New Brunswick,,Latin American,"Food insecure, severe",13,
2022,New Brunswick,,Southeast Asian,Food secure,13,75.1
2022,New Brunswick,,Southeast Asian,Food insecure,13,
2022,New Brunswick,,Southeast Asian,"Food insecure, marginal",13,
2022,New Brunswick,,Southeast Asian,"Food insecure, moderate or severe",13,
2022,New Brunswick,,Southeast Asian,"Food insecure, moderate",13,
2022,New Brunswick,,Southeast Asian,"Food insecure, severe",13,
2022,New Brunswick,,Other visible minority,Food secure,13,76.9
2022,New Brunswick,,Other visible minority,Food insecure,13,
2022,New Brunswick,,Other visible minority,"Food insecure, marginal",13,
2022,New Brunswick,,Other visible minority,"Food insecure, moderate or severe",13,
2022,New Brunswick,,Other visible minority,"Food insecure, moderate",13,
2022,New Brunswick,,Other visible minority,"Food insecure, severe",13,
2022,New Brunswick,,Not a visible minority,Food secure,13,75.1
2022,New Brunswick,,Not a visible minority,Food insecure,13,24.9
2022,New Brunswick,,Not a visible minority,"Food insecure, marginal",13,5.9
2022,New Brunswick,,Not a visible minority,"Food insecure, moderate or severe",13,19.0
2022,New Brunswick,,Not a visible minority,"Food insecure, moderate",13,10.4
2022,New Brunswick,,Not a visible minority,"Food insecure, severe",13,8.6
2022,New Brunswick,,Indigenous population,Food secure,13,58.9
2022,New Brunswick,,Indigenous population,Food insecure,13,41.1
2022,New Brunswick,,Indigenous population,"Food insecure, marginal",13,
2022,New Brunswick,,Indigenous population,"Food insecure, moderate or severe",13,32.1
2022,New Brunswick,,Indigenous population,"Food insecure, moderate",13,18.6
2022,New Brunswick,,Indigenous population,"Food insecure, severe",13,
2022,New Brunswick,,Non-Indigenous population,Food secure,13,74.7
2022,New Brunswick,,Non-Indigenous population,Food insecure,13,25.3
2022,New Brunswick,,Non-Indigenous population,"Food insecure, marginal",13,6.3
2022,New Brunswick,,Non-Indigenous population,"Food insecure, moderate or severe",13,19.0
2022,New Brunswick,,Non-Indigenous population,"Food insecure, moderate",13,11.0
2022,New Brunswick,,Non-Indigenous population,"Food insecure, severe",13,8.0
2022,New Brunswick,,Not a visible minority nor Indigenous,Food secure,13,75.4
2022,New Brunswick,,Not a visible minority nor Indigenous,Food insecure,13,24.6
2022,New Brunswick,,Not a visible minority nor Indigenous,"Food insecure, marginal",13,5.8
2022,New Brunswick,,Not a visible minority nor Indigenous,"Food insecure, moderate or severe",13,18.8
2022,New Brunswick,,Not a visible minority nor Indigenous,"Food insecure, moderate",13,10.3
2022,New Brunswick,,Not a visible minority nor Indigenous,"Food insecure, severe",13,8.5
2022,New Brunswick,,All persons aged 15 years and over,Food secure,13,76.0
2022,New Brunswick,,All persons aged 15 years and over,Food insecure,13,24.0
2022,New Brunswick,,All persons aged 15 years and over,"Food insecure, marginal",13,5.7
2022,New Brunswick,,All persons aged 15 years and over,"Food insecure, moderate or severe",13,18.3
2022,New Brunswick,,All persons aged 15 years and over,"Food insecure, moderate",13,10.5
2022,New Brunswick,,All persons aged 15 years and over,"Food insecure, severe",13,7.7
2022,New Brunswick,,Indigenous population aged 15 years and over,Food secure,13,62.0
2022,New Brunswick,,Indigenous population aged 15 years and over,Food insecure,13,38.0
2022,New Brunswick,,Indigenous population aged 15 years and over,"Food insecure, marginal",13,
2022,New Brunswick,,Indigenous population aged 15 years and over,"Food insecure, moderate or severe",13,29.4
2022,New Brunswick,,Indigenous population aged 15 years and over,"Food insecure, moderate",13,16.6
2022,New Brunswick,,Indigenous population aged 15 years and over,"Food insecure, severe",13,
2022,New Brunswick,,First Nations aged 15 years and over,Food secure,13,61.3
2022,New Brunswick,,First Nations aged 15 years and over,Food insecure,13,38.7
2022,New Brunswick,,First Nations aged 15 years and over,"Food insecure, marginal",13,
2022,New Brunswick,,First Nations aged 15 years and over,"Food insecure, moderate or severe",13,
2022,New Brunswick,,First Nations aged 15 years and over,"Food insecure, moderate",13,
2022,New Brunswick,,First Nations aged 15 years and over,"Food insecure, severe",13,
2022,New Brunswick,,Métis aged 15 years and over,Food secure,13,72.5
2022,New Brunswick,,Métis aged 15 years and over,Food insecure,13,
2022,New Brunswick,,Métis aged 15 years and over,"Food insecure, marginal",13,
2022,New Brunswick,,Métis aged 15 years and over,"Food insecure, moderate or severe",13,
2022,New Brunswick,,Métis aged 15 years and over,"Food insecure, moderate",13,
2022,New Brunswick,,Métis aged 15 years and over,"Food insecure, severe",13,
2022,New Brunswick,,Non-Indigenous population aged 15 years and over,Food secure,13,76.2
2022,New Brunswick,,Non-Indigenous population aged 15 years and over,Food insecure,13,23.8
2022,New Brunswick,,Non-Indigenous population aged 15 years and over,"Food insecure, marginal",13,5.7
2022,New Brunswick,,Non-Indigenous population aged 15 years and over,"Food insecure, moderate or severe",13,18.1
2022,New Brunswick,,Non-Indigenous population aged 15 years and over,"Food insecure, moderate",13,10.4
2022,New Brunswick,,Non-Indigenous population aged 15 years and over,"Food insecure, severe",13,7.7
2022,New Brunswick,,Immigrants aged 15 years and over,Food secure,13,79.4
2022,New Brunswick,,Immigrants aged 15 years and over,Food insecure,13,20.6
2022,New Brunswick,,Immigrants aged 15 years and over,"Food insecure, marginal",13,7.8
2022,New Brunswick,,Immigrants aged 15 years and over,"Food insecure, moderate or severe",13,12.8
2022,New Brunswick,,Immigrants aged 15 years and over,"Food insecure, moderate",13,10.1
2022,New Brunswick,,Immigrants aged 15 years and over,"Food insecure, severe",13,
2022,New Brunswick,,Recent immigrants (10 years or less) aged 15 years and over,Food secure,13,78.7
2022,New Brunswick,,Recent immigrants (10 years or less) aged 15 years and over,Food insecure,13,21.3
2022,New Brunswick,,Recent immigrants (10 years or less) aged 15 years and over,"Food insecure, marginal",13,
2022,New Brunswick,,Recent immigrants (10 years or less) aged 15 years and over,"Food insecure, moderate or severe",13,15.2
2022,New Brunswick,,Recent immigrants (10 years or less) aged 15 years and over,"Food insecure, moderate",13,
2022,New Brunswick,,Recent immigrants (10 years or less) aged 15 years and over,"Food insecure, severe",13,
2022,New Brunswick,,Very recent immigrants (5 years or less) aged 15 years and over,Food secure,13,72.7
2022,New Brunswick,,Very recent immigrants (5 years or less) aged 15 years and over,Food insecure,13,27.3
2022,New Brunswick,,Very recent immigrants (5 years or less) aged 15 years and over,"Food insecure, marginal",13,
2022,New Brunswick,,Very recent immigrants (5 years or less) aged 15 years and over,"Food insecure, moderate or severe",13,
2022,New Brunswick,,Very recent immigrants (5 years or less) aged 15 years and over,"Food insecure, moderate",13,
2022,New Brunswick,,Very recent immigrants (5 years or less) aged 15 years and over,"Food insecure, severe",13,
2022,New Brunswick,,Persons aged 15 years and over born in Canada,Food secure,13,76.3
2022,New Brunswick,,Persons aged 15 years and over born in Canada,Food insecure,13,23.7
2022,New Brunswick,,Persons aged 15 years and over born in Canada,"Food insecure, marginal",13,5.3
2022,New Brunswick,,Persons aged 15 years and over born in Canada,"Food insecure, moderate or severe",13,18.4
2022,New Brunswick,,Persons aged 15 years and over born in Canada,"Food insecure, moderate",13,10.3
2022,New Brunswick,,Persons aged 15 years and over born in Canada,"Food insecure, severe",13,8.2
2022,Quebec,,All persons,Food secure,24,84.3
2022,Quebec,,All persons,Food insecure,24,15.7
2022,Quebec,,All persons,"Food insecure, marginal",24,4.9
2022,Quebec,,All persons,"Food insecure, moderate or severe",24,10.8
2022,Quebec,,All persons,"Food insecure, moderate",24,8.0
2022,Quebec,,All persons,"Food insecure, severe",24,2.8
2022,Quebec,,Persons under 18 years,Food secure,24,80.5
2022,Quebec,,Persons under 18 years,Food insecure,24,19.5
2022,Quebec,,Persons under 18 years,"Food insecure, marginal",24,6.2
2022,Quebec,,Persons under 18 years,"Food insecure, moderate or severe",24,13.3
2022,Quebec,,Persons under 18 years,"Food insecure, moderate",24,10.5
2022,Quebec,,Persons under 18 years,"Food insecure, severe",24,2.8
2022,Quebec,,Persons 18 to 64 years,Food secure,24,82.8
2022,Quebec,,Persons 18 to 64 years,Food insecure,24,17.2
2022,Quebec,,Persons 18 to 64 years,"Food insecure, marginal",24,5.1
2022,Quebec,,Persons 18 to 64 years,"Food insecure, moderate or severe",24,12.0
2022,Quebec,,Persons 18 to 64 years,"Food insecure, moderate",24,8.7
2022,Quebec,,Persons 18 to 64 years,"Food insecure, severe",24,3.4
2022,Quebec,,Persons 18 to 24 years,Food secure,24,84.2
2022,Quebec,,Persons 18 to 24 years,Food insecure,24,15.8
2022,Quebec,,Persons 18 to 24 years,"Food insecure, marginal",24,6.1
2022,Quebec,,Persons 18 to 24 years,"Food insecure, moderate or severe",24,9.7
2022,Quebec,,Persons 18 to 24 years,"Food insecure, moderate",24,7.7
2022,Quebec,,Persons 18 to 24 years,"Food insecure, severe",24,2.0
2022,Quebec,,Persons 25 to 34 years,Food secure,24,78.3
2022,Quebec,,Persons 25 to 34 years,Food insecure,24,21.7
2022,Quebec,,Persons 25 to 34 years,"Food insecure, marginal",24,6.9
2022,Quebec,,Persons 25 to 34 years,"Food insecure, moderate or severe",24,14.9
2022,Quebec,,Persons 25 to 34 years,"Food insecure, moderate",24,10.1
2022,Quebec,,Persons 25 to 34 years,"Food insecure, severe",24,4.7
2022,Quebec,,Persons 35 to 44 years,Food secure,24,79.9
2022,Quebec,,Persons 35 to 44 years,Food insecure,24,20.1
2022,Quebec,,Persons 35 to 44 years,"Food insecure, marginal",24,5.7
2022,Quebec,,Persons 35 to 44 years,"Food insecure, moderate or severe",24,14.4
2022,Quebec,,Persons 35 to 44 years,"Food insecure, moderate",24,10.9
2022,Quebec,,Persons 35 to 44 years,"Food insecure, severe",24,3.5
2022,Quebec,,Persons 45 to 54 years,Food secure,24,82.8
2022,Quebec,,Persons 45 to 54 years,Food insecure,24,17.2
2022,Quebec,,Persons 45 to 54 years,"Food insecure, marginal",24,4.5
2022,Quebec,,Persons 45 to 54 years,"Food insecure, moderate or severe",24,12.6
2022,Quebec,,Persons 45 to 54 years,"Food insecure, moderate",24,9.0
2022,Quebec,,Persons 45 to 54 years,"Food insecure, severe",24,3.7
2022,Quebec,,Persons 55 to 64 years,Food secure,24,89.1
2022,Quebec,,Persons 55 to 64 years,Food insecure,24,10.9
2022,Quebec,,Persons 55 to 64 years,"Food insecure, marginal",24,3.1
2022,Quebec,,Persons 55 to 64 years,"Food insecure, moderate or severe",24,7.8
2022,Quebec,,Persons 55 to 64 years,"Food insecure, moderate",24,5.4
2022,Quebec,,Persons 55 to 64 years,"Food insecure, severe",24,2.4
2022,Quebec,,Persons 65 years and over,Food secure,24,92.2
2022,Quebec,,Persons 65 years and over,Food insecure,24,7.8
2022,Quebec,,Persons 65 years and over,"Food insecure, marginal",24,2.9
2022,Quebec,,Persons 65 years and over,"Food insecure, moderate or severe",24,4.9
2022,Quebec,,Persons 65 years and over,"Food insecure, moderate",24,3.8
2022,Quebec,,Persons 65 years and over,"Food insecure, severe",24,1.1
2022,Quebec,,Males,Food secure,24,84.4
2022,Quebec,,Males,Food insecure,24,15.6
2022,Quebec,,Males,"Food insecure, marginal",24,5.0
2022,Quebec,,Males,"Food insecure, moderate or severe",24,10.6
2022,Quebec,,Males,"Food insecure, moderate",24,7.7
2022,Quebec,,Males,"Food insecure, severe",24,2.9
2022,Quebec,,"Males, under 18 years",Food secure,24,79.8
2022,Quebec,,"Males, under 18 years",Food insecure,24,20.2
2022,Quebec,,"Males, under 18 years","Food insecure, marginal",24,6.4
2022,Quebec,,"Males, under 18 years","Food insecure, moderate or severe",24,13.8
2022,Quebec,,"Males, under 18 years","Food insecure, moderate",24,10.4
2022,Quebec,,"Males, under 18 years","Food insecure, severe",24,3.4
2022,Quebec,,"Males, 18 to 64 years",Food secure,24,83.5
2022,Quebec,,"Males, 18 to 64 years",Food insecure,24,16.5
2022,Quebec,,"Males, 18 to 64 years","Food insecure, marginal",24,5.3
2022,Quebec,,"Males, 18 to 64 years","Food insecure, moderate or severe",24,11.2
2022,Quebec,,"Males, 18 to 64 years","Food insecure, moderate",24,8.0
2022,Quebec,,"Males, 18 to 64 years","Food insecure, severe",24,3.2
2022,Quebec,,"Males, 65 years and over",Food secure,24,91.7
2022,Quebec,,"Males, 65 years and over",Food insecure,24,8.3
2022,Quebec,,"Males, 65 years and over","Food insecure, marginal",24,2.8
2022,Quebec,,"Males, 65 years and over","Food insecure, moderate or severe",24,5.5
2022,Quebec,,"Males, 65 years and over","Food insecure, moderate",24,3.9
2022,Quebec,,"Males, 65 years and over","Food insecure, severe",24,1.6
2022,Quebec,,Females,Food secure,24,84.2
2022,Quebec,,Females,Food insecure,24,15.8
2022,Quebec,,Females,"Food insecure, marginal",24,4.7
2022,Quebec,,Females,"Food insecure, moderate or severe",24,11.0
2022,Quebec,,Females,"Food insecure, moderate",24,8.4
2022,Quebec,,Females,"Food insecure, severe",24,2.7
2022,Quebec,,"Females, under 18 years",Food secure,24,81.2
2022,Quebec,,"Females, under 18 years",Food insecure,24,18.8
2022,Quebec,,"Females, under 18 years","Food insecure, marginal",24,5.9
2022,Quebec,,"Females, under 18 years","Food insecure, moderate or severe",24,12.8
2022,Quebec,,"Females, under 18 years","Food insecure, moderate",24,10.7
2022,Quebec,,"Females, under 18 years","Food insecure, severe",24,2.2
2022,Quebec,,"Females, 18 to 64 years",Food secure,24,82.1
2022,Quebec,,"Females, 18 to 64 years",Food insecure,24,17.9
2022,Quebec,,"Females, 18 to 64 years","Food insecure, marginal",24,5.0
2022,Quebec,,"Females, 18 to 64 years","Food insecure, moderate or severe",24,12.9
2022,Quebec,,"Females, 18 to 64 years","Food insecure, moderate",24,9.3
2022,Quebec,,"Females, 18 to 64 years","Food insecure, severe",24,3.6
2022,Quebec,,"Females, 65 years and over",Food secure,24,92.6
2022,Quebec,,"Females, 65 years and over",Food insecure,24,7.4
2022,Quebec,,"Females, 65 years and over","Food insecure, marginal",24,3.0
2022,Quebec,,"Females, 65 years and over","Food insecure, moderate or severe",24,4.4
2022,Quebec,,"Females, 65 years and over","Food insecure, moderate",24,3.8
2022,Quebec,,"Females, 65 years and over","Food insecure, severe",24,0.6
2022,Quebec,,Visible minority population,Food secure,24,73.2
2022,Quebec,,Visible minority population,Food insecure,24,26.8
2022,Quebec,,Visible minority population,"Food insecure, marginal",24,7.3
2022,Quebec,,Visible minority population,"Food insecure, moderate or severe",24,19.5
2022,Quebec,,Visible minority population,"Food insecure, moderate",24,14.8
2022,Quebec,,Visible minority population,"Food insecure, severe",24,4.7
2022,Quebec,,South Asian,Food secure,24,76.0
2022,Quebec,,South Asian,Food insecure,24,
2022,Quebec,,South Asian,"Food insecure, marginal",24,
2022,Quebec,,South Asian,"Food insecure, moderate or severe",24,
2022,Quebec,,South Asian,"Food insecure, moderate",24,
2022,Quebec,,South Asian,"Food insecure, severe",24,
2022,Quebec,,Chinese,Food secure,24,74.7
2022,Quebec,,Chinese,Food insecure,24,25.3
2022,Quebec,,Chinese,"Food insecure, marginal",24,
2022,Quebec,,Chinese,"Food insecure, moderate or severe",24,
2022,Quebec,,Chinese,"Food insecure, moderate",24,
2022,Quebec,,Chinese,"Food insecure, severe",24,
2022,Quebec,,Black,Food secure,24,66.3
2022,Quebec,,Black,Food insecure,24,33.7
2022,Quebec,,Black,"Food insecure, marginal",24,7.0
2022,Quebec,,Black,"Food insecure, moderate or severe",24,26.6
2022,Quebec,,Black,"Food insecure, moderate",24,18.9
2022,Quebec,,Black,"Food insecure, severe",24,7.7
2022,Quebec,,Filipino,Food secure,24,52.5
2022,Quebec,,Filipino,Food insecure,24,
2022,Quebec,,Filipino,"Food insecure, marginal",24,
2022,Quebec,,Filipino,"Food insecure, moderate or severe",24,40.4
2022,Quebec,,Filipino,"Food insecure, moderate",24,
2022,Quebec,,Filipino,"Food insecure, severe",24,
2022,Quebec,,Arab,Food secure,24,82.0
2022,Quebec,,Arab,Food insecure,24,18.0
2022,Quebec,,Arab,"Food insecure, marginal",24,
2022,Quebec,,Arab,"Food insecure, moderate or severe",24,13.1
2022,Quebec,,Arab,"Food insecure, moderate",24,9.9
2022,Quebec,,Arab,"Food insecure, severe",24,
2022,Quebec,,Latin American,Food secure,24,81.4
2022,Quebec,,Latin American,Food insecure,24,18.6
2022,Quebec,,Latin American,"Food insecure, marginal",24,
2022,Quebec,,Latin American,"Food insecure, moderate or severe",24,
2022,Quebec,,Latin American,"Food insecure, moderate",24,
2022,Quebec,,Latin American,"Food insecure, severe",24,
2022,Quebec,,Southeast Asian,Food secure,24,80.6
2022,Quebec,,Southeast Asian,Food insecure,24,
2022,Quebec,,Southeast Asian,"Food insecure, marginal",24,
2022,Quebec,,Southeast Asian,"Food insecure, moderate or severe",24,
2022,Quebec,,Southeast Asian,"Food insecure, moderate",24,
2022,Quebec,,Southeast Asian,"Food insecure, severe",24,
2022,Quebec,,Other visible minority,Food secure,24,66.9
2022,Quebec,,Other visible minority,Food insecure,24,33.1
2022,Quebec,,Other visible minority,"Food insecure, marginal",24,
2022,Quebec,,Other visible minority,"Food insecure, moderate or severe",24,28.3
2022,Quebec,,Other visible minority,"Food insecure, moderate",24,
2022,Quebec,,Other visible minority,"Food insecure, severe",24,
2022,Quebec,,Not a visible minority,Food secure,24,86.9
2022,Quebec,,Not a visible minority,Food insecure,24,13.1
2022,Quebec,,Not a visible minority,"Food insecure, marginal",24,4.3
2022,Quebec,,Not a visible minority,"Food insecure, moderate or severe",24,8.8
2022,Quebec,,Not a visible minority,"Food insecure, moderate",24,6.5
2022,Quebec,,Not a visible minority,"Food insecure, severe",24,2.4
2022,Quebec,,Indigenous population,Food secure,24,86.2
2022,Quebec,,Indigenous population,Food insecure,24,13.8
2022,Quebec,,Indigenous population,"Food insecure, marginal",24,
2022,Quebec,,Indigenous population,"Food insecure, moderate or severe",24,10.2
2022,Quebec,,Indigenous population,"Food insecure, moderate",24,5.9
2022,Quebec,,Indigenous population,"Food insecure, severe",24,
2022,Quebec,,Non-Indigenous population,Food secure,24,84.3
2022,Quebec,,Non-Indigenous population,Food insecure,24,15.7
2022,Quebec,,Non-Indigenous population,"Food insecure, marginal",24,4.9
2022,Quebec,,Non-Indigenous population,"Food insecure, moderate or severe",24,10.8
2022,Quebec,,Non-Indigenous population,"Food insecure, moderate",24,8.0
2022,Quebec,,Non-Indigenous population,"Food insecure, severe",24,2.8
2022,Quebec,,Not a visible minority nor Indigenous,Food secure,24,86.9
2022,Quebec,,Not a visible minority nor Indigenous,Food insecure,24,13.1
2022,Quebec,,Not a visible minority nor Indigenous,"Food insecure, marginal",24,4.3
2022,Quebec,,Not a visible minority nor Indigenous,"Food insecure, moderate or severe",24,8.8
2022,Quebec,,Not a visible minority nor Indigenous,"Food insecure, moderate",24,6.5
2022,Quebec,,Not a visible minority nor Indigenous,"Food insecure, severe",24,2.3
2022,Quebec,,All persons aged 15 years and over,Food secure,24,85.2
2022,Quebec,,All persons aged 15 years and over,Food insecure,24,14.8
2022,Quebec,,All persons aged 15 years and over,"Food insecure, marginal",24,4.6
2022,Quebec,,All persons aged 15 years and over,"Food insecure, moderate or severe",24,10.3
2022,Quebec,,All persons aged 15 years and over,"Food insecure, moderate",24,7.5
2022,Quebec,,All persons aged 15 years and over,"Food insecure, severe",24,2.8
2022,Quebec,,Indigenous population aged 15 years and over,Food secure,24,85.2
2022,Quebec,,Indigenous population aged 15 years and over,Food insecure,24,14.8
2022,Quebec,,Indigenous population aged 15 years and over,"Food insecure, marginal",24,
2022,Quebec,,Indigenous population aged 15 years and over,"Food insecure, moderate or severe",24,12.1
2022,Quebec,,Indigenous population aged 15 years and over,"Food insecure, moderate",24,6.6
2022,Quebec,,Indigenous population aged 15 years and over,"Food insecure, severe",24,
2022,Quebec,,First Nations aged 15 years and over,Food secure,24,88.2
2022,Quebec,,First Nations aged 15 years and over,Food insecure,24,
2022,Quebec,,First Nations aged 15 years and over,"Food insecure, marginal",24,
2022,Quebec,,First Nations aged 15 years and over,"Food insecure, moderate or severe",24,
2022,Quebec,,First Nations aged 15 years and over,"Food insecure, moderate",24,
2022,Quebec,,First Nations aged 15 years and over,"Food insecure, severe",24,
2022,Quebec,,Métis aged 15 years and over,Food secure,24,81.5
2022,Quebec,,Métis aged 15 years and over,Food insecure,24,18.5
2022,Quebec,,Métis aged 15 years and over,"Food insecure, marginal",24,
2022,Quebec,,Métis aged 15 years and over,"Food insecure, moderate or severe",24,14.3
2022,Quebec,,Métis aged 15 years and over,"Food insecure, moderate",24,
2022,Quebec,,Métis aged 15 years and over,"Food insecure, severe",24,
2022,Quebec,,Non-Indigenous population aged 15 years and over,Food secure,24,85.2
2022,Quebec,,Non-Indigenous population aged 15 years and over,Food insecure,24,14.8
2022,Quebec,,Non-Indigenous population aged 15 years and over,"Food insecure, marginal",24,4.6
2022,Quebec,,Non-Indigenous population aged 15 years and over,"Food insecure, moderate or severe",24,10.2
2022,Quebec,,Non-Indigenous population aged 15 years and over,"Food insecure, moderate",24,7.5
2022,Quebec,,Non-Indigenous population aged 15 years and over,"Food insecure, severe",24,2.8
2022,Quebec,,Immigrants aged 15 years and over,Food secure,24,79.6
2022,Quebec,,Immigrants aged 15 years and over,Food insecure,24,20.4
2022,Quebec,,Immigrants aged 15 years and over,"Food insecure, marginal",24,5.6
2022,Quebec,,Immigrants aged 15 years and over,"Food insecure, moderate or severe",24,14.9
2022,Quebec,,Immigrants aged 15 years and over,"Food insecure, moderate",24,11.2
2022,Quebec,,Immigrants aged 15 years and over,"Food insecure, severe",24,3.6
2022,Quebec,,Recent immigrants (10 years or less) aged 15 years and over,Food secure,24,69.2
2022,Quebec,,Recent immigrants (10 years or less) aged 15 years and over,Food insecure,24,30.8
2022,Quebec,,Recent immigrants (10 years or less) aged 15 years and over,"Food insecure, marginal",24,7.7
2022,Quebec,,Recent immigrants (10 years or less) aged 15 years and over,"Food insecure, moderate or severe",24,23.1
2022,Quebec,,Recent immigrants (10 years or less) aged 15 years and over,"Food insecure, moderate",24,18.0
2022,Quebec,,Recent immigrants (10 years or less) aged 15 years and over,"Food insecure, severe",24,5.1
2022,Quebec,,Very recent immigrants (5 years or less) aged 15 years and over,Food secure,24,67.6
2022,Quebec,,Very recent immigrants (5 years or less) aged 15 years and over,Food insecure,24,32.4
2022,Quebec,,Very recent immigrants (5 years or less) aged 15 years and over,"Food insecure, marginal",24,10.8
2022,Quebec,,Very recent immigrants (5 years or less) aged 15 years and over,"Food insecure, moderate or severe",24,21.7
2022,Quebec,,Very recent immigrants (5 years or less) aged 15 years and over,"Food insecure, moderate",24,16.7
2022,Quebec,,Very recent immigrants (5 years or less) aged 15 years and over,"Food insecure, severe",24,
2022,Quebec,,Persons aged 15 years and over born in Canada,Food secure,24,87.0
2022,Quebec,,Persons aged 15 years and over born in Canada,Food insecure,24,13.0
2022,Quebec,,Persons aged 15 years and over born in Canada,"Food insecure, marginal",24,4.3
2022,Quebec,,Persons aged 15 years and over born in Canada,"Food insecure, moderate or severe",24,8.7
2022,Quebec,,Persons aged 15 years and over born in Canada,"Food insecure, moderate",24,6.2
2022,Quebec,,Persons aged 15 years and over born in Canada,"Food insecure, severe",24,2.5
2022,Ontario,,All persons,Food secure,35,75.5
2022,Ontario,,All persons,Food insecure,35,24.5
2022,Ontario,,All persons,"Food insecure, marginal",35,5.9
2022,Ontario,,All persons,"Food insecure, moderate or severe",35,18.7
2022,Ontario,,All persons,"Food insecure, moderate",35,11.8
2022,Ontario,,All persons,"Food insecure, severe",35,6.9
2022,Ontario,,Persons under 18 years,Food secure,35,69.3
2022,Ontario,,Persons under 18 years,Food insecure,35,30.7
2022,Ontario,,Persons under 18 years,"Food insecure, marginal",35,6.9
2022,Ontario,,Persons under 18 years,"Food insecure, moderate or severe",35,23.8
2022,Ontario,,Persons under 18 years,"Food insecure, moderate",35,16.6
2022,Ontario,,Persons under 18 years,"Food insecure, severe",35,7.1
2022,Ontario,,Persons 18 to 64 years,Food secure,35,74.0
2022,Ontario,,Persons 18 to 64 years,Food insecure,35,26.0
2022,Ontario,,Persons 18 to 64 years,"Food insecure, marginal",35,6.0
2022,Ontario,,Persons 18 to 64 years,"Food insecure, moderate or severe",35,19.9
2022,Ontario,,Persons 18 to 64 years,"Food insecure, moderate",35,12.0
2022,Ontario,,Persons 18 to 64 years,"Food insecure, severe",35,8.0
2022,Ontario,,Persons 18 to 24 years,Food secure,35,75.9
2022,Ontario,,Persons 18 to 24 years,Food insecure,35,24.1
2022,Ontario,,Persons 18 to 24 years,"Food insecure, marginal",35,5.7
2022,Ontario,,Persons 18 to 24 years,"Food insecure, moderate or severe",35,18.4
2022,Ontario,,Persons 18 to 24 years,"Food insecure, moderate",35,9.9
2022,Ontario,,Persons 18 to 24 years,"Food insecure, severe",35,8.5
2022,Ontario,,Persons 25 to 34 years,Food secure,35,69.6
2022,Ontario,,Persons 25 to 34 years,Food insecure,35,30.4
2022,Ontario,,Persons 25 to 34 years,"Food insecure, marginal",35,6.3
2022,Ontario,,Persons 25 to 34 years,"Food insecure, moderate or severe",35,24.1
2022,Ontario,,Persons 25 to 34 years,"Food insecure, moderate",35,15.7
2022,Ontario,,Persons 25 to 34 years,"Food insecure, severe",35,8.4
2022,Ontario,,Persons 35 to 44 years,Food secure,35,71.9
2022,Ontario,,Persons 35 to 44 years,Food insecure,35,28.1
2022,Ontario,,Persons 35 to 44 years,"Food insecure, marginal",35,6.1
2022,Ontario,,Persons 35 to 44 years,"Food insecure, moderate or severe",35,22.1
2022,Ontario,,Persons 35 to 44 years,"Food insecure, moderate",35,13.7
2022,Ontario,,Persons 35 to 44 years,"Food insecure, severe",35,8.4
2022,Ontario,,Persons 45 to 54 years,Food secure,35,76.6
2022,Ontario,,Persons 45 to 54 years,Food insecure,35,23.4
2022,Ontario,,Persons 45 to 54 years,"Food insecure, marginal",35,5.9
2022,Ontario,,Persons 45 to 54 years,"Food insecure, moderate or severe",35,17.5
2022,Ontario,,Persons 45 to 54 years,"Food insecure, moderate",35,10.0
2022,Ontario,,Persons 45 to 54 years,"Food insecure, severe",35,7.6
2022,Ontario,,Persons 55 to 64 years,Food secure,35,77.5
2022,Ontario,,Persons 55 to 64 years,Food insecure,35,22.5
2022,Ontario,,Persons 55 to 64 years,"Food insecure, marginal",35,6.1
2022,Ontario,,Persons 55 to 64 years,"Food insecure, moderate or severe",35,16.4
2022,Ontario,,Persons 55 to 64 years,"Food insecure, moderate",35,9.2
2022,Ontario,,Persons 55 to 64 years,"Food insecure, severe",35,7.2
2022,Ontario,,Persons 65 years and over,Food secure,35,86.9
2022,Ontario,,Persons 65 years and over,Food insecure,35,13.1
2022,Ontario,,Persons 65 years and over,"Food insecure, marginal",35,4.1
2022,Ontario,,Persons 65 years and over,"Food insecure, moderate or severe",35,9.0
2022,Ontario,,Persons 65 years and over,"Food insecure, moderate",35,6.2
2022,Ontario,,Persons 65 years and over,"Food insecure, severe",35,2.8
2022,Ontario,,Males,Food secure,35,75.7
2022,Ontario,,Males,Food insecure,35,24.3
2022,Ontario,,Males,"Food insecure, marginal",35,5.7
2022,Ontario,,Males,"Food insecure, moderate or severe",35,18.6
2022,Ontario,,Males,"Food insecure, moderate",35,11.7
2022,Ontario,,Males,"Food insecure, severe",35,6.8
2022,Ontario,,"Males, under 18 years",Food secure,35,69.0
2022,Ontario,,"Males, under 18 years",Food insecure,35,31.0
2022,Ontario,,"Males, under 18 years","Food insecure, marginal",35,6.8
2022,Ontario,,"Males, under 18 years","Food insecure, moderate or severe",35,24.2
2022,Ontario,,"Males, under 18 years","Food insecure, moderate",35,16.8
2022,Ontario,,"Males, under 18 years","Food insecure, severe",35,7.4
2022,Ontario,,"Males, 18 to 64 years",Food secure,35,74.9
2022,Ontario,,"Males, 18 to 64 years",Food insecure,35,25.1
2022,Ontario,,"Males, 18 to 64 years","Food insecure, marginal",35,5.8
2022,Ontario,,"Males, 18 to 64 years","Food insecure, moderate or severe",35,19.4
2022,Ontario,,"Males, 18 to 64 years","Food insecure, moderate",35,11.6
2022,Ontario,,"Males, 18 to 64 years","Food insecure, severe",35,7.7
2022,Ontario,,"Males, 65 years and over",Food secure,35,87.0
2022,Ontario,,"Males, 65 years and over",Food insecure,35,13.0
2022,Ontario,,"Males, 65 years and over","Food insecure, marginal",35,4.2
2022,Ontario,,"Males, 65 years and over","Food insecure, moderate or severe",35,8.9
2022,Ontario,,"Males, 65 years and over","Food insecure, moderate",35,6.0
2022,Ontario,,"Males, 65 years and over","Food insecure, severe",35,2.9
2022,Ontario,,Females,Food secure,35,75.3
2022,Ontario,,Females,Food insecure,35,24.7
2022,Ontario,,Females,"Food insecure, marginal",35,6.0
2022,Ontario,,Females,"Food insecure, moderate or severe",35,18.7
2022,Ontario,,Females,"Food insecure, moderate",35,11.9
2022,Ontario,,Females,"Food insecure, severe",35,6.9
2022,Ontario,,"Females, under 18 years",Food secure,35,69.7
2022,Ontario,,"Females, under 18 years",Food insecure,35,30.3
2022,Ontario,,"Females, under 18 years","Food insecure, marginal",35,7.0
2022,Ontario,,"Females, under 18 years","Food insecure, moderate or severe",35,23.3
2022,Ontario,,"Females, under 18 years","Food insecure, moderate",35,16.5
2022,Ontario,,"Females, under 18 years","Food insecure, severe",35,6.8
2022,Ontario,,"Females, 18 to 64 years",Food secure,35,73.2
2022,Ontario,,"Females, 18 to 64 years",Food insecure,35,26.8
2022,Ontario,,"Females, 18 to 64 years","Food insecure, marginal",35,6.3
2022,Ontario,,"Females, 18 to 64 years","Food insecure, moderate or severe",35,20.5
2022,Ontario,,"Females, 18 to 64 years","Food insecure, moderate",35,12.3
2022,Ontario,,"Females, 18 to 64 years","Food insecure, severe",35,8.2
2022,Ontario,,"Females, 65 years and over",Food secure,35,86.9
2022,Ontario,,"Females, 65 years and over",Food insecure,35,13.1
2022,Ontario,,"Females, 65 years and over","Food insecure, marginal",35,4.1
2022,Ontario,,"Females, 65 years and over","Food insecure, moderate or severe",35,9.0
2022,Ontario,,"Females, 65 years and over","Food insecure, moderate",35,6.3
2022,Ontario,,"Females, 65 years and over","Food insecure, severe",35,2.7
2022,Ontario,,Visible minority population,Food secure,35,72.3
2022,Ontario,,Visible minority population,Food insecure,35,27.7
2022,Ontario,,Visible minority population,"Food insecure, marginal",35,5.6
2022,Ontario,,Visible minority population,"Food insecure, moderate or severe",35,22.1
2022,Ontario,,Visible minority population,"Food insecure, moderate",35,14.6
2022,Ontario,,Visible minority population,"Food insecure, severe",35,7.5
2022,Ontario,,South Asian,Food secure,35,77.8
2022,Ontario,,South Asian,Food insecure,35,22.2
2022,Ontario,,South Asian,"Food insecure, marginal",35,5.5
2022,Ontario,,South Asian,"Food insecure, moderate or severe",35,16.7
2022,Ontario,,South Asian,"Food insecure, moderate",35,9.7
2022,Ontario,,South Asian,"Food insecure, severe",35,7.1
2022,Ontario,,Chinese,Food secure,35,83.0
2022,Ontario,,Chinese,Food insecure,35,17.0
2022,Ontario,,Chinese,"Food insecure, marginal",35,4.8
2022,Ontario,,Chinese,"Food insecure, moderate or severe",35,12.2
2022,Ontario,,Chinese,"Food insecure, moderate",35,8.4
2022,Ontario,,Chinese,"Food insecure, severe",35,3.9
2022,Ontario,,Black,Food secure,35,55.3
2022,Ontario,,Black,Food insecure,35,44.7
2022,Ontario,,Black,"Food insecure, marginal",35,8.1
2022,Ontario,,Black,"Food insecure, moderate or severe",35,36.7
2022,Ontario,,Black,"Food insecure, moderate",35,21.7
2022,Ontario,,Black,"Food insecure, severe",35,15.0
2022,Ontario,,Filipino,Food secure,35,77.7
2022,Ontario,,Filipino,Food insecure,35,22.3
2022,Ontario,,Filipino,"Food insecure, marginal",35,4.9
2022,Ontario,,Filipino,"Food insecure, moderate or severe",35,17.5
2022,Ontario,,Filipino,"Food insecure, moderate",35,13.9
2022,Ontario,,Filipino,"Food insecure, severe",35,
2022,Ontario,,Arab,Food secure,35,69.8
2022,Ontario,,Arab,Food insecure,35,30.2
2022,Ontario,,Arab,"Food insecure, marginal",35,
2022,Ontario,,Arab,"Food insecure, moderate or severe",35,23.3
2022,Ontario,,Arab,"Food insecure, moderate",35,19.3
2022,Ontario,,Arab,"Food insecure, severe",35,
2022,Ontario,,Latin American,Food secure,35,60.9
2022,Ontario,,Latin American,Food insecure,35,39.1
2022,Ontario,,Latin American,"Food insecure, marginal",35,4.0
2022,Ontario,,Latin American,"Food insecure, moderate or severe",35,35.1
2022,Ontario,,Latin American,"Food insecure, moderate",35,19.9
2022,Ontario,,Latin American,"Food insecure, severe",35,
2022,Ontario,,Southeast Asian,Food secure,35,75.4
2022,Ontario,,Southeast Asian,Food insecure,35,24.6
2022,Ontario,,Southeast Asian,"Food insecure, marginal",35,
2022,Ontario,,Southeast Asian,"Food insecure, moderate or severe",35,16.4
2022,Ontario,,Southeast Asian,"Food insecure, moderate",35,
2022,Ontario,,Southeast Asian,"Food insecure, severe",35,
2022,Ontario,,Other visible minority,Food secure,35,63.8
2022,Ontario,,Other visible minority,Food insecure,35,36.2
2022,Ontario,,Other visible minority,"Food insecure, marginal",35,
2022,Ontario,,Other visible minority,"Food insecure, moderate or severe",35,32.4
2022,Ontario,,Other visible minority,"Food insecure, moderate",35,24.1
2022,Ontario,,Other visible minority,"Food insecure, severe",35,8.4
2022,Ontario,,Not a visible minority,Food secure,35,77.4
2022,Ontario,,Not a visible minority,Food insecure,35,22.6
2022,Ontario,,Not a visible minority,"Food insecure, marginal",35,6.0
2022,Ontario,,Not a visible minority,"Food insecure, moderate or severe",35,16.6
2022,Ontario,,Not a visible minority,"Food insecure, moderate",35,10.2
2022,Ontario,,Not a visible minority,"Food insecure, severe",35,6.5
2022,Ontario,,Indigenous population,Food secure,35,63.4
2022,Ontario,,Indigenous population,Food insecure,35,36.6
2022,Ontario,,Indigenous population,"Food insecure, marginal",35,6.6
2022,Ontario,,Indigenous population,"Food insecure, moderate or severe",35,30.0
2022,Ontario,,Indigenous population,"Food insecure, moderate",35,13.1
2022,Ontario,,Indigenous population,"Food insecure, severe",35,17.0
2022,Ontario,,Non-Indigenous population,Food secure,35,75.7
2022,Ontario,,Non-Indigenous population,Food insecure,35,24.3
2022,Ontario,,Non-Indigenous population,"Food insecure, marginal",35,5.8
2022,Ontario,,Non-Indigenous population,"Food insecure, moderate or severe",35,18.4
2022,Ontario,,Non-Indigenous population,"Food insecure, moderate",35,11.8
2022,Ontario,,Non-Indigenous population,"Food insecure, severe",35,6.7
2022,Ontario,,Not a visible minority nor Indigenous,Food secure,35,77.8
2022,Ontario,,Not a visible minority nor Indigenous,Food insecure,35,22.2
2022,Ontario,,Not a visible minority nor Indigenous,"Food insecure, marginal",35,6.0
2022,Ontario,,Not a visible minority nor Indigenous,"Food insecure, moderate or severe",35,16.2
2022,Ontario,,Not a visible minority nor Indigenous,"Food insecure, moderate",35,10.1
2022,Ontario,,Not a visible minority nor Indigenous,"Food insecure, severe",35,6.1
2022,Ontario,,All persons aged 15 years and over,Food secure,35,76.7
2022,Ontario,,All persons aged 15 years and over,Food insecure,35,23.3
2022,Ontario,,All persons aged 15 years and over,"Food insecure, marginal",35,5.7
2022,Ontario,,All persons aged 15 years and over,"Food insecure, moderate or severe",35,17.6
2022,Ontario,,All persons aged 15 years and over,"Food insecure, moderate",35,10.8
2022,Ontario,,All persons aged 15 years and over,"Food insecure, severe",35,6.8
2022,Ontario,,Indigenous population aged 15 years and over,Food secure,35,66.0
2022,Ontario,,Indigenous population aged 15 years and over,Food insecure,35,34.0
2022,Ontario,,Indigenous population aged 15 years and over,"Food insecure, marginal",35,6.6
2022,Ontario,,Indigenous population aged 15 years and over,"Food insecure, moderate or severe",35,27.4
2022,Ontario,,Indigenous population aged 15 years and over,"Food insecure, moderate",35,10.7
2022,Ontario,,Indigenous population aged 15 years and over,"Food insecure, severe",35,16.8
2022,Ontario,,First Nations aged 15 years and over,Food secure,35,60.1
2022,Ontario,,First Nations aged 15 years and over,Food insecure,35,39.9
2022,Ontario,,First Nations aged 15 years and over,"Food insecure, marginal",35,6.0
2022,Ontario,,First Nations aged 15 years and over,"Food insecure, moderate or severe",35,33.9
2022,Ontario,,First Nations aged 15 years and over,"Food insecure, moderate",35,14.9
2022,Ontario,,First Nations aged 15 years and over,"Food insecure, severe",35,18.9
2022,Ontario,,Métis aged 15 years and over,Food secure,35,75.8
2022,Ontario,,Métis aged 15 years and over,Food insecure,35,24.2
2022,Ontario,,Métis aged 15 years and over,"Food insecure, marginal",35,
2022,Ontario,,Métis aged 15 years and over,"Food insecure, moderate or severe",35,16.1
2022,Ontario,,Métis aged 15 years and over,"Food insecure, moderate",35,
2022,Ontario,,Métis aged 15 years and over,"Food insecure, severe",35,13.3
2022,Ontario,,Non-Indigenous population aged 15 years and over,Food secure,35,77.0
2022,Ontario,,Non-Indigenous population aged 15 years and over,Food insecure,35,23.0
2022,Ontario,,Non-Indigenous population aged 15 years and over,"Food insecure, marginal",35,5.7
2022,Ontario,,Non-Indigenous population aged 15 years and over,"Food insecure, moderate or severe",35,17.4
2022,Ontario,,Non-Indigenous population aged 15 years and over,"Food insecure, moderate",35,10.8
2022,Ontario,,Non-Indigenous population aged 15 years and over,"Food insecure, severe",35,6.6
2022,Ontario,,Immigrants aged 15 years and over,Food secure,35,76.3
2022,Ontario,,Immigrants aged 15 years and over,Food insecure,35,23.7
2022,Ontario,,Immigrants aged 15 years and over,"Food insecure, marginal",35,5.7
2022,Ontario,,Immigrants aged 15 years and over,"Food insecure, moderate or severe",35,17.9
2022,Ontario,,Immigrants aged 15 years and over,"Food insecure, moderate",35,12.0
2022,Ontario,,Immigrants aged 15 years and over,"Food insecure, severe",35,5.9
2022,Ontario,,Recent immigrants (10 years or less) aged 15 years and over,Food secure,35,72.3
2022,Ontario,,Recent immigrants (10 years or less) aged 15 years and over,Food insecure,35,27.7
2022,Ontario,,Recent immigrants (10 years or less) aged 15 years and over,"Food insecure, marginal",35,7.5
2022,Ontario,,Recent immigrants (10 years or less) aged 15 years and over,"Food insecure, moderate or severe",35,20.2
2022,Ontario,,Recent immigrants (10 years or less) aged 15 years and over,"Food insecure, moderate",35,14.9
2022,Ontario,,Recent immigrants (10 years or less) aged 15 years and over,"Food insecure, severe",35,5.3
2022,Ontario,,Very recent immigrants (5 years or less) aged 15 years and over,Food secure,35,75.5
2022,Ontario,,Very recent immigrants (5 years or less) aged 15 years and over,Food insecure,35,24.5
2022,Ontario,,Very recent immigrants (5 years or less) aged 15 years and over,"Food insecure, marginal",35,6.6
2022,Ontario,,Very recent immigrants (5 years or less) aged 15 years and over,"Food insecure, moderate or severe",35,17.9
2022,Ontario,,Very recent immigrants (5 years or less) aged 15 years and over,"Food insecure, moderate",35,12.1
2022,Ontario,,Very recent immigrants (5 years or less) aged 15 years and over,"Food insecure, severe",35,5.8
2022,Ontario,,Persons aged 15 years and over born in Canada,Food secure,35,77.3
2022,Ontario,,Persons aged 15 years and over born in Canada,Food insecure,35,22.7
2022,Ontario,,Persons aged 15 years and over born in Canada,"Food insecure, marginal",35,5.6
2022,Ontario,,Persons aged 15 years and over born in Canada,"Food insecure, moderate or severe",35,17.1
2022,Ontario,,Persons aged 15 years and over born in Canada,"Food insecure, moderate",35,10.1
2022,Ontario,,Persons aged 15 years and over born in Canada,"Food insecure, severe",35,7.1
2022,Prairie provinces,,All persons,Food secure,,72.6
2022,Prairie provinces,,All persons,Food insecure,,27.4
2022,Prairie provinces,,All persons,"Food insecure, marginal",,7.2
2022,Prairie provinces,,All persons,"Food insecure, moderate or severe",,20.2
2022,Prairie provinces,,All persons,"Food insecure, moderate",,12.4
2022,Prairie provinces,,All persons,"Food insecure, severe",,7.8
2022,Prairie provinces,,Persons under 18 years,Food secure,,68.4
2022,Prairie provinces,,Persons under 18 years,Food insecure,,31.6
2022,Prairie provinces,,Persons under 18 years,"Food insecure, marginal",,9.2
2022,Prairie provinces,,Persons under 18 years,"Food insecure, moderate or severe",,22.4
2022,Prairie provinces,,Persons under 18 years,"Food insecure, moderate",,14.7
2022,Prairie provinces,,Persons under 18 years,"Food insecure, severe",,7.7
2022,Prairie provinces,,Persons 18 to 64 years,Food secure,,70.6
2022,Prairie provinces,,Persons 18 to 64 years,Food insecure,,29.4
2022,Prairie provinces,,Persons 18 to 64 years,"Food insecure, marginal",,7.4
2022,Prairie provinces,,Persons 18 to 64 years,"Food insecure, moderate or severe",,22.0
2022,Prairie provinces,,Persons 18 to 64 years,"Food insecure, moderate",,12.9
2022,Prairie provinces,,Persons 18 to 64 years,"Food insecure, severe",,9.1
2022,Prairie provinces,,Persons 18 to 24 years,Food secure,,70.3
2022,Prairie provinces,,Persons 18 to 24 years,Food insecure,,29.7
2022,Prairie provinces,,Persons 18 to 24 years,"Food insecure, marginal",,9.4
2022,Prairie provinces,,Persons 18 to 24 years,"Food insecure, moderate or severe",,20.4
2022,Prairie provinces,,Persons 18 to 24 years,"Food insecure, moderate",,11.2
2022,Prairie provinces,,Persons 18 to 24 years,"Food insecure, severe",,9.2
2022,Prairie provinces,,Persons 25 to 34 years,Food secure,,68.7
2022,Prairie provinces,,Persons 25 to 34 years,Food insecure,,31.3
2022,Prairie provinces,,Persons 25 to 34 years,"Food insecure, marginal",,8.0
2022,Prairie provinces,,Persons 25 to 34 years,"Food insecure, moderate or severe",,23.3
2022,Prairie provinces,,Persons 25 to 34 years,"Food insecure, moderate",,14.5
2022,Prairie provinces,,Persons 25 to 34 years,"Food insecure, severe",,8.8
2022,Prairie provinces,,Persons 35 to 44 years,Food secure,,68.0
2022,Prairie provinces,,Persons 35 to 44 years,Food insecure,,32.0
2022,Prairie provinces,,Persons 35 to 44 years,"Food insecure, marginal",,7.8
2022,Prairie provinces,,Persons 35 to 44 years,"Food insecure, moderate or severe",,24.1
2022,Prairie provinces,,Persons 35 to 44 years,"Food insecure, moderate",,15.2
2022,Prairie provinces,,Persons 35 to 44 years,"Food insecure, severe",,9.0
2022,Prairie provinces,,Persons 45 to 54 years,Food secure,,71.5
2022,Prairie provinces,,Persons 45 to 54 years,Food insecure,,28.5
2022,Prairie provinces,,Persons 45 to 54 years,"Food insecure, marginal",,7.7
2022,Prairie provinces,,Persons 45 to 54 years,"Food insecure, moderate or severe",,20.9
2022,Prairie provinces,,Persons 45 to 54 years,"Food insecure, moderate",,9.8
2022,Prairie provinces,,Persons 45 to 54 years,"Food insecure, severe",,11.0
2022,Prairie provinces,,Persons 55 to 64 years,Food secure,,75.6
2022,Prairie provinces,,Persons 55 to 64 years,Food insecure,,24.4
2022,Prairie provinces,,Persons 55 to 64 years,"Food insecure, marginal",,4.3
2022,Prairie provinces,,Persons 55 to 64 years,"Food insecure, moderate or severe",,20.1
2022,Prairie provinces,,Persons 55 to 64 years,"Food insecure, moderate",,12.5
2022,Prairie provinces,,Persons 55 to 64 years,"Food insecure, severe",,7.5
2022,Prairie provinces,,Persons 65 years and over,Food secure,,86.4
2022,Prairie provinces,,Persons 65 years and over,Food insecure,,13.6
2022,Prairie provinces,,Persons 65 years and over,"Food insecure, marginal",,3.6
2022,Prairie provinces,,Persons 65 years and over,"Food insecure, moderate or severe",,10.0
2022,Prairie provinces,,Persons 65 years and over,"Food insecure, moderate",,7.2
2022,Prairie provinces,,Persons 65 years and over,"Food insecure, severe",,2.8
2022,Prairie provinces,,Males,Food secure,,72.8
2022,Prairie provinces,,Males,Food insecure,,27.2
2022,Prairie provinces,,Males,"Food insecure, marginal",,7.0
2022,Prairie provinces,,Males,"Food insecure, moderate or severe",,20.2
2022,Prairie provinces,,Males,"Food insecure, moderate",,12.1
2022,Prairie provinces,,Males,"Food insecure, severe",,8.1
2022,Prairie provinces,,"Males, under 18 years",Food secure,,68.9
2022,Prairie provinces,,"Males, under 18 years",Food insecure,,31.1
2022,Prairie provinces,,"Males, under 18 years","Food insecure, marginal",,8.1
2022,Prairie provinces,,"Males, under 18 years","Food insecure, moderate or severe",,23.1
2022,Prairie provinces,,"Males, under 18 years","Food insecure, moderate",,15.6
2022,Prairie provinces,,"Males, under 18 years","Food insecure, severe",,7.5
2022,Prairie provinces,,"Males, 18 to 64 years",Food secure,,70.8
2022,Prairie provinces,,"Males, 18 to 64 years",Food insecure,,29.2
2022,Prairie provinces,,"Males, 18 to 64 years","Food insecure, marginal",,7.6
2022,Prairie provinces,,"Males, 18 to 64 years","Food insecure, moderate or severe",,21.6
2022,Prairie provinces,,"Males, 18 to 64 years","Food insecure, moderate",,12.0
2022,Prairie provinces,,"Males, 18 to 64 years","Food insecure, severe",,9.6
2022,Prairie provinces,,"Males, 65 years and over",Food secure,,87.2
2022,Prairie provinces,,"Males, 65 years and over",Food insecure,,12.8
2022,Prairie provinces,,"Males, 65 years and over","Food insecure, marginal",,3.1
2022,Prairie provinces,,"Males, 65 years and over","Food insecure, moderate or severe",,9.7
2022,Prairie provinces,,"Males, 65 years and over","Food insecure, moderate",,7.2
2022,Prairie provinces,,"Males, 65 years and over","Food insecure, severe",,2.6
2022,Prairie provinces,,Females,Food secure,,72.4
2022,Prairie provinces,,Females,Food insecure,,27.6
2022,Prairie provinces,,Females,"Food insecure, marginal",,7.3
2022,Prairie provinces,,Females,"Food insecure, moderate or severe",,20.3
2022,Prairie provinces,,Females,"Food insecure, moderate",,12.8
2022,Prairie provinces,,Females,"Food insecure, severe",,7.5
2022,Prairie provinces,,"Females, under 18 years",Food secure,,68.0
2022,Prairie provinces,,"Females, under 18 years",Food insecure,,32.0
2022,Prairie provinces,,"Females, under 18 years","Food insecure, marginal",,10.2
2022,Prairie provinces,,"Females, under 18 years","Food insecure, moderate or severe",,21.8
2022,Prairie provinces,,"Females, under 18 years","Food insecure, moderate",,13.9
2022,Prairie provinces,,"Females, under 18 years","Food insecure, severe",,7.9
2022,Prairie provinces,,"Females, 18 to 64 years",Food secure,,70.5
2022,Prairie provinces,,"Females, 18 to 64 years",Food insecure,,29.5
2022,Prairie provinces,,"Females, 18 to 64 years","Food insecure, marginal",,7.1
2022,Prairie provinces,,"Females, 18 to 64 years","Food insecure, moderate or severe",,22.4
2022,Prairie provinces,,"Females, 18 to 64 years","Food insecure, moderate",,13.8
2022,Prairie provinces,,"Females, 18 to 64 years","Food insecure, severe",,8.5
2022,Prairie provinces,,"Females, 65 years and over",Food secure,,85.8
2022,Prairie provinces,,"Females, 65 years and over",Food insecure,,14.2
2022,Prairie provinces,,"Females, 65 years and over","Food insecure, marginal",,4.0
2022,Prairie provinces,,"Females, 65 years and over","Food insecure, moderate or severe",,10.3
2022,Prairie provinces,,"Females, 65 years and over","Food insecure, moderate",,7.3
2022,Prairie provinces,,"Females, 65 years and over","Food insecure, severe",,3.0
2022,Prairie provinces,,Visible minority population,Food secure,,70.4
2022,Prairie provinces,,Visible minority population,Food insecure,,29.6
2022,Prairie provinces,,Visible minority population,"Food insecure, marginal",,7.9
2022,Prairie provinces,,Visible minority population,"Food insecure, moderate or severe",,21.7
2022,Prairie provinces,,Visible minority population,"Food insecure, moderate",,15.8
2022,Prairie provinces,,Visible minority population,"Food insecure, severe",,5.8
2022,Prairie provinces,,South Asian,Food secure,,67.8
2022,Prairie provinces,,South Asian,Food insecure,,32.2
2022,Prairie provinces,,South Asian,"Food insecure, marginal",,9.8
2022,Prairie provinces,,South Asian,"Food insecure, moderate or severe",,22.4
2022,Prairie provinces,,South Asian,"Food insecure, moderate",,14.2
2022,Prairie provinces,,South Asian,"Food insecure, severe",,
2022,Prairie provinces,,Chinese,Food secure,,78.1
2022,Prairie provinces,,Chinese,Food insecure,,21.9
2022,Prairie provinces,,Chinese,"Food insecure, marginal",,
2022,Prairie provinces,,Chinese,"Food insecure, moderate or severe",,15.9
2022,Prairie provinces,,Chinese,"Food insecure, moderate",,11.0
2022,Prairie provinces,,Chinese,"Food insecure, severe",,
2022,Prairie provinces,,Black,Food secure,,58.9
2022,Prairie provinces,,Black,Food insecure,,41.1
2022,Prairie provinces,,Black,"Food insecure, marginal",,12.7
2022,Prairie provinces,,Black,"Food insecure, moderate or severe",,28.4
2022,Prairie provinces,,Black,"Food insecure, moderate",,18.2
2022,Prairie provinces,,Black,"Food insecure, severe",,10.2
2022,Prairie provinces,,Filipino,Food secure,,73.9
2022,Prairie provinces,,Filipino,Food insecure,,26.1
2022,Prairie provinces,,Filipino,"Food insecure, marginal",,5.8
2022,Prairie provinces,,Filipino,"Food insecure, moderate or severe",,20.3
2022,Prairie provinces,,Filipino,"Food insecure, moderate",,17.0
2022,Prairie provinces,,Filipino,"Food insecure, severe",,
2022,Prairie provinces,,Arab,Food secure,,76.8
2022,Prairie provinces,,Arab,Food insecure,,
2022,Prairie provinces,,Arab,"Food insecure, marginal",,
2022,Prairie provinces,,Arab,"Food insecure, moderate or severe",,
2022,Prairie provinces,,Arab,"Food insecure, moderate",,
2022,Prairie provinces,,Arab,"Food insecure, severe",,
2022,Prairie provinces,,Latin American,Food secure,,64.5
2022,Prairie provinces,,Latin American,Food insecure,,35.5
2022,Prairie provinces,,Latin American,"Food insecure, marginal",,
2022,Prairie provinces,,Latin American,"Food insecure, moderate or severe",,
2022,Prairie provinces,,Latin American,"Food insecure, moderate",,
2022,Prairie provinces,,Latin American,"Food insecure, severe",,
2022,Prairie provinces,,Southeast Asian,Food secure,,71.5
2022,Prairie provinces,,Southeast Asian,Food insecure,,28.5
2022,Prairie provinces,,Southeast Asian,"Food insecure, marginal",,
2022,Prairie provinces,,Southeast Asian,"Food insecure, moderate or severe",,
2022,Prairie provinces,,Southeast Asian,"Food insecure, moderate",,
2022,Prairie provinces,,Southeast Asian,"Food insecure, severe",,
2022,Prairie provinces,,Other visible minority,Food secure,,71.3
2022,Prairie provinces,,Other visible minority,Food insecure,,28.7
2022,Prairie provinces,,Other visible minority,"Food insecure, marginal",,
2022,Prairie provinces,,Other visible minority,"Food insecure, moderate or severe",,18.0
2022,Prairie provinces,,Other visible minority,"Food insecure, moderate",,15.2
2022,Prairie provinces,,Other visible minority,"Food insecure, severe",,
2022,Prairie provinces,,Not a visible minority,Food secure,,73.4
2022,Prairie provinces,,Not a visible minority,Food insecure,,26.6
2022,Prairie provinces,,Not a visible minority,"Food insecure, marginal",,6.9
2022,Prairie provinces,,Not a visible minority,"Food insecure, moderate or severe",,19.7
2022,Prairie provinces,,Not a visible minority,"Food insecure, moderate",,11.2
2022,Prairie provinces,,Not a visible minority,"Food insecure, severe",,8.5
2022,Prairie provinces,,Indigenous population,Food secure,,59.4
2022,Prairie provinces,,Indigenous population,Food insecure,,40.6
2022,Prairie provinces,,Indigenous population,"Food insecure, marginal",,10.6
2022,Prairie provinces,,Indigenous population,"Food insecure, moderate or severe",,30.0
2022,Prairie provinces,,Indigenous population,"Food insecure, moderate",,15.5
2022,Prairie provinces,,Indigenous population,"Food insecure, severe",,14.5
2022,Prairie provinces,,Non-Indigenous population,Food secure,,73.5
2022,Prairie provinces,,Non-Indigenous population,Food insecure,,26.5
2022,Prairie provinces,,Non-Indigenous population,"Food insecure, marginal",,6.9
2022,Prairie provinces,,Non-Indigenous population,"Food insecure, moderate or severe",,19.5
2022,Prairie provinces,,Non-Indigenous population,"Food insecure, moderate",,12.2
2022,Prairie provinces,,Non-Indigenous population,"Food insecure, severe",,7.3
2022,Prairie provinces,,Not a visible minority nor Indigenous,Food secure,,74.8
2022,Prairie provinces,,Not a visible minority nor Indigenous,Food insecure,,25.2
2022,Prairie provinces,,Not a visible minority nor Indigenous,"Food insecure, marginal",,6.5
2022,Prairie provinces,,Not a visible minority nor Indigenous,"Food insecure, moderate or severe",,18.7
2022,Prairie provinces,,Not a visible minority nor Indigenous,"Food insecure, moderate",,10.8
2022,Prairie provinces,,Not a visible minority nor Indigenous,"Food insecure, severe",,7.9
2022,Prairie provinces,,All persons aged 15 years and over,Food secure,,73.6
2022,Prairie provinces,,All persons aged 15 years and over,Food insecure,,26.4
2022,Prairie provinces,,All persons aged 15 years and over,"Food insecure, marginal",,6.8
2022,Prairie provinces,,All persons aged 15 years and over,"Food insecure, moderate or severe",,19.7
2022,Prairie provinces,,All persons aged 15 years and over,"Food insecure, moderate",,11.9
2022,Prairie provinces,,All persons aged 15 years and over,"Food insecure, severe",,7.8
2022,Prairie provinces,,Indigenous population aged 15 years and over,Food secure,,59.8
2022,Prairie provinces,,Indigenous population aged 15 years and over,Food insecure,,40.2
2022,Prairie provinces,,Indigenous population aged 15 years and over,"Food insecure, marginal",,9.3
2022,Prairie provinces,,Indigenous population aged 15 years and over,"Food insecure, moderate or severe",,30.8
2022,Prairie provinces,,Indigenous population aged 15 years and over,"Food insecure, moderate",,14.5
2022,Prairie provinces,,Indigenous population aged 15 years and over,"Food insecure, severe",,16.3
2022,Prairie provinces,,First Nations aged 15 years and over,Food secure,,51.0
2022,Prairie provinces,,First Nations aged 15 years and over,Food insecure,,49.0
2022,Prairie provinces,,First Nations aged 15 years and over,"Food insecure, marginal",,11.9
2022,Prairie provinces,,First Nations aged 15 years and over,"Food insecure, moderate or severe",,37.1
2022,Prairie provinces,,First Nations aged 15 years and over,"Food insecure, moderate",,17.9
2022,Prairie provinces,,First Nations aged 15 years and over,"Food insecure, severe",,19.2
2022,Prairie provinces,,Métis aged 15 years and over,Food secure,,64.8
2022,Prairie provinces,,Métis aged 15 years and over,Food insecure,,35.2
2022,Prairie provinces,,Métis aged 15 years and over,"Food insecure, marginal",,8.1
2022,Prairie provinces,,Métis aged 15 years and over,"Food insecure, moderate or severe",,27.1
2022,Prairie provinces,,Métis aged 15 years and over,"Food insecure, moderate",,12.7
2022,Prairie provinces,,Métis aged 15 years and over,"Food insecure, severe",,14.4
2022,Prairie provinces,,Non-Indigenous population aged 15 years and over,Food secure,,74.4
2022,Prairie provinces,,Non-Indigenous population aged 15 years and over,Food insecure,,25.6
2022,Prairie provinces,,Non-Indigenous population aged 15 years and over,"Food insecure, marginal",,6.6
2022,Prairie provinces,,Non-Indigenous population aged 15 years and over,"Food insecure, moderate or severe",,19.0
2022,Prairie provinces,,Non-Indigenous population aged 15 years and over,"Food insecure, moderate",,11.7
2022,Prairie provinces,,Non-Indigenous population aged 15 years and over,"Food insecure, severe",,7.3
2022,Prairie provinces,,Immigrants aged 15 years and over,Food secure,,74.1
2022,Prairie provinces,,Immigrants aged 15 years and over,Food insecure,,25.9
2022,Prairie provinces,,Immigrants aged 15 years and over,"Food insecure, marginal",,6.8
2022,Prairie provinces,,Immigrants aged 15 years and over,"Food insecure, moderate or severe",,19.2
2022,Prairie provinces,,Immigrants aged 15 years and over,"Food insecure, moderate",,14.0
2022,Prairie provinces,,Immigrants aged 15 years and over,"Food insecure, severe",,5.2
2022,Prairie provinces,,Recent immigrants (10 years or less) aged 15 years and over,Food secure,,71.4
2022,Prairie provinces,,Recent immigrants (10 years or less) aged 15 years and over,Food insecure,,28.6
2022,Prairie provinces,,Recent immigrants (10 years or less) aged 15 years and over,"Food insecure, marginal",,5.8
2022,Prairie provinces,,Recent immigrants (10 years or less) aged 15 years and over,"Food insecure, moderate or severe",,22.8
2022,Prairie provinces,,Recent immigrants (10 years or less) aged 15 years and over,"Food insecure, moderate",,16.8
2022,Prairie provinces,,Recent immigrants (10 years or less) aged 15 years and over,"Food insecure, severe",,
2022,Prairie provinces,,Very recent immigrants (5 years or less) aged 15 years and over,Food secure,,75.8
2022,Prairie provinces,,Very recent immigrants (5 years or less) aged 15 years and over,Food insecure,,24.2
2022,Prairie provinces,,Very recent immigrants (5 years or less) aged 15 years and over,"Food insecure, marginal",,5.7
2022,Prairie provinces,,Very recent immigrants (5 years or less) aged 15 years and over,"Food insecure, moderate or severe",,18.5
2022,Prairie provinces,,Very recent immigrants (5 years or less) aged 15 years and over,"Food insecure, moderate",,11.7
2022,Prairie provinces,,Very recent immigrants (5 years or less) aged 15 years and over,"Food insecure, severe",,
2022,Prairie provinces,,Persons aged 15 years and over born in Canada,Food secure,,73.7
2022,Prairie provinces,,Persons aged 15 years and over born in Canada,Food insecure,,26.3
2022,Prairie provinces,,Persons aged 15 years and over born in Canada,"Food insecure, marginal",,6.7
2022,Prairie provinces,,Persons aged 15 years and over born in Canada,"Food insecure, moderate or severe",,19.6
2022,Prairie provinces,,Persons aged 15 years and over born in Canada,"Food insecure, moderate",,10.8
2022,Prairie provinces,,Persons aged 15 years and over born in Canada,"Food insecure, severe",,8.9
2022,Manitoba,,All persons,Food secure,46,73.2
2022,Manitoba,,All persons,Food insecure,46,26.8
2022,Manitoba,,All persons,"Food insecure, marginal",46,7.3
2022,Manitoba,,All persons,"Food insecure, moderate or severe",46,19.5
2022,Manitoba,,All persons,"Food insecure, moderate",46,11.9
2022,Manitoba,,All persons,"Food insecure, severe",46,7.6
2022,Manitoba,,Persons under 18 years,Food secure,46,67.4
2022,Manitoba,,Persons under 18 years,Food insecure,46,32.6
2022,Manitoba,,Persons under 18 years,"Food insecure, marginal",46,9.9
2022,Manitoba,,Persons under 18 years,"Food insecure, moderate or severe",46,22.7
2022,Manitoba,,Persons under 18 years,"Food insecure, moderate",46,13.6
2022,Manitoba,,Persons under 18 years,"Food insecure, severe",46,9.1
2022,Manitoba,,Persons 18 to 64 years,Food secure,46,71.6
2022,Manitoba,,Persons 18 to 64 years,Food insecure,46,28.4
2022,Manitoba,,Persons 18 to 64 years,"Food insecure, marginal",46,7.3
2022,Manitoba,,Persons 18 to 64 years,"Food insecure, moderate or severe",46,21.1
2022,Manitoba,,Persons 18 to 64 years,"Food insecure, moderate",46,12.7
2022,Manitoba,,Persons 18 to 64 years,"Food insecure, severe",46,8.4
2022,Manitoba,,Persons 18 to 24 years,Food secure,46,69.3
2022,Manitoba,,Persons 18 to 24 years,Food insecure,46,30.7
2022,Manitoba,,Persons 18 to 24 years,"Food insecure, marginal",46,7.8
2022,Manitoba,,Persons 18 to 24 years,"Food insecure, moderate or severe",46,22.9
2022,Manitoba,,Persons 18 to 24 years,"Food insecure, moderate",46,14.7
2022,Manitoba,,Persons 18 to 24 years,"Food insecure, severe",46,8.2
2022,Manitoba,,Persons 25 to 34 years,Food secure,46,69.2
2022,Manitoba,,Persons 25 to 34 years,Food insecure,46,30.8
2022,Manitoba,,Persons 25 to 34 years,"Food insecure, marginal",46,7.9
2022,Manitoba,,Persons 25 to 34 years,"Food insecure, moderate or severe",46,23.0
2022,Manitoba,,Persons 25 to 34 years,"Food insecure, moderate",46,12.5
2022,Manitoba,,Persons 25 to 34 years,"Food insecure, severe",46,10.4
2022,Manitoba,,Persons 35 to 44 years,Food secure,46,68.6
2022,Manitoba,,Persons 35 to 44 years,Food insecure,46,31.4
2022,Manitoba,,Persons 35 to 44 years,"Food insecure, marginal",46,8.5
2022,Manitoba,,Persons 35 to 44 years,"Food insecure, moderate or severe",46,22.9
2022,Manitoba,,Persons 35 to 44 years,"Food insecure, moderate",46,13.2
2022,Manitoba,,Persons 35 to 44 years,"Food insecure, severe",46,9.7
2022,Manitoba,,Persons 45 to 54 years,Food secure,46,70.6
2022,Manitoba,,Persons 45 to 54 years,Food insecure,46,29.4
2022,Manitoba,,Persons 45 to 54 years,"Food insecure, marginal",46,8.4
2022,Manitoba,,Persons 45 to 54 years,"Food insecure, moderate or severe",46,21.0
2022,Manitoba,,Persons 45 to 54 years,"Food insecure, moderate",46,12.8
2022,Manitoba,,Persons 45 to 54 years,"Food insecure, severe",46,8.2
2022,Manitoba,,Persons 55 to 64 years,Food secure,46,80.5
2022,Manitoba,,Persons 55 to 64 years,Food insecure,46,19.5
2022,Manitoba,,Persons 55 to 64 years,"Food insecure, marginal",46,3.8
2022,Manitoba,,Persons 55 to 64 years,"Food insecure, moderate or severe",46,15.7
2022,Manitoba,,Persons 55 to 64 years,"Food insecure, moderate",46,10.6
2022,Manitoba,,Persons 55 to 64 years,"Food insecure, severe",46,5.1
2022,Manitoba,,Persons 65 years and over,Food secure,46,86.2
2022,Manitoba,,Persons 65 years and over,Food insecure,46,13.8
2022,Manitoba,,Persons 65 years and over,"Food insecure, marginal",46,4.3
2022,Manitoba,,Persons 65 years and over,"Food insecure, moderate or severe",46,9.5
2022,Manitoba,,Persons 65 years and over,"Food insecure, moderate",46,7.0
2022,Manitoba,,Persons 65 years and over,"Food insecure, severe",46,2.6
2022,Manitoba,,Males,Food secure,46,72.4
2022,Manitoba,,Males,Food insecure,46,27.6
2022,Manitoba,,Males,"Food insecure, marginal",46,7.1
2022,Manitoba,,Males,"Food insecure, moderate or severe",46,20.5
2022,Manitoba,,Males,"Food insecure, moderate",46,12.5
2022,Manitoba,,Males,"Food insecure, severe",46,8.0
2022,Manitoba,,"Males, under 18 years",Food secure,46,66.3
2022,Manitoba,,"Males, under 18 years",Food insecure,46,33.7
2022,Manitoba,,"Males, under 18 years","Food insecure, marginal",46,8.2
2022,Manitoba,,"Males, under 18 years","Food insecure, moderate or severe",46,25.5
2022,Manitoba,,"Males, under 18 years","Food insecure, moderate",46,15.5
2022,Manitoba,,"Males, under 18 years","Food insecure, severe",46,9.9
2022,Manitoba,,"Males, 18 to 64 years",Food secure,46,70.9
2022,Manitoba,,"Males, 18 to 64 years",Food insecure,46,29.1
2022,Manitoba,,"Males, 18 to 64 years","Food insecure, marginal",46,7.5
2022,Manitoba,,"Males, 18 to 64 years","Food insecure, moderate or severe",46,21.5
2022,Manitoba,,"Males, 18 to 64 years","Food insecure, moderate",46,12.9
2022,Manitoba,,"Males, 18 to 64 years","Food insecure, severe",46,8.6
2022,Manitoba,,"Males, 65 years and over",Food secure,46,86.3
2022,Manitoba,,"Males, 65 years and over",Food insecure,46,13.7
2022,Manitoba,,"Males, 65 years and over","Food insecure, marginal",46,3.9
2022,Manitoba,,"Males, 65 years and over","Food insecure, moderate or severe",46,9.8
2022,Manitoba,,"Males, 65 years and over","Food insecure, moderate",46,6.9
2022,Manitoba,,"Males, 65 years and over","Food insecure, severe",46,2.9
2022,Manitoba,,Females,Food secure,46,73.9
2022,Manitoba,,Females,Food insecure,46,26.1
2022,Manitoba,,Females,"Food insecure, marginal",46,7.6
2022,Manitoba,,Females,"Food insecure, moderate or severe",46,18.5
2022,Manitoba,,Females,"Food insecure, moderate",46,11.3
2022,Manitoba,,Females,"Food insecure, severe",46,7.2
2022,Manitoba,,"Females, under 18 years",Food secure,46,68.5
2022,Manitoba,,"Females, under 18 years",Food insecure,46,31.5
2022,Manitoba,,"Females, under 18 years","Food insecure, marginal",46,11.5
2022,Manitoba,,"Females, under 18 years","Food insecure, moderate or severe",46,20.0
2022,Manitoba,,"Females, under 18 years","Food insecure, moderate",46,11.7
2022,Manitoba,,"Females, under 18 years","Food insecure, severe",46,8.3
2022,Manitoba,,"Females, 18 to 64 years",Food secure,46,72.3
2022,Manitoba,,"Females, 18 to 64 years",Food insecure,46,27.7
2022,Manitoba,,"Females, 18 to 64 years","Food insecure, marginal",46,7.1
2022,Manitoba,,"Females, 18 to 64 years","Food insecure, moderate or severe",46,20.7
2022,Manitoba,,"Females, 18 to 64 years","Food insecure, moderate",46,12.4
2022,Manitoba,,"Females, 18 to 64 years","Food insecure, severe",46,8.3
2022,Manitoba,,"Females, 65 years and over",Food secure,46,86.1
2022,Manitoba,,"Females, 65 years and over",Food insecure,46,13.9
2022,Manitoba,,"Females, 65 years and over","Food insecure, marginal",46,4.6
2022,Manitoba,,"Females, 65 years and over","Food insecure, moderate or severe",46,9.3
2022,Manitoba,,"Females, 65 years and over","Food insecure, moderate",46,7.0
2022,Manitoba,,"Females, 65 years and over","Food insecure, severe",46,2.3
2022,Manitoba,,Visible minority population,Food secure,46,65.7
2022,Manitoba,,Visible minority population,Food insecure,46,34.3
2022,Manitoba,,Visible minority population,"Food insecure, marginal",46,11.1
2022,Manitoba,,Visible minority population,"Food insecure, moderate or severe",46,23.2
2022,Manitoba,,Visible minority population,"Food insecure, moderate",46,18.3
2022,Manitoba,,Visible minority population,"Food insecure, severe",46,4.9
2022,Manitoba,,South Asian,Food secure,46,73.0
2022,Manitoba,,South Asian,Food insecure,46,27.0
2022,Manitoba,,South Asian,"Food insecure, marginal",46,
2022,Manitoba,,South Asian,"Food insecure, moderate or severe",46,15.4
2022,Manitoba,,South Asian,"Food insecure, moderate",46,
2022,Manitoba,,South Asian,"Food insecure, severe",46,
2022,Manitoba,,Chinese,Food secure,46,84.7
2022,Manitoba,,Chinese,Food insecure,46,
2022,Manitoba,,Chinese,"Food insecure, marginal",46,
2022,Manitoba,,Chinese,"Food insecure, moderate or severe",46,
2022,Manitoba,,Chinese,"Food insecure, moderate",46,
2022,Manitoba,,Chinese,"Food insecure, severe",46,
2022,Manitoba,,Black,Food secure,46,59.5
2022,Manitoba,,Black,Food insecure,46,40.5
2022,Manitoba,,Black,"Food insecure, marginal",46,
2022,Manitoba,,Black,"Food insecure, moderate or severe",46,21.6
2022,Manitoba,,Black,"Food insecure, moderate",46,
2022,Manitoba,,Black,"Food insecure, severe",46,
2022,Manitoba,,Filipino,Food secure,46,66.4
2022,Manitoba,,Filipino,Food insecure,46,33.6
2022,Manitoba,,Filipino,"Food insecure, marginal",46,10.4
2022,Manitoba,,Filipino,"Food insecure, moderate or severe",46,23.2
2022,Manitoba,,Filipino,"Food insecure, moderate",46,19.6
2022,Manitoba,,Filipino,"Food insecure, severe",46,
2022,Manitoba,,Arab,Food secure,46,
2022,Manitoba,,Arab,Food insecure,46,
2022,Manitoba,,Arab,"Food insecure, marginal",46,
2022,Manitoba,,Arab,"Food insecure, moderate or severe",46,
2022,Manitoba,,Arab,"Food insecure, moderate",46,
2022,Manitoba,,Arab,"Food insecure, severe",46,
2022,Manitoba,,Latin American,Food secure,46,53.4
2022,Manitoba,,Latin American,Food insecure,46,46.6
2022,Manitoba,,Latin American,"Food insecure, marginal",46,
2022,Manitoba,,Latin American,"Food insecure, moderate or severe",46,
2022,Manitoba,,Latin American,"Food insecure, moderate",46,
2022,Manitoba,,Latin American,"Food insecure, severe",46,
2022,Manitoba,,Southeast Asian,Food secure,46,66.4
2022,Manitoba,,Southeast Asian,Food insecure,46,
2022,Manitoba,,Southeast Asian,"Food insecure, marginal",46,
2022,Manitoba,,Southeast Asian,"Food insecure, moderate or severe",46,
2022,Manitoba,,Southeast Asian,"Food insecure, moderate",46,
2022,Manitoba,,Southeast Asian,"Food insecure, severe",46,
2022,Manitoba,,Other visible minority,Food secure,46,51.6
2022,Manitoba,,Other visible minority,Food insecure,46,48.4
2022,Manitoba,,Other visible minority,"Food insecure, marginal",46,
2022,Manitoba,,Other visible minority,"Food insecure, moderate or severe",46,42.7
2022,Manitoba,,Other visible minority,"Food insecure, moderate",46,
2022,Manitoba,,Other visible minority,"Food insecure, severe",46,
2022,Manitoba,,Not a visible minority,Food secure,46,75.1
2022,Manitoba,,Not a visible minority,Food insecure,46,24.9
2022,Manitoba,,Not a visible minority,"Food insecure, marginal",46,6.3
2022,Manitoba,,Not a visible minority,"Food insecure, moderate or severe",46,18.5
2022,Manitoba,,Not a visible minority,"Food insecure, moderate",46,10.2
2022,Manitoba,,Not a visible minority,"Food insecure, severe",46,8.3
2022,Manitoba,,Indigenous population,Food secure,46,59.0
2022,Manitoba,,Indigenous population,Food insecure,46,41.0
2022,Manitoba,,Indigenous population,"Food insecure, marginal",46,7.4
2022,Manitoba,,Indigenous population,"Food insecure, moderate or severe",46,33.5
2022,Manitoba,,Indigenous population,"Food insecure, moderate",46,17.8
2022,Manitoba,,Indigenous population,"Food insecure, severe",46,15.7
2022,Manitoba,,Non-Indigenous population,Food secure,46,75.1
2022,Manitoba,,Non-Indigenous population,Food insecure,46,24.9
2022,Manitoba,,Non-Indigenous population,"Food insecure, marginal",46,7.3
2022,Manitoba,,Non-Indigenous population,"Food insecure, moderate or severe",46,17.6
2022,Manitoba,,Non-Indigenous population,"Food insecure, moderate",46,11.1
2022,Manitoba,,Non-Indigenous population,"Food insecure, severe",46,6.5
2022,Manitoba,,Not a visible minority nor Indigenous,Food secure,46,78.0
2022,Manitoba,,Not a visible minority nor Indigenous,Food insecure,46,22.0
2022,Manitoba,,Not a visible minority nor Indigenous,"Food insecure, marginal",46,6.2
2022,Manitoba,,Not a visible minority nor Indigenous,"Food insecure, moderate or severe",46,15.8
2022,Manitoba,,Not a visible minority nor Indigenous,"Food insecure, moderate",46,8.9
2022,Manitoba,,Not a visible minority nor Indigenous,"Food insecure, severe",46,7.0
2022,Manitoba,,All persons aged 15 years and over,Food secure,46,74.6
2022,Manitoba,,All persons aged 15 years and over,Food insecure,46,25.4
2022,Manitoba,,All persons aged 15 years and over,"Food insecure, marginal",46,6.8
2022,Manitoba,,All persons aged 15 years and over,"Food insecure, moderate or severe",46,18.6
2022,Manitoba,,All persons aged 15 years and over,"Food insecure, moderate",46,11.4
2022,Manitoba,,All persons aged 15 years and over,"Food insecure, severe",46,7.1
2022,Manitoba,,Indigenous population aged 15 years and over,Food secure,46,63.2
2022,Manitoba,,Indigenous population aged 15 years and over,Food insecure,46,36.8
2022,Manitoba,,Indigenous population aged 15 years and over,"Food insecure, marginal",46,5.7
2022,Manitoba,,Indigenous population aged 15 years and over,"Food insecure, moderate or severe",46,31.1
2022,Manitoba,,Indigenous population aged 15 years and over,"Food insecure, moderate",46,15.4
2022,Manitoba,,Indigenous population aged 15 years and over,"Food insecure, severe",46,15.7
2022,Manitoba,,First Nations aged 15 years and over,Food secure,46,50.1
2022,Manitoba,,First Nations aged 15 years and over,Food insecure,46,49.9
2022,Manitoba,,First Nations aged 15 years and over,"Food insecure, marginal",46,
2022,Manitoba,,First Nations aged 15 years and over,"Food insecure, moderate or severe",46,43.6
2022,Manitoba,,First Nations aged 15 years and over,"Food insecure, moderate",46,22.1
2022,Manitoba,,First Nations aged 15 years and over,"Food insecure, severe",46,21.5
2022,Manitoba,,Métis aged 15 years and over,Food secure,46,68.7
2022,Manitoba,,Métis aged 15 years and over,Food insecure,46,31.3
2022,Manitoba,,Métis aged 15 years and over,"Food insecure, marginal",46,5.5
2022,Manitoba,,Métis aged 15 years and over,"Food insecure, moderate or severe",46,25.8
2022,Manitoba,,Métis aged 15 years and over,"Food insecure, moderate",46,12.4
2022,Manitoba,,Métis aged 15 years and over,"Food insecure, severe",46,13.4
2022,Manitoba,,Non-Indigenous population aged 15 years and over,Food secure,46,76.0
2022,Manitoba,,Non-Indigenous population aged 15 years and over,Food insecure,46,24.0
2022,Manitoba,,Non-Indigenous population aged 15 years and over,"Food insecure, marginal",46,6.9
2022,Manitoba,,Non-Indigenous population aged 15 years and over,"Food insecure, moderate or severe",46,17.0
2022,Manitoba,,Non-Indigenous population aged 15 years and over,"Food insecure, moderate",46,11.0
2022,Manitoba,,Non-Indigenous population aged 15 years and over,"Food insecure, severe",46,6.1
2022,Manitoba,,Immigrants aged 15 years and over,Food secure,46,69.9
2022,Manitoba,,Immigrants aged 15 years and over,Food insecure,46,30.1
2022,Manitoba,,Immigrants aged 15 years and over,"Food insecure, marginal",46,9.2
2022,Manitoba,,Immigrants aged 15 years and over,"Food insecure, moderate or severe",46,20.9
2022,Manitoba,,Immigrants aged 15 years and over,"Food insecure, moderate",46,16.5
2022,Manitoba,,Immigrants aged 15 years and over,"Food insecure, severe",46,4.4
2022,Manitoba,,Recent immigrants (10 years or less) aged 15 years and over,Food secure,46,67.2
2022,Manitoba,,Recent immigrants (10 years or less) aged 15 years and over,Food insecure,46,32.8
2022,Manitoba,,Recent immigrants (10 years or less) aged 15 years and over,"Food insecure, marginal",46,8.4
2022,Manitoba,,Recent immigrants (10 years or less) aged 15 years and over,"Food insecure, moderate or severe",46,24.4
2022,Manitoba,,Recent immigrants (10 years or less) aged 15 years and over,"Food insecure, moderate",46,20.4
2022,Manitoba,,Recent immigrants (10 years or less) aged 15 years and over,"Food insecure, severe",46,
2022,Manitoba,,Very recent immigrants (5 years or less) aged 15 years and over,Food secure,46,73.3
2022,Manitoba,,Very recent immigrants (5 years or less) aged 15 years and over,Food insecure,46,26.7
2022,Manitoba,,Very recent immigrants (5 years or less) aged 15 years and over,"Food insecure, marginal",46,7.6
2022,Manitoba,,Very recent immigrants (5 years or less) aged 15 years and over,"Food insecure, moderate or severe",46,19.0
2022,Manitoba,,Very recent immigrants (5 years or less) aged 15 years and over,"Food insecure, moderate",46,15.0
2022,Manitoba,,Very recent immigrants (5 years or less) aged 15 years and over,"Food insecure, severe",46,
2022,Manitoba,,Persons aged 15 years and over born in Canada,Food secure,46,76.6
2022,Manitoba,,Persons aged 15 years and over born in Canada,Food insecure,46,23.4
2022,Manitoba,,Persons aged 15 years and over born in Canada,"Food insecure, marginal",46,5.6
2022,Manitoba,,Persons aged 15 years and over born in Canada,"Food insecure, moderate or severe",46,17.7
2022,Manitoba,,Persons aged 15 years and over born in Canada,"Food insecure, moderate",46,9.8
2022,Manitoba,,Persons aged 15 years and over born in Canada,"Food insecure, severe",46,7.9
2022,Saskatchewan,,All persons,Food secure,47,72.0
2022,Saskatchewan,,All persons,Food insecure,47,28.0
2022,Saskatchewan,,All persons,"Food insecure, marginal",47,7.7
2022,Saskatchewan,,All persons,"Food insecure, moderate or severe",47,20.2
2022,Saskatchewan,,All persons,"Food insecure, moderate",47,13.2
2022,Saskatchewan,,All persons,"Food insecure, severe",47,7.1
2022,Saskatchewan,,Persons under 18 years,Food secure,47,64.7
2022,Saskatchewan,,Persons under 18 years,Food insecure,47,35.3
2022,Saskatchewan,,Persons under 18 years,"Food insecure, marginal",47,10.9
2022,Saskatchewan,,Persons under 18 years,"Food insecure, moderate or severe",47,24.3
2022,Saskatchewan,,Persons under 18 years,"Food insecure, moderate",47,16.4
2022,Saskatchewan,,Persons under 18 years,"Food insecure, severe",47,7.9
2022,Saskatchewan,,Persons 18 to 64 years,Food secure,47,70.3
2022,Saskatchewan,,Persons 18 to 64 years,Food insecure,47,29.7
2022,Saskatchewan,,Persons 18 to 64 years,"Food insecure, marginal",47,7.7
2022,Saskatchewan,,Persons 18 to 64 years,"Food insecure, moderate or severe",47,22.0
2022,Saskatchewan,,Persons 18 to 64 years,"Food insecure, moderate",47,13.9
2022,Saskatchewan,,Persons 18 to 64 years,"Food insecure, severe",47,8.1
2022,Saskatchewan,,Persons 18 to 24 years,Food secure,47,70.7
2022,Saskatchewan,,Persons 18 to 24 years,Food insecure,47,29.3
2022,Saskatchewan,,Persons 18 to 24 years,"Food insecure, marginal",47,4.8
2022,Saskatchewan,,Persons 18 to 24 years,"Food insecure, moderate or severe",47,24.5
2022,Saskatchewan,,Persons 18 to 24 years,"Food insecure, moderate",47,13.0
2022,Saskatchewan,,Persons 18 to 24 years,"Food insecure, severe",47,11.6
2022,Saskatchewan,,Persons 25 to 34 years,Food secure,47,67.0
2022,Saskatchewan,,Persons 25 to 34 years,Food insecure,47,33.0
2022,Saskatchewan,,Persons 25 to 34 years,"Food insecure, marginal",47,7.7
2022,Saskatchewan,,Persons 25 to 34 years,"Food insecure, moderate or severe",47,25.3
2022,Saskatchewan,,Persons 25 to 34 years,"Food insecure, moderate",47,15.2
2022,Saskatchewan,,Persons 25 to 34 years,"Food insecure, severe",47,10.0
2022,Saskatchewan,,Persons 35 to 44 years,Food secure,47,65.7
2022,Saskatchewan,,Persons 35 to 44 years,Food insecure,47,34.3
2022,Saskatchewan,,Persons 35 to 44 years,"Food insecure, marginal",47,11.5
2022,Saskatchewan,,Persons 35 to 44 years,"Food insecure, moderate or severe",47,22.8
2022,Saskatchewan,,Persons 35 to 44 years,"Food insecure, moderate",47,15.5
2022,Saskatchewan,,Persons 35 to 44 years,"Food insecure, severe",47,7.2
2022,Saskatchewan,,Persons 45 to 54 years,Food secure,47,73.4
2022,Saskatchewan,,Persons 45 to 54 years,Food insecure,47,26.6
2022,Saskatchewan,,Persons 45 to 54 years,"Food insecure, marginal",47,6.1
2022,Saskatchewan,,Persons 45 to 54 years,"Food insecure, moderate or severe",47,20.5
2022,Saskatchewan,,Persons 45 to 54 years,"Food insecure, moderate",47,12.7
2022,Saskatchewan,,Persons 45 to 54 years,"Food insecure, severe",47,7.8
2022,Saskatchewan,,Persons 55 to 64 years,Food secure,47,76.4
2022,Saskatchewan,,Persons 55 to 64 years,Food insecure,47,23.6
2022,Saskatchewan,,Persons 55 to 64 years,"Food insecure, marginal",47,6.2
2022,Saskatchewan,,Persons 55 to 64 years,"Food insecure, moderate or severe",47,17.4
2022,Saskatchewan,,Persons 55 to 64 years,"Food insecure, moderate",47,12.2
2022,Saskatchewan,,Persons 55 to 64 years,"Food insecure, severe",47,5.2
2022,Saskatchewan,,Persons 65 years and over,Food secure,47,87.8
2022,Saskatchewan,,Persons 65 years and over,Food insecure,47,12.2
2022,Saskatchewan,,Persons 65 years and over,"Food insecure, marginal",47,3.6
2022,Saskatchewan,,Persons 65 years and over,"Food insecure, moderate or severe",47,8.6
2022,Saskatchewan,,Persons 65 years and over,"Food insecure, moderate",47,6.3
2022,Saskatchewan,,Persons 65 years and over,"Food insecure, severe",47,2.3
2022,Saskatchewan,,Males,Food secure,47,72.3
2022,Saskatchewan,,Males,Food insecure,47,27.7
2022,Saskatchewan,,Males,"Food insecure, marginal",47,8.1
2022,Saskatchewan,,Males,"Food insecure, moderate or severe",47,19.7
2022,Saskatchewan,,Males,"Food insecure, moderate",47,13.1
2022,Saskatchewan,,Males,"Food insecure, severe",47,6.6
2022,Saskatchewan,,"Males, under 18 years",Food secure,47,64.7
2022,Saskatchewan,,"Males, under 18 years",Food insecure,47,35.3
2022,Saskatchewan,,"Males, under 18 years","Food insecure, marginal",47,12.0
2022,Saskatchewan,,"Males, under 18 years","Food insecure, moderate or severe",47,23.3
2022,Saskatchewan,,"Males, under 18 years","Food insecure, moderate",47,17.0
2022,Saskatchewan,,"Males, under 18 years","Food insecure, severe",47,6.4
2022,Saskatchewan,,"Males, 18 to 64 years",Food secure,47,71.1
2022,Saskatchewan,,"Males, 18 to 64 years",Food insecure,47,28.9
2022,Saskatchewan,,"Males, 18 to 64 years","Food insecure, marginal",47,7.8
2022,Saskatchewan,,"Males, 18 to 64 years","Food insecure, moderate or severe",47,21.1
2022,Saskatchewan,,"Males, 18 to 64 years","Food insecure, moderate",47,13.3
2022,Saskatchewan,,"Males, 18 to 64 years","Food insecure, severe",47,7.8
2022,Saskatchewan,,"Males, 65 years and over",Food secure,47,87.8
2022,Saskatchewan,,"Males, 65 years and over",Food insecure,47,12.2
2022,Saskatchewan,,"Males, 65 years and over","Food insecure, marginal",47,3.4
2022,Saskatchewan,,"Males, 65 years and over","Food insecure, moderate or severe",47,8.8
2022,Saskatchewan,,"Males, 65 years and over","Food insecure, moderate",47,6.7
2022,Saskatchewan,,"Males, 65 years and over","Food insecure, severe",47,2.1
2022,Saskatchewan,,Females,Food secure,47,71.8
2022,Saskatchewan,,Females,Food insecure,47,28.2
2022,Saskatchewan,,Females,"Food insecure, marginal",47,7.4
2022,Saskatchewan,,Females,"Food insecure, moderate or severe",47,20.8
2022,Saskatchewan,,Females,"Food insecure, moderate",47,13.3
2022,Saskatchewan,,Females,"Food insecure, severe",47,7.6
2022,Saskatchewan,,"Females, under 18 years",Food secure,47,64.8
2022,Saskatchewan,,"Females, under 18 years",Food insecure,47,35.2
2022,Saskatchewan,,"Females, under 18 years","Food insecure, marginal",47,9.8
2022,Saskatchewan,,"Females, under 18 years","Food insecure, moderate or severe",47,25.4
2022,Saskatchewan,,"Females, under 18 years","Food insecure, moderate",47,15.9
2022,Saskatchewan,,"Females, under 18 years","Food insecure, severe",47,9.5
2022,Saskatchewan,,"Females, 18 to 64 years",Food secure,47,69.6
2022,Saskatchewan,,"Females, 18 to 64 years",Food insecure,47,30.4
2022,Saskatchewan,,"Females, 18 to 64 years","Food insecure, marginal",47,7.5
2022,Saskatchewan,,"Females, 18 to 64 years","Food insecure, moderate or severe",47,22.9
2022,Saskatchewan,,"Females, 18 to 64 years","Food insecure, moderate",47,14.5
2022,Saskatchewan,,"Females, 18 to 64 years","Food insecure, severe",47,8.4
2022,Saskatchewan,,"Females, 65 years and over",Food secure,47,87.9
2022,Saskatchewan,,"Females, 65 years and over",Food insecure,47,12.1
2022,Saskatchewan,,"Females, 65 years and over","Food insecure, marginal",47,3.8
2022,Saskatchewan,,"Females, 65 years and over","Food insecure, moderate or severe",47,8.3
2022,Saskatchewan,,"Females, 65 years and over","Food insecure, moderate",47,6.0
2022,Saskatchewan,,"Females, 65 years and over","Food insecure, severe",47,2.4
2022,Saskatchewan,,Visible minority population,Food secure,47,66.7
2022,Saskatchewan,,Visible minority population,Food insecure,47,33.3
2022,Saskatchewan,,Visible minority population,"Food insecure, marginal",47,12.5
2022,Saskatchewan,,Visible minority population,"Food insecure, moderate or severe",47,20.8
2022,Saskatchewan,,Visible minority population,"Food insecure, moderate",47,16.7
2022,Saskatchewan,,Visible minority population,"Food insecure, severe",47,
2022,Saskatchewan,,South Asian,Food secure,47,73.1
2022,Saskatchewan,,South Asian,Food insecure,47,26.9
2022,Saskatchewan,,South Asian,"Food insecure, marginal",47,
2022,Saskatchewan,,South Asian,"Food insecure, moderate or severe",47,
2022,Saskatchewan,,South Asian,"Food insecure, moderate",47,
2022,Saskatchewan,,South Asian,"Food insecure, severe",47,
2022,Saskatchewan,,Chinese,Food secure,47,80.4
2022,Saskatchewan,,Chinese,Food insecure,47,
2022,Saskatchewan,,Chinese,"Food insecure, marginal",47,
2022,Saskatchewan,,Chinese,"Food insecure, moderate or severe",47,
2022,Saskatchewan,,Chinese,"Food insecure, moderate",47,
2022,Saskatchewan,,Chinese,"Food insecure, severe",47,
2022,Saskatchewan,,Black,Food secure,47,55.0
2022,Saskatchewan,,Black,Food insecure,47,45.0
2022,Saskatchewan,,Black,"Food insecure, marginal",47,
2022,Saskatchewan,,Black,"Food insecure, moderate or severe",47,
2022,Saskatchewan,,Black,"Food insecure, moderate",47,
2022,Saskatchewan,,Black,"Food insecure, severe",47,
2022,Saskatchewan,,Filipino,Food secure,47,53.1
2022,Saskatchewan,,Filipino,Food insecure,47,46.9
2022,Saskatchewan,,Filipino,"Food insecure, marginal",47,19.3
2022,Saskatchewan,,Filipino,"Food insecure, moderate or severe",47,27.6
2022,Saskatchewan,,Filipino,"Food insecure, moderate",47,25.9
2022,Saskatchewan,,Filipino,"Food insecure, severe",47,
2022,Saskatchewan,,Arab,Food secure,47,72.2
2022,Saskatchewan,,Arab,Food insecure,47,
2022,Saskatchewan,,Arab,"Food insecure, marginal",47,
2022,Saskatchewan,,Arab,"Food insecure, moderate or severe",47,
2022,Saskatchewan,,Arab,"Food insecure, moderate",47,
2022,Saskatchewan,,Arab,"Food insecure, severe",47,
2022,Saskatchewan,,Latin American,Food secure,47,
2022,Saskatchewan,,Latin American,Food insecure,47,
2022,Saskatchewan,,Latin American,"Food insecure, marginal",47,
2022,Saskatchewan,,Latin American,"Food insecure, moderate or severe",47,
2022,Saskatchewan,,Latin American,"Food insecure, moderate",47,
2022,Saskatchewan,,Latin American,"Food insecure, severe",47,
2022,Saskatchewan,,Southeast Asian,Food secure,47,73.8
2022,Saskatchewan,,Southeast Asian,Food insecure,47,
2022,Saskatchewan,,Southeast Asian,"Food insecure, marginal",47,
2022,Saskatchewan,,Southeast Asian,"Food insecure, moderate or severe",47,
2022,Saskatchewan,,Southeast Asian,"Food insecure, moderate",47,
2022,Saskatchewan,,Southeast Asian,"Food insecure, severe",47,
2022,Saskatchewan,,Other visible minority,Food secure,47,75.5
2022,Saskatchewan,,Other visible minority,Food insecure,47,
2022,Saskatchewan,,Other visible minority,"Food insecure, marginal",47,
2022,Saskatchewan,,Other visible minority,"Food insecure, moderate or severe",47,
2022,Saskatchewan,,Other visible minority,"Food insecure, moderate",47,
2022,Saskatchewan,,Other visible minority,"Food insecure, severe",47,
2022,Saskatchewan,,Not a visible minority,Food secure,47,73.1
2022,Saskatchewan,,Not a visible minority,Food insecure,47,26.9
2022,Saskatchewan,,Not a visible minority,"Food insecure, marginal",47,6.7
2022,Saskatchewan,,Not a visible minority,"Food insecure, moderate or severe",47,20.1
2022,Saskatchewan,,Not a visible minority,"Food insecure, moderate",47,12.4
2022,Saskatchewan,,Not a visible minority,"Food insecure, severe",47,7.7
2022,Saskatchewan,,Indigenous population,Food secure,47,59.2
2022,Saskatchewan,,Indigenous population,Food insecure,47,40.8
2022,Saskatchewan,,Indigenous population,"Food insecure, marginal",47,9.4
2022,Saskatchewan,,Indigenous population,"Food insecure, moderate or severe",47,31.4
2022,Saskatchewan,,Indigenous population,"Food insecure, moderate",47,19.2
2022,Saskatchewan,,Indigenous population,"Food insecure, severe",47,12.2
2022,Saskatchewan,,Non-Indigenous population,Food secure,47,73.6
2022,Saskatchewan,,Non-Indigenous population,Food insecure,47,26.4
2022,Saskatchewan,,Non-Indigenous population,"Food insecure, marginal",47,7.5
2022,Saskatchewan,,Non-Indigenous population,"Food insecure, moderate or severe",47,18.9
2022,Saskatchewan,,Non-Indigenous population,"Food insecure, moderate",47,12.4
2022,Saskatchewan,,Non-Indigenous population,"Food insecure, severe",47,6.4
2022,Saskatchewan,,Not a visible minority nor Indigenous,Food secure,47,75.3
2022,Saskatchewan,,Not a visible minority nor Indigenous,Food insecure,47,24.7
2022,Saskatchewan,,Not a visible minority nor Indigenous,"Food insecure, marginal",47,6.3
2022,Saskatchewan,,Not a visible minority nor Indigenous,"Food insecure, moderate or severe",47,18.4
2022,Saskatchewan,,Not a visible minority nor Indigenous,"Food insecure, moderate",47,11.4
2022,Saskatchewan,,Not a visible minority nor Indigenous,"Food insecure, severe",47,7.0
2022,Saskatchewan,,All persons aged 15 years and over,Food secure,47,73.9
2022,Saskatchewan,,All persons aged 15 years and over,Food insecure,47,26.1
2022,Saskatchewan,,All persons aged 15 years and over,"Food insecure, marginal",47,6.8
2022,Saskatchewan,,All persons aged 15 years and over,"Food insecure, moderate or severe",47,19.2
2022,Saskatchewan,,All persons aged 15 years and over,"Food insecure, moderate",47,12.3
2022,Saskatchewan,,All persons aged 15 years and over,"Food insecure, severe",47,7.0
2022,Saskatchewan,,Indigenous population aged 15 years and over,Food secure,47,59.9
2022,Saskatchewan,,Indigenous population aged 15 years and over,Food insecure,47,40.1
2022,Saskatchewan,,Indigenous population aged 15 years and over,"Food insecure, marginal",47,7.7
2022,Saskatchewan,,Indigenous population aged 15 years and over,"Food insecure, moderate or severe",47,32.4
2022,Saskatchewan,,Indigenous population aged 15 years and over,"Food insecure, moderate",47,18.6
2022,Saskatchewan,,Indigenous population aged 15 years and over,"Food insecure, severe",47,13.8
2022,Saskatchewan,,First Nations aged 15 years and over,Food secure,47,49.0
2022,Saskatchewan,,First Nations aged 15 years and over,Food insecure,47,51.0
2022,Saskatchewan,,First Nations aged 15 years and over,"Food insecure, marginal",47,
2022,Saskatchewan,,First Nations aged 15 years and over,"Food insecure, moderate or severe",47,44.0
2022,Saskatchewan,,First Nations aged 15 years and over,"Food insecure, moderate",47,25.6
2022,Saskatchewan,,First Nations aged 15 years and over,"Food insecure, severe",47,18.5
2022,Saskatchewan,,Métis aged 15 years and over,Food secure,47,69.5
2022,Saskatchewan,,Métis aged 15 years and over,Food insecure,47,30.5
2022,Saskatchewan,,Métis aged 15 years and over,"Food insecure, marginal",47,8.6
2022,Saskatchewan,,Métis aged 15 years and over,"Food insecure, moderate or severe",47,21.9
2022,Saskatchewan,,Métis aged 15 years and over,"Food insecure, moderate",47,12.2
2022,Saskatchewan,,Métis aged 15 years and over,"Food insecure, severe",47,9.7
2022,Saskatchewan,,Non-Indigenous population aged 15 years and over,Food secure,47,75.4
2022,Saskatchewan,,Non-Indigenous population aged 15 years and over,Food insecure,47,24.6
2022,Saskatchewan,,Non-Indigenous population aged 15 years and over,"Food insecure, marginal",47,6.7
2022,Saskatchewan,,Non-Indigenous population aged 15 years and over,"Food insecure, moderate or severe",47,17.9
2022,Saskatchewan,,Non-Indigenous population aged 15 years and over,"Food insecure, moderate",47,11.6
2022,Saskatchewan,,Non-Indigenous population aged 15 years and over,"Food insecure, severe",47,6.3
2022,Saskatchewan,,Immigrants aged 15 years and over,Food secure,47,70.9
2022,Saskatchewan,,Immigrants aged 15 years and over,Food insecure,47,29.1
2022,Saskatchewan,,Immigrants aged 15 years and over,"Food insecure, marginal",47,9.7
2022,Saskatchewan,,Immigrants aged 15 years and over,"Food insecure, moderate or severe",47,19.4
2022,Saskatchewan,,Immigrants aged 15 years and over,"Food insecure, moderate",47,15.8
2022,Saskatchewan,,Immigrants aged 15 years and over,"Food insecure, severe",47,3.5
2022,Saskatchewan,,Recent immigrants (10 years or less) aged 15 years and over,Food secure,47,68.7
2022,Saskatchewan,,Recent immigrants (10 years or less) aged 15 years and over,Food insecure,47,31.3
2022,Saskatchewan,,Recent immigrants (10 years or less) aged 15 years and over,"Food insecure, marginal",47,11.7
2022,Saskatchewan,,Recent immigrants (10 years or less) aged 15 years and over,"Food insecure, moderate or severe",47,19.7
2022,Saskatchewan,,Recent immigrants (10 years or less) aged 15 years and over,"Food insecure, moderate",47,17.9
2022,Saskatchewan,,Recent immigrants (10 years or less) aged 15 years and over,"Food insecure, severe",47,
2022,Saskatchewan,,Very recent immigrants (5 years or less) aged 15 years and over,Food secure,47,67.4
2022,Saskatchewan,,Very recent immigrants (5 years or less) aged 15 years and over,Food insecure,47,32.6
2022,Saskatchewan,,Very recent immigrants (5 years or less) aged 15 years and over,"Food insecure, marginal",47,
2022,Saskatchewan,,Very recent immigrants (5 years or less) aged 15 years and over,"Food insecure, moderate or severe",47,23.2
2022,Saskatchewan,,Very recent immigrants (5 years or less) aged 15 years and over,"Food insecure, moderate",47,21.4
2022,Saskatchewan,,Very recent immigrants (5 years or less) aged 15 years and over,"Food insecure, severe",47,
2022,Saskatchewan,,Persons aged 15 years and over born in Canada,Food secure,47,74.5
2022,Saskatchewan,,Persons aged 15 years and over born in Canada,Food insecure,47,25.5
2022,Saskatchewan,,Persons aged 15 years and over born in Canada,"Food insecure, marginal",47,6.4
2022,Saskatchewan,,Persons aged 15 years and over born in Canada,"Food insecure, moderate or severe",47,19.1
2022,Saskatchewan,,Persons aged 15 years and over born in Canada,"Food insecure, moderate",47,11.4
2022,Saskatchewan,,Persons aged 15 years and over born in Canada,"Food insecure, severe",47,7.7
2022,Alberta,,All persons,Food secure,48,72.6
2022,Alberta,,All persons,Food insecure,48,27.4
2022,Alberta,,All persons,"Food insecure, marginal",48,7.0
2022,Alberta,,All persons,"Food insecure, moderate or severe",48,20.4
2022,Alberta,,All persons,"Food insecure, moderate",48,12.4
2022,Alberta,,All persons,"Food insecure, severe",48,8.0
2022,Alberta,,Persons under 18 years,Food secure,48,69.7
2022,Alberta,,Persons under 18 years,Food insecure,48,30.3
2022,Alberta,,Persons under 18 years,"Food insecure, marginal",48,8.5
2022,Alberta,,Persons under 18 years,"Food insecure, moderate or severe",48,21.8
2022,Alberta,,Persons under 18 years,"Food insecure, moderate",48,14.6
2022,Alberta,,Persons under 18 years,"Food insecure, severe",48,7.2
2022,Alberta,,Persons 18 to 64 years,Food secure,48,70.4
2022,Alberta,,Persons 18 to 64 years,Food insecure,48,29.6
2022,Alberta,,Persons 18 to 64 years,"Food insecure, marginal",48,7.3
2022,Alberta,,Persons 18 to 64 years,"Food insecure, moderate or severe",48,22.3
2022,Alberta,,Persons 18 to 64 years,"Food insecure, moderate",48,12.8
2022,Alberta,,Persons 18 to 64 years,"Food insecure, severe",48,9.5
2022,Alberta,,Persons 18 to 24 years,Food secure,48,70.6
2022,Alberta,,Persons 18 to 24 years,Food insecure,48,29.4
2022,Alberta,,Persons 18 to 24 years,"Food insecure, marginal",48,11.0
2022,Alberta,,Persons 18 to 24 years,"Food insecure, moderate or severe",48,18.4
2022,Alberta,,Persons 18 to 24 years,"Food insecure, moderate",48,9.5
2022,Alberta,,Persons 18 to 24 years,"Food insecure, severe",48,8.9
2022,Alberta,,Persons 25 to 34 years,Food secure,48,68.9
2022,Alberta,,Persons 25 to 34 years,Food insecure,48,31.1
2022,Alberta,,Persons 25 to 34 years,"Food insecure, marginal",48,8.1
2022,Alberta,,Persons 25 to 34 years,"Food insecure, moderate or severe",48,23.0
2022,Alberta,,Persons 25 to 34 years,"Food insecure, moderate",48,14.9
2022,Alberta,,Persons 25 to 34 years,"Food insecure, severe",48,8.1
2022,Alberta,,Persons 35 to 44 years,Food secure,48,68.5
2022,Alberta,,Persons 35 to 44 years,Food insecure,48,31.5
2022,Alberta,,Persons 35 to 44 years,"Food insecure, marginal",48,6.8
2022,Alberta,,Persons 35 to 44 years,"Food insecure, moderate or severe",48,24.7
2022,Alberta,,Persons 35 to 44 years,"Food insecure, moderate",48,15.6
2022,Alberta,,Persons 35 to 44 years,"Food insecure, severe",48,9.2
2022,Alberta,,Persons 45 to 54 years,Food secure,48,71.2
2022,Alberta,,Persons 45 to 54 years,Food insecure,48,28.8
2022,Alberta,,Persons 45 to 54 years,"Food insecure, marginal",48,7.9
2022,Alberta,,Persons 45 to 54 years,"Food insecure, moderate or severe",48,20.9
2022,Alberta,,Persons 45 to 54 years,"Food insecure, moderate",48,8.4
2022,Alberta,,Persons 45 to 54 years,"Food insecure, severe",48,12.5
2022,Alberta,,Persons 55 to 64 years,Food secure,48,73.9
2022,Alberta,,Persons 55 to 64 years,Food insecure,48,26.1
2022,Alberta,,Persons 55 to 64 years,"Food insecure, marginal",48,4.0
2022,Alberta,,Persons 55 to 64 years,"Food insecure, moderate or severe",48,22.1
2022,Alberta,,Persons 55 to 64 years,"Food insecure, moderate",48,13.2
2022,Alberta,,Persons 55 to 64 years,"Food insecure, severe",48,8.9
2022,Alberta,,Persons 65 years and over,Food secure,48,86.1
2022,Alberta,,Persons 65 years and over,Food insecure,48,13.9
2022,Alberta,,Persons 65 years and over,"Food insecure, marginal",48,3.3
2022,Alberta,,Persons 65 years and over,"Food insecure, moderate or severe",48,10.6
2022,Alberta,,Persons 65 years and over,"Food insecure, moderate",48,7.6
2022,Alberta,,Persons 65 years and over,"Food insecure, severe",48,3.0
2022,Alberta,,Males,Food secure,48,73.0
2022,Alberta,,Males,Food insecure,48,27.0
2022,Alberta,,Males,"Food insecure, marginal",48,6.8
2022,Alberta,,Males,"Food insecure, moderate or severe",48,20.3
2022,Alberta,,Males,"Food insecure, moderate",48,11.7
2022,Alberta,,Males,"Food insecure, severe",48,8.5
2022,Alberta,,"Males, under 18 years",Food secure,48,70.7
2022,Alberta,,"Males, under 18 years",Food insecure,48,29.3
2022,Alberta,,"Males, under 18 years","Food insecure, marginal",48,7.0
2022,Alberta,,"Males, under 18 years","Food insecure, moderate or severe",48,22.3
2022,Alberta,,"Males, under 18 years","Food insecure, moderate",48,15.2
2022,Alberta,,"Males, under 18 years","Food insecure, severe",48,7.1
2022,Alberta,,"Males, 18 to 64 years",Food secure,48,70.6
2022,Alberta,,"Males, 18 to 64 years",Food insecure,48,29.4
2022,Alberta,,"Males, 18 to 64 years","Food insecure, marginal",48,7.6
2022,Alberta,,"Males, 18 to 64 years","Food insecure, moderate or severe",48,21.8
2022,Alberta,,"Males, 18 to 64 years","Food insecure, moderate",48,11.5
2022,Alberta,,"Males, 18 to 64 years","Food insecure, severe",48,10.3
2022,Alberta,,"Males, 65 years and over",Food secure,48,87.3
2022,Alberta,,"Males, 65 years and over",Food insecure,48,12.7
2022,Alberta,,"Males, 65 years and over","Food insecure, marginal",48,2.8
2022,Alberta,,"Males, 65 years and over","Food insecure, moderate or severe",48,10.0
2022,Alberta,,"Males, 65 years and over","Food insecure, moderate",48,7.4
2022,Alberta,,"Males, 65 years and over","Food insecure, severe",48,2.6
2022,Alberta,,Females,Food secure,48,72.2
2022,Alberta,,Females,Food insecure,48,27.8
2022,Alberta,,Females,"Food insecure, marginal",48,7.2
2022,Alberta,,Females,"Food insecure, moderate or severe",48,20.6
2022,Alberta,,Females,"Food insecure, moderate",48,13.1
2022,Alberta,,Females,"Food insecure, severe",48,7.5
2022,Alberta,,"Females, under 18 years",Food secure,48,68.7
2022,Alberta,,"Females, under 18 years",Food insecure,48,31.3
2022,Alberta,,"Females, under 18 years","Food insecure, marginal",48,9.9
2022,Alberta,,"Females, under 18 years","Food insecure, moderate or severe",48,21.4
2022,Alberta,,"Females, under 18 years","Food insecure, moderate",48,14.0
2022,Alberta,,"Females, under 18 years","Food insecure, severe",48,7.3
2022,Alberta,,"Females, 18 to 64 years",Food secure,48,70.2
2022,Alberta,,"Females, 18 to 64 years",Food insecure,48,29.8
2022,Alberta,,"Females, 18 to 64 years","Food insecure, marginal",48,7.1
2022,Alberta,,"Females, 18 to 64 years","Food insecure, moderate or severe",48,22.8
2022,Alberta,,"Females, 18 to 64 years","Food insecure, moderate",48,14.1
2022,Alberta,,"Females, 18 to 64 years","Food insecure, severe",48,8.7
2022,Alberta,,"Females, 65 years and over",Food secure,48,85.0
2022,Alberta,,"Females, 65 years and over",Food insecure,48,15.0
2022,Alberta,,"Females, 65 years and over","Food insecure, marginal",48,3.8
2022,Alberta,,"Females, 65 years and over","Food insecure, moderate or severe",48,11.2
2022,Alberta,,"Females, 65 years and over","Food insecure, moderate",48,7.7
2022,Alberta,,"Females, 65 years and over","Food insecure, severe",48,3.4
2022,Alberta,,Visible minority population,Food secure,48,71.9
2022,Alberta,,Visible minority population,Food insecure,48,28.1
2022,Alberta,,Visible minority population,"Food insecure, marginal",48,6.6
2022,Alberta,,Visible minority population,"Food insecure, moderate or severe",48,21.5
2022,Alberta,,Visible minority population,"Food insecure, moderate",48,15.2
2022,Alberta,,Visible minority population,"Food insecure, severe",48,6.3
2022,Alberta,,South Asian,Food secure,48,65.7
2022,Alberta,,South Asian,Food insecure,48,34.3
2022,Alberta,,South Asian,"Food insecure, marginal",48,
2022,Alberta,,South Asian,"Food insecure, moderate or severe",48,
2022,Alberta,,South Asian,"Food insecure, moderate",48,13.6
2022,Alberta,,South Asian,"Food insecure, severe",48,
2022,Alberta,,Chinese,Food secure,48,76.9
2022,Alberta,,Chinese,Food insecure,48,23.1
2022,Alberta,,Chinese,"Food insecure, marginal",48,
2022,Alberta,,Chinese,"Food insecure, moderate or severe",48,16.8
2022,Alberta,,Chinese,"Food insecure, moderate",48,
2022,Alberta,,Chinese,"Food insecure, severe",48,
2022,Alberta,,Black,Food secure,48,59.7
2022,Alberta,,Black,Food insecure,48,40.3
2022,Alberta,,Black,"Food insecure, marginal",48,
2022,Alberta,,Black,"Food insecure, moderate or severe",48,34.7
2022,Alberta,,Black,"Food insecure, moderate",48,
2022,Alberta,,Black,"Food insecure, severe",48,
2022,Alberta,,Filipino,Food secure,48,78.6
2022,Alberta,,Filipino,Food insecure,48,
2022,Alberta,,Filipino,"Food insecure, marginal",48,
2022,Alberta,,Filipino,"Food insecure, moderate or severe",48,
2022,Alberta,,Filipino,"Food insecure, moderate",48,
2022,Alberta,,Filipino,"Food insecure, severe",48,
2022,Alberta,,Arab,Food secure,48,77.8
2022,Alberta,,Arab,Food insecure,48,
2022,Alberta,,Arab,"Food insecure, marginal",48,
2022,Alberta,,Arab,"Food insecure, moderate or severe",48,
2022,Alberta,,Arab,"Food insecure, moderate",48,
2022,Alberta,,Arab,"Food insecure, severe",48,
2022,Alberta,,Latin American,Food secure,48,65.6
2022,Alberta,,Latin American,Food insecure,48,
2022,Alberta,,Latin American,"Food insecure, marginal",48,
2022,Alberta,,Latin American,"Food insecure, moderate or severe",48,
2022,Alberta,,Latin American,"Food insecure, moderate",48,
2022,Alberta,,Latin American,"Food insecure, severe",48,
2022,Alberta,,Southeast Asian,Food secure,48,71.9
2022,Alberta,,Southeast Asian,Food insecure,48,
2022,Alberta,,Southeast Asian,"Food insecure, marginal",48,
2022,Alberta,,Southeast Asian,"Food insecure, moderate or severe",48,
2022,Alberta,,Southeast Asian,"Food insecure, moderate",48,
2022,Alberta,,Southeast Asian,"Food insecure, severe",48,
2022,Alberta,,Other visible minority,Food secure,48,73.5
2022,Alberta,,Other visible minority,Food insecure,48,26.5
2022,Alberta,,Other visible minority,"Food insecure, marginal",48,
2022,Alberta,,Other visible minority,"Food insecure, moderate or severe",48,
2022,Alberta,,Other visible minority,"Food insecure, moderate",48,
2022,Alberta,,Other visible minority,"Food insecure, severe",48,
2022,Alberta,,Not a visible minority,Food secure,48,72.8
2022,Alberta,,Not a visible minority,Food insecure,48,27.2
2022,Alberta,,Not a visible minority,"Food insecure, marginal",48,7.2
2022,Alberta,,Not a visible minority,"Food insecure, moderate or severe",48,20.0
2022,Alberta,,Not a visible minority,"Food insecure, moderate",48,11.2
2022,Alberta,,Not a visible minority,"Food insecure, severe",48,8.8
2022,Alberta,,Indigenous population,Food secure,48,59.8
2022,Alberta,,Indigenous population,Food insecure,48,40.2
2022,Alberta,,Indigenous population,"Food insecure, marginal",48,14.2
2022,Alberta,,Indigenous population,"Food insecure, moderate or severe",48,26.1
2022,Alberta,,Indigenous population,"Food insecure, moderate",48,11.1
2022,Alberta,,Indigenous population,"Food insecure, severe",48,14.9
2022,Alberta,,Non-Indigenous population,Food secure,48,73.1
2022,Alberta,,Non-Indigenous population,Food insecure,48,26.9
2022,Alberta,,Non-Indigenous population,"Food insecure, marginal",48,6.7
2022,Alberta,,Non-Indigenous population,"Food insecure, moderate or severe",48,20.2
2022,Alberta,,Non-Indigenous population,"Food insecure, moderate",48,12.5
2022,Alberta,,Non-Indigenous population,"Food insecure, severe",48,7.7
2022,Alberta,,Not a visible minority nor Indigenous,Food secure,48,73.7
2022,Alberta,,Not a visible minority nor Indigenous,Food insecure,48,26.3
2022,Alberta,,Not a visible minority nor Indigenous,"Food insecure, marginal",48,6.7
2022,Alberta,,Not a visible minority nor Indigenous,"Food insecure, moderate or severe",48,19.6
2022,Alberta,,Not a visible minority nor Indigenous,"Food insecure, moderate",48,11.2
2022,Alberta,,Not a visible minority nor Indigenous,"Food insecure, severe",48,8.4
2022,Alberta,,All persons aged 15 years and over,Food secure,48,73.2
2022,Alberta,,All persons aged 15 years and over,Food insecure,48,26.8
2022,Alberta,,All persons aged 15 years and over,"Food insecure, marginal",48,6.7
2022,Alberta,,All persons aged 15 years and over,"Food insecure, moderate or severe",48,20.1
2022,Alberta,,All persons aged 15 years and over,"Food insecure, moderate",48,11.9
2022,Alberta,,All persons aged 15 years and over,"Food insecure, severe",48,8.2
2022,Alberta,,Indigenous population aged 15 years and over,Food secure,48,57.1
2022,Alberta,,Indigenous population aged 15 years and over,Food insecure,48,42.9
2022,Alberta,,Indigenous population aged 15 years and over,"Food insecure, marginal",48,13.2
2022,Alberta,,Indigenous population aged 15 years and over,"Food insecure, moderate or severe",48,29.7
2022,Alberta,,Indigenous population aged 15 years and over,"Food insecure, moderate",48,11.5
2022,Alberta,,Indigenous population aged 15 years and over,"Food insecure, severe",48,18.2
2022,Alberta,,First Nations aged 15 years and over,Food secure,48,53.4
2022,Alberta,,First Nations aged 15 years and over,Food insecure,48,46.6
2022,Alberta,,First Nations aged 15 years and over,"Food insecure, marginal",48,
2022,Alberta,,First Nations aged 15 years and over,"Food insecure, moderate or severe",48,26.7
2022,Alberta,,First Nations aged 15 years and over,"Food insecure, moderate",48,
2022,Alberta,,First Nations aged 15 years and over,"Food insecure, severe",48,
2022,Alberta,,Métis aged 15 years and over,Food secure,48,59.3
2022,Alberta,,Métis aged 15 years and over,Food insecure,48,40.7
2022,Alberta,,Métis aged 15 years and over,"Food insecure, marginal",48,
2022,Alberta,,Métis aged 15 years and over,"Food insecure, moderate or severe",48,30.6
2022,Alberta,,Métis aged 15 years and over,"Food insecure, moderate",48,13.2
2022,Alberta,,Métis aged 15 years and over,"Food insecure, severe",48,17.4
2022,Alberta,,Non-Indigenous population aged 15 years and over,Food secure,48,73.8
2022,Alberta,,Non-Indigenous population aged 15 years and over,Food insecure,48,26.2
2022,Alberta,,Non-Indigenous population aged 15 years and over,"Food insecure, marginal",48,6.5
2022,Alberta,,Non-Indigenous population aged 15 years and over,"Food insecure, moderate or severe",48,19.7
2022,Alberta,,Non-Indigenous population aged 15 years and over,"Food insecure, moderate",48,11.9
2022,Alberta,,Non-Indigenous population aged 15 years and over,"Food insecure, severe",48,7.8
2022,Alberta,,Immigrants aged 15 years and over,Food secure,48,75.4
2022,Alberta,,Immigrants aged 15 years and over,Food insecure,48,24.6
2022,Alberta,,Immigrants aged 15 years and over,"Food insecure, marginal",48,5.8
2022,Alberta,,Immigrants aged 15 years and over,"Food insecure, moderate or severe",48,18.8
2022,Alberta,,Immigrants aged 15 years and over,"Food insecure, moderate",48,13.2
2022,Alberta,,Immigrants aged 15 years and over,"Food insecure, severe",48,5.6
2022,Alberta,,Recent immigrants (10 years or less) aged 15 years and over,Food secure,48,72.7
2022,Alberta,,Recent immigrants (10 years or less) aged 15 years and over,Food insecure,48,27.3
2022,Alberta,,Recent immigrants (10 years or less) aged 15 years and over,"Food insecure, marginal",48,4.4
2022,Alberta,,Recent immigrants (10 years or less) aged 15 years and over,"Food insecure, moderate or severe",48,22.9
2022,Alberta,,Recent immigrants (10 years or less) aged 15 years and over,"Food insecure, moderate",48,15.9
2022,Alberta,,Recent immigrants (10 years or less) aged 15 years and over,"Food insecure, severe",48,
2022,Alberta,,Very recent immigrants (5 years or less) aged 15 years and over,Food secure,48,77.8
2022,Alberta,,Very recent immigrants (5 years or less) aged 15 years and over,Food insecure,48,22.2
2022,Alberta,,Very recent immigrants (5 years or less) aged 15 years and over,"Food insecure, marginal",48,
2022,Alberta,,Very recent immigrants (5 years or less) aged 15 years and over,"Food insecure, moderate or severe",48,
2022,Alberta,,Very recent immigrants (5 years or less) aged 15 years and over,"Food insecure, moderate",48,
2022,Alberta,,Very recent immigrants (5 years or less) aged 15 years and over,"Food insecure, severe",48,
2022,Alberta,,Persons aged 15 years and over born in Canada,Food secure,48,72.5
2022,Alberta,,Persons aged 15 years and over born in Canada,Food insecure,48,27.5
2022,Alberta,,Persons aged 15 years and over born in Canada,"Food insecure, marginal",48,7.1
2022,Alberta,,Persons aged 15 years and over born in Canada,"Food insecure, moderate or severe",48,20.4
2022,Alberta,,Persons aged 15 years and over born in Canada,"Food insecure, moderate",48,10.9
2022,Alberta,,Persons aged 15 years and over born in Canada,"Food insecure, severe",48,9.5
2022,British Columbia,,All persons,Food secure,59,78.2
2022,British Columbia,,All persons,Food insecure,59,21.8
2022,British Columbia,,All persons,"Food insecure, marginal",59,6.2
2022,British Columbia,,All persons,"Food insecure, moderate or severe",59,15.6
2022,British Columbia,,All persons,"Food insecure, moderate",59,9.8
2022,British Columbia,,All persons,"Food insecure, severe",59,5.8
2022,British Columbia,,Persons under 18 years,Food secure,59,71.2
2022,British Columbia,,Persons under 18 years,Food insecure,59,28.8
2022,British Columbia,,Persons under 18 years,"Food insecure, marginal",59,8.7
2022,British Columbia,,Persons under 18 years,"Food insecure, moderate or severe",59,20.1
2022,British Columbia,,Persons under 18 years,"Food insecure, moderate",59,13.2
2022,British Columbia,,Persons under 18 years,"Food insecure, severe",59,6.9
2022,British Columbia,,Persons 18 to 64 years,Food secure,59,77.0
2022,British Columbia,,Persons 18 to 64 years,Food insecure,59,23.0
2022,British Columbia,,Persons 18 to 64 years,"Food insecure, marginal",59,6.2
2022,British Columbia,,Persons 18 to 64 years,"Food insecure, moderate or severe",59,16.8
2022,British Columbia,,Persons 18 to 64 years,"Food insecure, moderate",59,10.5
2022,British Columbia,,Persons 18 to 64 years,"Food insecure, severe",59,6.4
2022,British Columbia,,Persons 18 to 24 years,Food secure,59,73.3
2022,British Columbia,,Persons 18 to 24 years,Food insecure,59,26.7
2022,British Columbia,,Persons 18 to 24 years,"Food insecure, marginal",59,7.5
2022,British Columbia,,Persons 18 to 24 years,"Food insecure, moderate or severe",59,19.2
2022,British Columbia,,Persons 18 to 24 years,"Food insecure, moderate",59,11.4
2022,British Columbia,,Persons 18 to 24 years,"Food insecure, severe",59,7.8
2022,British Columbia,,Persons 25 to 34 years,Food secure,59,76.2
2022,British Columbia,,Persons 25 to 34 years,Food insecure,59,23.8
2022,British Columbia,,Persons 25 to 34 years,"Food insecure, marginal",59,6.4
2022,British Columbia,,Persons 25 to 34 years,"Food insecure, moderate or severe",59,17.4
2022,British Columbia,,Persons 25 to 34 years,"Food insecure, moderate",59,11.6
2022,British Columbia,,Persons 25 to 34 years,"Food insecure, severe",59,5.7
2022,British Columbia,,Persons 35 to 44 years,Food secure,59,75.7
2022,British Columbia,,Persons 35 to 44 years,Food insecure,59,24.3
2022,British Columbia,,Persons 35 to 44 years,"Food insecure, marginal",59,6.4
2022,British Columbia,,Persons 35 to 44 years,"Food insecure, moderate or severe",59,17.9
2022,British Columbia,,Persons 35 to 44 years,"Food insecure, moderate",59,12.4
2022,British Columbia,,Persons 35 to 44 years,"Food insecure, severe",59,5.5
2022,British Columbia,,Persons 45 to 54 years,Food secure,59,77.1
2022,British Columbia,,Persons 45 to 54 years,Food insecure,59,22.9
2022,British Columbia,,Persons 45 to 54 years,"Food insecure, marginal",59,5.9
2022,British Columbia,,Persons 45 to 54 years,"Food insecure, moderate or severe",59,17.0
2022,British Columbia,,Persons 45 to 54 years,"Food insecure, moderate",59,9.8
2022,British Columbia,,Persons 45 to 54 years,"Food insecure, severe",59,7.2
2022,British Columbia,,Persons 55 to 64 years,Food secure,59,81.1
2022,British Columbia,,Persons 55 to 64 years,Food insecure,59,18.9
2022,British Columbia,,Persons 55 to 64 years,"Food insecure, marginal",59,5.3
2022,British Columbia,,Persons 55 to 64 years,"Food insecure, moderate or severe",59,13.6
2022,British Columbia,,Persons 55 to 64 years,"Food insecure, moderate",59,7.3
2022,British Columbia,,Persons 55 to 64 years,"Food insecure, severe",59,6.3
2022,British Columbia,,Persons 65 years and over,Food secure,59,87.9
2022,British Columbia,,Persons 65 years and over,Food insecure,59,12.1
2022,British Columbia,,Persons 65 years and over,"Food insecure, marginal",59,4.2
2022,British Columbia,,Persons 65 years and over,"Food insecure, moderate or severe",59,7.8
2022,British Columbia,,Persons 65 years and over,"Food insecure, moderate",59,5.0
2022,British Columbia,,Persons 65 years and over,"Food insecure, severe",59,2.9
2022,British Columbia,,Males,Food secure,59,79.3
2022,British Columbia,,Males,Food insecure,59,20.7
2022,British Columbia,,Males,"Food insecure, marginal",59,6.0
2022,British Columbia,,Males,"Food insecure, moderate or severe",59,14.7
2022,British Columbia,,Males,"Food insecure, moderate",59,9.3
2022,British Columbia,,Males,"Food insecure, severe",59,5.4
2022,British Columbia,,"Males, under 18 years",Food secure,59,73.2
2022,British Columbia,,"Males, under 18 years",Food insecure,59,26.8
2022,British Columbia,,"Males, under 18 years","Food insecure, marginal",59,7.6
2022,British Columbia,,"Males, under 18 years","Food insecure, moderate or severe",59,19.2
2022,British Columbia,,"Males, under 18 years","Food insecure, moderate",59,12.4
2022,British Columbia,,"Males, under 18 years","Food insecure, severe",59,6.8
2022,British Columbia,,"Males, 18 to 64 years",Food secure,59,78.1
2022,British Columbia,,"Males, 18 to 64 years",Food insecure,59,21.9
2022,British Columbia,,"Males, 18 to 64 years","Food insecure, marginal",59,6.1
2022,British Columbia,,"Males, 18 to 64 years","Food insecure, moderate or severe",59,15.8
2022,British Columbia,,"Males, 18 to 64 years","Food insecure, moderate",59,9.8
2022,British Columbia,,"Males, 18 to 64 years","Food insecure, severe",59,5.9
2022,British Columbia,,"Males, 65 years and over",Food secure,59,89.1
2022,British Columbia,,"Males, 65 years and over",Food insecure,59,10.9
2022,British Columbia,,"Males, 65 years and over","Food insecure, marginal",59,3.9
2022,British Columbia,,"Males, 65 years and over","Food insecure, moderate or severe",59,7.0
2022,British Columbia,,"Males, 65 years and over","Food insecure, moderate",59,4.6
2022,British Columbia,,"Males, 65 years and over","Food insecure, severe",59,2.4
2022,British Columbia,,Females,Food secure,59,77.1
2022,British Columbia,,Females,Food insecure,59,22.9
2022,British Columbia,,Females,"Food insecure, marginal",59,6.5
2022,British Columbia,,Females,"Food insecure, moderate or severe",59,16.5
2022,British Columbia,,Females,"Food insecure, moderate",59,10.3
2022,British Columbia,,Females,"Food insecure, severe",59,6.1
2022,British Columbia,,"Females, under 18 years",Food secure,59,69.1
2022,British Columbia,,"Females, under 18 years",Food insecure,59,30.9
2022,British Columbia,,"Females, under 18 years","Food insecure, marginal",59,9.8
2022,British Columbia,,"Females, under 18 years","Food insecure, moderate or severe",59,21.1
2022,British Columbia,,"Females, under 18 years","Food insecure, moderate",59,14.0
2022,British Columbia,,"Females, under 18 years","Food insecure, severe",59,7.1
2022,British Columbia,,"Females, 18 to 64 years",Food secure,59,75.9
2022,British Columbia,,"Females, 18 to 64 years",Food insecure,59,24.1
2022,British Columbia,,"Females, 18 to 64 years","Food insecure, marginal",59,6.3
2022,British Columbia,,"Females, 18 to 64 years","Food insecure, moderate or severe",59,17.9
2022,British Columbia,,"Females, 18 to 64 years","Food insecure, moderate",59,11.1
2022,British Columbia,,"Females, 18 to 64 years","Food insecure, severe",59,6.8
2022,British Columbia,,"Females, 65 years and over",Food secure,59,86.8
2022,British Columbia,,"Females, 65 years and over",Food insecure,59,13.2
2022,British Columbia,,"Females, 65 years and over","Food insecure, marginal",59,4.6
2022,British Columbia,,"Females, 65 years and over","Food insecure, moderate or severe",59,8.6
2022,British Columbia,,"Females, 65 years and over","Food insecure, moderate",59,5.3
2022,British Columbia,,"Females, 65 years and over","Food insecure, severe",59,3.3
2022,British Columbia,,Visible minority population,Food secure,59,76.7
2022,British Columbia,,Visible minority population,Food insecure,59,23.3
2022,British Columbia,,Visible minority population,"Food insecure, marginal",59,7.5
2022,British Columbia,,Visible minority population,"Food insecure, moderate or severe",59,15.8
2022,British Columbia,,Visible minority population,"Food insecure, moderate",59,11.5
2022,British Columbia,,Visible minority population,"Food insecure, severe",59,4.4
2022,British Columbia,,South Asian,Food secure,59,78.7
2022,British Columbia,,South Asian,Food insecure,59,21.3
2022,British Columbia,,South Asian,"Food insecure, marginal",59,
2022,British Columbia,,South Asian,"Food insecure, moderate or severe",59,15.9
2022,British Columbia,,South Asian,"Food insecure, moderate",59,12.7
2022,British Columbia,,South Asian,"Food insecure, severe",59,
2022,British Columbia,,Chinese,Food secure,59,79.7
2022,British Columbia,,Chinese,Food insecure,59,20.3
2022,British Columbia,,Chinese,"Food insecure, marginal",59,6.3
2022,British Columbia,,Chinese,"Food insecure, moderate or severe",59,13.9
2022,British Columbia,,Chinese,"Food insecure, moderate",59,11.4
2022,British Columbia,,Chinese,"Food insecure, severe",59,
2022,British Columbia,,Black,Food secure,59,60.0
2022,British Columbia,,Black,Food insecure,59,40.0
2022,British Columbia,,Black,"Food insecure, marginal",59,
2022,British Columbia,,Black,"Food insecure, moderate or severe",59,28.9
2022,British Columbia,,Black,"Food insecure, moderate",59,
2022,British Columbia,,Black,"Food insecure, severe",59,
2022,British Columbia,,Filipino,Food secure,59,69.3
2022,British Columbia,,Filipino,Food insecure,59,30.7
2022,British Columbia,,Filipino,"Food insecure, marginal",59,
2022,British Columbia,,Filipino,"Food insecure, moderate or severe",59,19.6
2022,British Columbia,,Filipino,"Food insecure, moderate",59,
2022,British Columbia,,Filipino,"Food insecure, severe",59,
2022,British Columbia,,Arab,Food secure,59,
2022,British Columbia,,Arab,Food insecure,59,
2022,British Columbia,,Arab,"Food insecure, marginal",59,
2022,British Columbia,,Arab,"Food insecure, moderate or severe",59,
2022,British Columbia,,Arab,"Food insecure, moderate",59,
2022,British Columbia,,Arab,"Food insecure, severe",59,
2022,British Columbia,,Latin American,Food secure,59,74.2
2022,British Columbia,,Latin American,Food insecure,59,25.8
2022,British Columbia,,Latin American,"Food insecure, marginal",59,
2022,British Columbia,,Latin American,"Food insecure, moderate or severe",59,16.7
2022,British Columbia,,Latin American,"Food insecure, moderate",59,
2022,British Columbia,,Latin American,"Food insecure, severe",59,
2022,British Columbia,,Southeast Asian,Food secure,59,73.3
2022,British Columbia,,Southeast Asian,Food insecure,59,26.7
2022,British Columbia,,Southeast Asian,"Food insecure, marginal",59,
2022,British Columbia,,Southeast Asian,"Food insecure, moderate or severe",59,15.3
2022,British Columbia,,Southeast Asian,"Food insecure, moderate",59,
2022,British Columbia,,Southeast Asian,"Food insecure, severe",59,
2022,British Columbia,,Other visible minority,Food secure,59,82.7
2022,British Columbia,,Other visible minority,Food insecure,59,17.3
2022,British Columbia,,Other visible minority,"Food insecure, marginal",59,
2022,British Columbia,,Other visible minority,"Food insecure, moderate or severe",59,14.4
2022,British Columbia,,Other visible minority,"Food insecure, moderate",59,9.6
2022,British Columbia,,Other visible minority,"Food insecure, severe",59,
2022,British Columbia,,Not a visible minority,Food secure,59,79.0
2022,British Columbia,,Not a visible minority,Food insecure,59,21.0
2022,British Columbia,,Not a visible minority,"Food insecure, marginal",59,5.5
2022,British Columbia,,Not a visible minority,"Food insecure, moderate or severe",59,15.5
2022,British Columbia,,Not a visible minority,"Food insecure, moderate",59,8.9
2022,British Columbia,,Not a visible minority,"Food insecure, severe",59,6.5
2022,British Columbia,,Indigenous population,Food secure,59,60.0
2022,British Columbia,,Indigenous population,Food insecure,59,40.0
2022,British Columbia,,Indigenous population,"Food insecure, marginal",59,5.6
2022,British Columbia,,Indigenous population,"Food insecure, moderate or severe",59,34.4
2022,British Columbia,,Indigenous population,"Food insecure, moderate",59,19.8
2022,British Columbia,,Indigenous population,"Food insecure, severe",59,14.6
2022,British Columbia,,Non-Indigenous population,Food secure,59,78.9
2022,British Columbia,,Non-Indigenous population,Food insecure,59,21.1
2022,British Columbia,,Non-Indigenous population,"Food insecure, marginal",59,6.3
2022,British Columbia,,Non-Indigenous population,"Food insecure, moderate or severe",59,14.8
2022,British Columbia,,Non-Indigenous population,"Food insecure, moderate",59,9.4
2022,British Columbia,,Non-Indigenous population,"Food insecure, severe",59,5.4
2022,British Columbia,,Not a visible minority nor Indigenous,Food secure,59,80.2
2022,British Columbia,,Not a visible minority nor Indigenous,Food insecure,59,19.8
2022,British Columbia,,Not a visible minority nor Indigenous,"Food insecure, marginal",59,5.5
2022,British Columbia,,Not a visible minority nor Indigenous,"Food insecure, moderate or severe",59,14.2
2022,British Columbia,,Not a visible minority nor Indigenous,"Food insecure, moderate",59,8.2
2022,British Columbia,,Not a visible minority nor Indigenous,"Food insecure, severe",59,6.0
2022,British Columbia,,All persons aged 15 years and over,Food secure,59,79.0
2022,British Columbia,,All persons aged 15 years and over,Food insecure,59,21.0
2022,British Columbia,,All persons aged 15 years and over,"Food insecure, marginal",59,5.9
2022,British Columbia,,All persons aged 15 years and over,"Food insecure, moderate or severe",59,15.2
2022,British Columbia,,All persons aged 15 years and over,"Food insecure, moderate",59,9.4
2022,British Columbia,,All persons aged 15 years and over,"Food insecure, severe",59,5.8
2022,British Columbia,,Indigenous population aged 15 years and over,Food secure,59,60.8
2022,British Columbia,,Indigenous population aged 15 years and over,Food insecure,59,39.2
2022,British Columbia,,Indigenous population aged 15 years and over,"Food insecure, marginal",59,5.4
2022,British Columbia,,Indigenous population aged 15 years and over,"Food insecure, moderate or severe",59,33.8
2022,British Columbia,,Indigenous population aged 15 years and over,"Food insecure, moderate",59,18.6
2022,British Columbia,,Indigenous population aged 15 years and over,"Food insecure, severe",59,15.2
2022,British Columbia,,First Nations aged 15 years and over,Food secure,59,55.2
2022,British Columbia,,First Nations aged 15 years and over,Food insecure,59,44.8
2022,British Columbia,,First Nations aged 15 years and over,"Food insecure, marginal",59,
2022,British Columbia,,First Nations aged 15 years and over,"Food insecure, moderate or severe",59,40.2
2022,British Columbia,,First Nations aged 15 years and over,"Food insecure, moderate",59,22.1
2022,British Columbia,,First Nations aged 15 years and over,"Food insecure, severe",59,18.0
2022,British Columbia,,Métis aged 15 years and over,Food secure,59,68.0
2022,British Columbia,,Métis aged 15 years and over,Food insecure,59,32.0
2022,British Columbia,,Métis aged 15 years and over,"Food insecure, marginal",59,
2022,British Columbia,,Métis aged 15 years and over,"Food insecure, moderate or severe",59,25.4
2022,British Columbia,,Métis aged 15 years and over,"Food insecure, moderate",59,
2022,British Columbia,,Métis aged 15 years and over,"Food insecure, severe",59,11.1
2022,British Columbia,,Non-Indigenous population aged 15 years and over,Food secure,59,79.7
2022,British Columbia,,Non-Indigenous population aged 15 years and over,Food insecure,59,20.3
2022,British Columbia,,Non-Indigenous population aged 15 years and over,"Food insecure, marginal",59,5.9
2022,British Columbia,,Non-Indigenous population aged 15 years and over,"Food insecure, moderate or severe",59,14.5
2022,British Columbia,,Non-Indigenous population aged 15 years and over,"Food insecure, moderate",59,9.0
2022,British Columbia,,Non-Indigenous population aged 15 years and over,"Food insecure, severe",59,5.4
2022,British Columbia,,Immigrants aged 15 years and over,Food secure,59,78.9
2022,British Columbia,,Immigrants aged 15 years and over,Food insecure,59,21.1
2022,British Columbia,,Immigrants aged 15 years and over,"Food insecure, marginal",59,6.3
2022,British Columbia,,Immigrants aged 15 years and over,"Food insecure, moderate or severe",59,14.8
2022,British Columbia,,Immigrants aged 15 years and over,"Food insecure, moderate",59,10.9
2022,British Columbia,,Immigrants aged 15 years and over,"Food insecure, severe",59,3.9
2022,British Columbia,,Recent immigrants (10 years or less) aged 15 years and over,Food secure,59,75.1
2022,British Columbia,,Recent immigrants (10 years or less) aged 15 years and over,Food insecure,59,24.9
2022,British Columbia,,Recent immigrants (10 years or less) aged 15 years and over,"Food insecure, marginal",59,
2022,British Columbia,,Recent immigrants (10 years or less) aged 15 years and over,"Food insecure, moderate or severe",59,17.4
2022,British Columbia,,Recent immigrants (10 years or less) aged 15 years and over,"Food insecure, moderate",59,13.0
2022,British Columbia,,Recent immigrants (10 years or less) aged 15 years and over,"Food insecure, severe",59,
2022,British Columbia,,Very recent immigrants (5 years or less) aged 15 years and over,Food secure,59,73.3
2022,British Columbia,,Very recent immigrants (5 years or less) aged 15 years and over,Food insecure,59,26.7
2022,British Columbia,,Very recent immigrants (5 years or less) aged 15 years and over,"Food insecure, marginal",59,
2022,British Columbia,,Very recent immigrants (5 years or less) aged 15 years and over,"Food insecure, moderate or severe",59,17.1
2022,British Columbia,,Very recent immigrants (5 years or less) aged 15 years and over,"Food insecure, moderate",59,13.5
2022,British Columbia,,Very recent immigrants (5 years or less) aged 15 years and over,"Food insecure, severe",59,
2022,British Columbia,,Persons aged 15 years and over born in Canada,Food secure,59,79.5
2022,British Columbia,,Persons aged 15 years and over born in Canada,Food insecure,59,20.5
2022,British Columbia,,Persons aged 15 years and over born in Canada,"Food insecure, marginal",59,5.1
2022,British Columbia,,Persons aged 15 years and over born in Canada,"Food insecure, moderate or severe",59,15.5
2022,British Columbia,,Persons aged 15 years and over born in Canada,"Food insecure, moderate",59,8.5
2022,British Columbia,,Persons aged 15 years and over born in Canada,"Food insecure, severe",59,6.9
